x1,y1,x2,y2,x3,y3,x4,y4
nan,nan,nan,nan,nan,nan,nan,nan
nan,nan,nan,nan,nan,nan,nan,nan
nan,nan,nan,nan,nan,nan,nan,nan
nan,nan,nan,nan,nan,nan,nan,nan
nan,nan,nan,nan,nan,nan,nan,nan
nan,nan,nan,nan,nan,nan,nan,nan
nan,nan,nan,nan,nan,nan,nan,nan
nan,nan,nan,nan,nan,nan,nan,nan
nan,nan,nan,nan,nan,nan,nan,nan
nan,nan,nan,nan,nan,nan,nan,nan
nan,nan,nan,nan,nan,nan,nan,nan
nan,nan,nan,nan,nan,nan,nan,nan
nan,nan,nan,nan,nan,nan,nan,nan
nan,nan,nan,nan,nan,nan,nan,nan
nan,nan,nan,nan,nan,nan,nan,nan
nan,nan,nan,nan,nan,nan,nan,nan
nan,nan,nan,nan,nan,nan,nan,nan
nan,nan,nan,nan,nan,nan,nan,nan
nan,nan,nan,nan,nan,nan,nan,nan
nan,nan,nan,nan,nan,nan,nan,nan
nan,nan,nan,nan,nan,nan,nan,nan
nan,nan,nan,nan,nan,nan,nan,nan
nan,nan,nan,nan,nan,nan,nan,nan
nan,nan,nan,nan,nan,nan,nan,nan
nan,nan,nan,nan,nan,nan,nan,nan
nan,nan,nan,nan,nan,nan,nan,nan
nan,nan,nan,nan,nan,nan,nan,nan
nan,nan,nan,nan,nan,nan,nan,nan
nan,nan,nan,nan,nan,nan,nan,nan
nan,nan,nan,nan,nan,nan,nan,nan
nan,nan,nan,nan,nan,nan,nan,nan
nan,nan,nan,nan,nan,nan,nan,nan
nan,nan,nan,nan,nan,nan,nan,nan
nan,nan,nan,nan,nan,nan,nan,nan
nan,nan,nan,nan,nan,nan,nan,nan
nan,nan,nan,nan,nan,nan,nan,nan
nan,nan,nan,nan,nan,nan,nan,nan
nan,nan,nan,nan,nan,nan,nan,nan
nan,nan,nan,nan,nan,nan,nan,nan
nan,nan,nan,nan,nan,nan,nan,nan
nan,nan,nan,nan,nan,nan,nan,nan
nan,nan,nan,nan,nan,nan,nan,nan
nan,nan,nan,nan,nan,nan,nan,nan
nan,nan,nan,nan,nan,nan,nan,nan
nan,nan,nan,nan,nan,nan,nan,nan
nan,nan,nan,nan,nan,nan,nan,nan
nan,nan,nan,nan,nan,nan,nan,nan
nan,nan,nan,nan,nan,nan,nan,nan
nan,nan,nan,nan,nan,nan,nan,nan
nan,nan,nan,nan,nan,nan,nan,nan
nan,nan,nan,nan,nan,nan,nan,nan
nan,nan,nan,nan,nan,nan,nan,nan
nan,nan,nan,nan,nan,nan,nan,nan
nan,nan,nan,nan,nan,nan,nan,nan
nan,nan,nan,nan,nan,nan,nan,nan
nan,nan,nan,nan,nan,nan,nan,nan
nan,nan,nan,nan,nan,nan,nan,nan
nan,nan,nan,nan,nan,nan,nan,nan
nan,nan,nan,nan,nan,nan,nan,nan
nan,nan,nan,nan,nan,nan,nan,nan
nan,nan,nan,nan,nan,nan,nan,nan
nan,nan,nan,nan,nan,nan,nan,nan
nan,nan,nan,nan,nan,nan,nan,nan
nan,nan,nan,nan,nan,nan,nan,nan
nan,nan,nan,nan,nan,nan,nan,nan
nan,nan,nan,nan,nan,nan,nan,nan
nan,nan,nan,nan,nan,nan,nan,nan
nan,nan,nan,nan,nan,nan,nan,nan
nan,nan,nan,nan,nan,nan,nan,nan
nan,nan,nan,nan,nan,nan,nan,nan
nan,nan,nan,nan,nan,nan,nan,nan
nan,nan,nan,nan,nan,nan,nan,nan
nan,nan,nan,nan,nan,nan,nan,nan
nan,nan,nan,nan,nan,nan,nan,nan
nan,nan,nan,nan,nan,nan,nan,nan
nan,nan,nan,nan,nan,nan,nan,nan
nan,nan,nan,nan,nan,nan,nan,nan
nan,nan,nan,nan,nan,nan,nan,nan
nan,nan,nan,nan,nan,nan,nan,nan
nan,nan,nan,nan,nan,nan,nan,nan
nan,nan,nan,nan,nan,nan,nan,nan
nan,nan,nan,nan,nan,nan,nan,nan
nan,nan,nan,nan,nan,nan,nan,nan
nan,nan,nan,nan,nan,nan,nan,nan
nan,nan,nan,nan,nan,nan,nan,nan
nan,nan,nan,nan,nan,nan,nan,nan
nan,nan,nan,nan,nan,nan,nan,nan
nan,nan,nan,nan,nan,nan,nan,nan
nan,nan,nan,nan,nan,nan,nan,nan
nan,nan,nan,nan,nan,nan,nan,nan
nan,nan,nan,nan,nan,nan,nan,nan
nan,nan,nan,nan,nan,nan,nan,nan
nan,nan,nan,nan,nan,nan,nan,nan
nan,nan,nan,nan,nan,nan,nan,nan
nan,nan,nan,nan,nan,nan,nan,nan
nan,nan,nan,nan,nan,nan,nan,nan
nan,nan,nan,nan,nan,nan,nan,nan
nan,nan,nan,nan,nan,nan,nan,nan
nan,nan,nan,nan,nan,nan,nan,nan
nan,nan,nan,nan,nan,nan,nan,nan
nan,nan,nan,nan,nan,nan,nan,nan
nan,nan,nan,nan,nan,nan,nan,nan
nan,nan,nan,nan,nan,nan,nan,nan
nan,nan,nan,nan,nan,nan,nan,nan
nan,nan,nan,nan,nan,nan,nan,nan
nan,nan,nan,nan,nan,nan,nan,nan
nan,nan,nan,nan,nan,nan,nan,nan
nan,nan,nan,nan,nan,nan,nan,nan
nan,nan,nan,nan,nan,nan,nan,nan
nan,nan,nan,nan,nan,nan,nan,nan
nan,nan,nan,nan,nan,nan,nan,nan
nan,nan,nan,nan,nan,nan,nan,nan
nan,nan,nan,nan,nan,nan,nan,nan
nan,nan,nan,nan,nan,nan,nan,nan
nan,nan,nan,nan,nan,nan,nan,nan
nan,nan,nan,nan,nan,nan,nan,nan
nan,nan,nan,nan,nan,nan,nan,nan
nan,nan,nan,nan,nan,nan,nan,nan
nan,nan,nan,nan,nan,nan,nan,nan
nan,nan,nan,nan,nan,nan,nan,nan
nan,nan,nan,nan,nan,nan,nan,nan
nan,nan,nan,nan,nan,nan,nan,nan
nan,nan,nan,nan,nan,nan,nan,nan
nan,nan,nan,nan,nan,nan,nan,nan
nan,nan,nan,nan,nan,nan,nan,nan
nan,nan,nan,nan,nan,nan,nan,nan
nan,nan,nan,nan,nan,nan,nan,nan
nan,nan,nan,nan,nan,nan,nan,nan
nan,nan,nan,nan,nan,nan,nan,nan
nan,nan,nan,nan,nan,nan,nan,nan
nan,nan,nan,nan,nan,nan,nan,nan
nan,nan,nan,nan,nan,nan,nan,nan
nan,nan,nan,nan,nan,nan,nan,nan
nan,nan,nan,nan,nan,nan,nan,nan
nan,nan,nan,nan,nan,nan,nan,nan
nan,nan,nan,nan,nan,nan,nan,nan
nan,nan,nan,nan,nan,nan,nan,nan
nan,nan,nan,nan,nan,nan,nan,nan
nan,nan,nan,nan,nan,nan,nan,nan
nan,nan,nan,nan,nan,nan,nan,nan
nan,nan,nan,nan,nan,nan,nan,nan
nan,nan,nan,nan,nan,nan,nan,nan
nan,nan,nan,nan,nan,nan,nan,nan
nan,nan,nan,nan,nan,nan,nan,nan
nan,nan,nan,nan,nan,nan,nan,nan
nan,nan,nan,nan,nan,nan,nan,nan
nan,nan,nan,nan,nan,nan,nan,nan
nan,nan,nan,nan,nan,nan,nan,nan
nan,nan,nan,nan,nan,nan,nan,nan
nan,nan,nan,nan,nan,nan,nan,nan
nan,nan,nan,nan,nan,nan,nan,nan
nan,nan,nan,nan,nan,nan,nan,nan
nan,nan,nan,nan,nan,nan,nan,nan
nan,nan,nan,nan,nan,nan,nan,nan
nan,nan,nan,nan,nan,nan,nan,nan
nan,nan,nan,nan,nan,nan,nan,nan
nan,nan,nan,nan,nan,nan,nan,nan
nan,nan,nan,nan,nan,nan,nan,nan
nan,nan,nan,nan,nan,nan,nan,nan
nan,nan,nan,nan,nan,nan,nan,nan
nan,nan,nan,nan,nan,nan,nan,nan
nan,nan,nan,nan,nan,nan,nan,nan
nan,nan,nan,nan,nan,nan,nan,nan
nan,nan,nan,nan,nan,nan,nan,nan
nan,nan,nan,nan,nan,nan,nan,nan
nan,nan,nan,nan,nan,nan,nan,nan
nan,nan,nan,nan,nan,nan,nan,nan
nan,nan,nan,nan,nan,nan,nan,nan
nan,nan,nan,nan,nan,nan,nan,nan
nan,nan,nan,nan,nan,nan,nan,nan
nan,nan,nan,nan,nan,nan,nan,nan
nan,nan,nan,nan,nan,nan,nan,nan
nan,nan,nan,nan,nan,nan,nan,nan
nan,nan,nan,nan,nan,nan,nan,nan
nan,nan,nan,nan,nan,nan,nan,nan
nan,nan,nan,nan,nan,nan,nan,nan
nan,nan,nan,nan,nan,nan,nan,nan
nan,nan,nan,nan,nan,nan,nan,nan
nan,nan,nan,nan,nan,nan,nan,nan
nan,nan,nan,nan,nan,nan,nan,nan
nan,nan,nan,nan,nan,nan,nan,nan
nan,nan,nan,nan,nan,nan,nan,nan
nan,nan,nan,nan,nan,nan,nan,nan
nan,nan,nan,nan,nan,nan,nan,nan
nan,nan,nan,nan,nan,nan,nan,nan
nan,nan,nan,nan,nan,nan,nan,nan
nan,nan,nan,nan,nan,nan,nan,nan
nan,nan,nan,nan,nan,nan,nan,nan
nan,nan,nan,nan,nan,nan,nan,nan
nan,nan,nan,nan,nan,nan,nan,nan
nan,nan,nan,nan,nan,nan,nan,nan
nan,nan,nan,nan,nan,nan,nan,nan
nan,nan,nan,nan,nan,nan,nan,nan
nan,nan,nan,nan,nan,nan,nan,nan
nan,nan,nan,nan,nan,nan,nan,nan
nan,nan,nan,nan,nan,nan,nan,nan
nan,nan,nan,nan,nan,nan,nan,nan
nan,nan,nan,nan,nan,nan,nan,nan
nan,nan,nan,nan,nan,nan,nan,nan
nan,nan,nan,nan,nan,nan,nan,nan
nan,nan,nan,nan,nan,nan,nan,nan
nan,nan,nan,nan,nan,nan,nan,nan
nan,nan,nan,nan,nan,nan,nan,nan
nan,nan,nan,nan,nan,nan,nan,nan
nan,nan,nan,nan,nan,nan,nan,nan
nan,nan,nan,nan,nan,nan,nan,nan
nan,nan,nan,nan,nan,nan,nan,nan
nan,nan,nan,nan,nan,nan,nan,nan
nan,nan,nan,nan,nan,nan,nan,nan
nan,nan,nan,nan,nan,nan,nan,nan
nan,nan,nan,nan,nan,nan,nan,nan
nan,nan,nan,nan,nan,nan,nan,nan
nan,nan,nan,nan,nan,nan,nan,nan
nan,nan,nan,nan,nan,nan,nan,nan
nan,nan,nan,nan,nan,nan,nan,nan
nan,nan,nan,nan,nan,nan,nan,nan
nan,nan,nan,nan,nan,nan,nan,nan
nan,nan,nan,nan,nan,nan,nan,nan
nan,nan,nan,nan,nan,nan,nan,nan
nan,nan,nan,nan,nan,nan,nan,nan
nan,nan,nan,nan,nan,nan,nan,nan
nan,nan,nan,nan,nan,nan,nan,nan
nan,nan,nan,nan,nan,nan,nan,nan
nan,nan,nan,nan,nan,nan,nan,nan
nan,nan,nan,nan,nan,nan,nan,nan
nan,nan,nan,nan,nan,nan,nan,nan
nan,nan,nan,nan,nan,nan,nan,nan
nan,nan,nan,nan,nan,nan,nan,nan
nan,nan,nan,nan,nan,nan,nan,nan
nan,nan,nan,nan,nan,nan,nan,nan
nan,nan,nan,nan,nan,nan,nan,nan
nan,nan,nan,nan,nan,nan,nan,nan
nan,nan,nan,nan,nan,nan,nan,nan
nan,nan,nan,nan,nan,nan,nan,nan
nan,nan,nan,nan,nan,nan,nan,nan
nan,nan,nan,nan,nan,nan,nan,nan
nan,nan,nan,nan,nan,nan,nan,nan
nan,nan,nan,nan,nan,nan,nan,nan
nan,nan,nan,nan,nan,nan,nan,nan
nan,nan,nan,nan,nan,nan,nan,nan
nan,nan,nan,nan,nan,nan,nan,nan
nan,nan,nan,nan,nan,nan,nan,nan
nan,nan,nan,nan,nan,nan,nan,nan
nan,nan,nan,nan,nan,nan,nan,nan
nan,nan,nan,nan,nan,nan,nan,nan
nan,nan,nan,nan,nan,nan,nan,nan
nan,nan,nan,nan,nan,nan,nan,nan
nan,nan,nan,nan,nan,nan,nan,nan
nan,nan,nan,nan,nan,nan,nan,nan
nan,nan,nan,nan,nan,nan,nan,nan
nan,nan,nan,nan,nan,nan,nan,nan
nan,nan,nan,nan,nan,nan,nan,nan
nan,nan,nan,nan,nan,nan,nan,nan
nan,nan,nan,nan,nan,nan,nan,nan
nan,nan,nan,nan,nan,nan,nan,nan
nan,nan,nan,nan,nan,nan,nan,nan
nan,nan,nan,nan,nan,nan,nan,nan
nan,nan,nan,nan,nan,nan,nan,nan
nan,nan,nan,nan,nan,nan,nan,nan
nan,nan,nan,nan,nan,nan,nan,nan
nan,nan,nan,nan,nan,nan,nan,nan
nan,nan,nan,nan,nan,nan,nan,nan
nan,nan,nan,nan,nan,nan,nan,nan
nan,nan,nan,nan,nan,nan,nan,nan
nan,nan,nan,nan,nan,nan,nan,nan
nan,nan,nan,nan,nan,nan,nan,nan
nan,nan,nan,nan,nan,nan,nan,nan
nan,nan,nan,nan,nan,nan,nan,nan
nan,nan,nan,nan,nan,nan,nan,nan
nan,nan,nan,nan,nan,nan,nan,nan
nan,nan,nan,nan,nan,nan,nan,nan
nan,nan,nan,nan,nan,nan,nan,nan
nan,nan,nan,nan,nan,nan,nan,nan
nan,nan,nan,nan,nan,nan,nan,nan
nan,nan,nan,nan,nan,nan,nan,nan
nan,nan,nan,nan,nan,nan,nan,nan
nan,nan,nan,nan,nan,nan,nan,nan
nan,nan,nan,nan,nan,nan,nan,nan
nan,nan,nan,nan,nan,nan,nan,nan
nan,nan,nan,nan,nan,nan,nan,nan
nan,nan,nan,nan,nan,nan,nan,nan
nan,nan,nan,nan,nan,nan,nan,nan
nan,nan,nan,nan,nan,nan,nan,nan
nan,nan,nan,nan,nan,nan,nan,nan
nan,nan,nan,nan,nan,nan,nan,nan
nan,nan,nan,nan,nan,nan,nan,nan
nan,nan,nan,nan,nan,nan,nan,nan
nan,nan,nan,nan,nan,nan,nan,nan
nan,nan,nan,nan,nan,nan,nan,nan
nan,nan,nan,nan,nan,nan,nan,nan
nan,nan,nan,nan,nan,nan,nan,nan
nan,nan,nan,nan,nan,nan,nan,nan
nan,nan,nan,nan,nan,nan,nan,nan
nan,nan,nan,nan,nan,nan,nan,nan
nan,nan,nan,nan,nan,nan,nan,nan
nan,nan,nan,nan,nan,nan,nan,nan
nan,nan,nan,nan,nan,nan,nan,nan
nan,nan,nan,nan,nan,nan,nan,nan
nan,nan,nan,nan,nan,nan,nan,nan
nan,nan,nan,nan,nan,nan,nan,nan
nan,nan,nan,nan,nan,nan,nan,nan
nan,nan,nan,nan,nan,nan,nan,nan
nan,nan,nan,nan,nan,nan,nan,nan
nan,nan,nan,nan,nan,nan,nan,nan
nan,nan,nan,nan,nan,nan,nan,nan
nan,nan,nan,nan,nan,nan,nan,nan
nan,nan,nan,nan,nan,nan,nan,nan
nan,nan,nan,nan,nan,nan,nan,nan
nan,nan,nan,nan,nan,nan,nan,nan
nan,nan,nan,nan,nan,nan,nan,nan
nan,nan,nan,nan,nan,nan,nan,nan
nan,nan,nan,nan,nan,nan,nan,nan
nan,nan,nan,nan,nan,nan,nan,nan
nan,nan,nan,nan,nan,nan,nan,nan
nan,nan,nan,nan,nan,nan,nan,nan
nan,nan,nan,nan,nan,nan,nan,nan
nan,nan,nan,nan,nan,nan,nan,nan
nan,nan,nan,nan,nan,nan,nan,nan
nan,nan,nan,nan,nan,nan,nan,nan
nan,nan,nan,nan,nan,nan,nan,nan
nan,nan,nan,nan,nan,nan,nan,nan
nan,nan,nan,nan,nan,nan,nan,nan
nan,nan,nan,nan,nan,nan,nan,nan
nan,nan,nan,nan,nan,nan,nan,nan
nan,nan,nan,nan,nan,nan,nan,nan
nan,nan,nan,nan,nan,nan,nan,nan
nan,nan,nan,nan,nan,nan,nan,nan
nan,nan,nan,nan,nan,nan,nan,nan
nan,nan,nan,nan,nan,nan,nan,nan
nan,nan,nan,nan,nan,nan,nan,nan
nan,nan,nan,nan,nan,nan,nan,nan
nan,nan,nan,nan,nan,nan,nan,nan
nan,nan,nan,nan,nan,nan,nan,nan
nan,nan,nan,nan,nan,nan,nan,nan
nan,nan,nan,nan,nan,nan,nan,nan
nan,nan,nan,nan,nan,nan,nan,nan
nan,nan,nan,nan,nan,nan,nan,nan
nan,nan,nan,nan,nan,nan,nan,nan
nan,nan,nan,nan,nan,nan,nan,nan
nan,nan,nan,nan,nan,nan,nan,nan
nan,nan,nan,nan,nan,nan,nan,nan
nan,nan,nan,nan,nan,nan,nan,nan
nan,nan,nan,nan,nan,nan,nan,nan
nan,nan,nan,nan,nan,nan,nan,nan
nan,nan,nan,nan,nan,nan,nan,nan
nan,nan,nan,nan,nan,nan,nan,nan
nan,nan,nan,nan,nan,nan,nan,nan
nan,nan,nan,nan,nan,nan,nan,nan
nan,nan,nan,nan,nan,nan,nan,nan
nan,nan,nan,nan,nan,nan,nan,nan
nan,nan,nan,nan,nan,nan,nan,nan
nan,nan,nan,nan,nan,nan,nan,nan
nan,nan,nan,nan,nan,nan,nan,nan
nan,nan,nan,nan,nan,nan,nan,nan
nan,nan,nan,nan,nan,nan,nan,nan
nan,nan,nan,nan,nan,nan,nan,nan
nan,nan,nan,nan,nan,nan,nan,nan
nan,nan,nan,nan,nan,nan,nan,nan
nan,nan,nan,nan,nan,nan,nan,nan
nan,nan,nan,nan,nan,nan,nan,nan
nan,nan,nan,nan,nan,nan,nan,nan
nan,nan,nan,nan,nan,nan,nan,nan
nan,nan,nan,nan,nan,nan,nan,nan
nan,nan,nan,nan,nan,nan,nan,nan
nan,nan,nan,nan,nan,nan,nan,nan
nan,nan,nan,nan,nan,nan,nan,nan
nan,nan,nan,nan,nan,nan,nan,nan
nan,nan,nan,nan,nan,nan,nan,nan
nan,nan,nan,nan,nan,nan,nan,nan
nan,nan,nan,nan,nan,nan,nan,nan
nan,nan,nan,nan,nan,nan,nan,nan
nan,nan,nan,nan,nan,nan,nan,nan
nan,nan,nan,nan,nan,nan,nan,nan
nan,nan,nan,nan,nan,nan,nan,nan
nan,nan,nan,nan,nan,nan,nan,nan
nan,nan,nan,nan,nan,nan,nan,nan
nan,nan,nan,nan,nan,nan,nan,nan
nan,nan,nan,nan,nan,nan,nan,nan
nan,nan,nan,nan,nan,nan,nan,nan
nan,nan,nan,nan,nan,nan,nan,nan
nan,nan,nan,nan,nan,nan,nan,nan
nan,nan,nan,nan,nan,nan,nan,nan
nan,nan,nan,nan,nan,nan,nan,nan
nan,nan,nan,nan,nan,nan,nan,nan
nan,nan,nan,nan,nan,nan,nan,nan
nan,nan,nan,nan,nan,nan,nan,nan
nan,nan,nan,nan,nan,nan,nan,nan
nan,nan,nan,nan,nan,nan,nan,nan
nan,nan,nan,nan,nan,nan,nan,nan
nan,nan,nan,nan,nan,nan,nan,nan
nan,nan,nan,nan,nan,nan,nan,nan
nan,nan,nan,nan,nan,nan,nan,nan
nan,nan,nan,nan,nan,nan,nan,nan
nan,nan,nan,nan,nan,nan,nan,nan
nan,nan,nan,nan,nan,nan,nan,nan
nan,nan,nan,nan,nan,nan,nan,nan
nan,nan,nan,nan,nan,nan,nan,nan
nan,nan,nan,nan,nan,nan,nan,nan
nan,nan,nan,nan,nan,nan,nan,nan
nan,nan,nan,nan,nan,nan,nan,nan
nan,nan,nan,nan,nan,nan,nan,nan
nan,nan,nan,nan,nan,nan,nan,nan
nan,nan,nan,nan,nan,nan,nan,nan
nan,nan,nan,nan,nan,nan,nan,nan
nan,nan,nan,nan,nan,nan,nan,nan
nan,nan,nan,nan,nan,nan,nan,nan
nan,nan,nan,nan,nan,nan,nan,nan
nan,nan,nan,nan,nan,nan,nan,nan
nan,nan,nan,nan,nan,nan,nan,nan
nan,nan,nan,nan,nan,nan,nan,nan
nan,nan,nan,nan,nan,nan,nan,nan
nan,nan,nan,nan,nan,nan,nan,nan
nan,nan,nan,nan,nan,nan,nan,nan
nan,nan,nan,nan,nan,nan,nan,nan
nan,nan,nan,nan,nan,nan,nan,nan
nan,nan,nan,nan,nan,nan,nan,nan
nan,nan,nan,nan,nan,nan,nan,nan
nan,nan,nan,nan,nan,nan,nan,nan
nan,nan,nan,nan,nan,nan,nan,nan
nan,nan,nan,nan,nan,nan,nan,nan
nan,nan,nan,nan,nan,nan,nan,nan
nan,nan,nan,nan,nan,nan,nan,nan
nan,nan,nan,nan,nan,nan,nan,nan
nan,nan,nan,nan,nan,nan,nan,nan
nan,nan,nan,nan,nan,nan,nan,nan
nan,nan,nan,nan,nan,nan,nan,nan
nan,nan,nan,nan,nan,nan,nan,nan
nan,nan,nan,nan,nan,nan,nan,nan
nan,nan,nan,nan,nan,nan,nan,nan
nan,nan,nan,nan,nan,nan,nan,nan
nan,nan,nan,nan,nan,nan,nan,nan
nan,nan,nan,nan,nan,nan,nan,nan
nan,nan,nan,nan,nan,nan,nan,nan
nan,nan,nan,nan,nan,nan,nan,nan
nan,nan,nan,nan,nan,nan,nan,nan
nan,nan,nan,nan,nan,nan,nan,nan
nan,nan,nan,nan,nan,nan,nan,nan
nan,nan,nan,nan,nan,nan,nan,nan
nan,nan,nan,nan,nan,nan,nan,nan
nan,nan,nan,nan,nan,nan,nan,nan
nan,nan,nan,nan,nan,nan,nan,nan
nan,nan,nan,nan,nan,nan,nan,nan
nan,nan,nan,nan,nan,nan,nan,nan
nan,nan,nan,nan,nan,nan,nan,nan
nan,nan,nan,nan,nan,nan,nan,nan
nan,nan,nan,nan,nan,nan,nan,nan
nan,nan,nan,nan,nan,nan,nan,nan
nan,nan,nan,nan,nan,nan,nan,nan
nan,nan,nan,nan,nan,nan,nan,nan
nan,nan,nan,nan,nan,nan,nan,nan
nan,nan,nan,nan,nan,nan,nan,nan
nan,nan,nan,nan,nan,nan,nan,nan
nan,nan,nan,nan,nan,nan,nan,nan
nan,nan,nan,nan,nan,nan,nan,nan
nan,nan,nan,nan,nan,nan,nan,nan
nan,nan,nan,nan,nan,nan,nan,nan
nan,nan,nan,nan,nan,nan,nan,nan
nan,nan,nan,nan,nan,nan,nan,nan
nan,nan,nan,nan,nan,nan,nan,nan
nan,nan,nan,nan,nan,nan,nan,nan
nan,nan,nan,nan,nan,nan,nan,nan
nan,nan,nan,nan,nan,nan,nan,nan
nan,nan,nan,nan,nan,nan,nan,nan
nan,nan,nan,nan,nan,nan,nan,nan
nan,nan,nan,nan,nan,nan,nan,nan
nan,nan,nan,nan,nan,nan,nan,nan
nan,nan,nan,nan,nan,nan,nan,nan
nan,nan,nan,nan,nan,nan,nan,nan
nan,nan,nan,nan,nan,nan,nan,nan
nan,nan,nan,nan,nan,nan,nan,nan
nan,nan,nan,nan,nan,nan,nan,nan
nan,nan,nan,nan,nan,nan,nan,nan
nan,nan,nan,nan,nan,nan,nan,nan
nan,nan,nan,nan,nan,nan,nan,nan
nan,nan,nan,nan,nan,nan,nan,nan
nan,nan,nan,nan,nan,nan,nan,nan
nan,nan,nan,nan,nan,nan,nan,nan
nan,nan,nan,nan,nan,nan,nan,nan
nan,nan,nan,nan,nan,nan,nan,nan
nan,nan,nan,nan,nan,nan,nan,nan
nan,nan,nan,nan,nan,nan,nan,nan
nan,nan,nan,nan,nan,nan,nan,nan
nan,nan,nan,nan,nan,nan,nan,nan
nan,nan,nan,nan,nan,nan,nan,nan
nan,nan,nan,nan,nan,nan,nan,nan
nan,nan,nan,nan,nan,nan,nan,nan
nan,nan,nan,nan,nan,nan,nan,nan
nan,nan,nan,nan,nan,nan,nan,nan
nan,nan,nan,nan,nan,nan,nan,nan
nan,nan,nan,nan,nan,nan,nan,nan
nan,nan,nan,nan,nan,nan,nan,nan
nan,nan,nan,nan,nan,nan,nan,nan
nan,nan,nan,nan,nan,nan,nan,nan
nan,nan,nan,nan,nan,nan,nan,nan
nan,nan,nan,nan,nan,nan,nan,nan
nan,nan,nan,nan,nan,nan,nan,nan
nan,nan,nan,nan,nan,nan,nan,nan
nan,nan,nan,nan,nan,nan,nan,nan
nan,nan,nan,nan,nan,nan,nan,nan
nan,nan,nan,nan,nan,nan,nan,nan
nan,nan,nan,nan,nan,nan,nan,nan
nan,nan,nan,nan,nan,nan,nan,nan
nan,nan,nan,nan,nan,nan,nan,nan
nan,nan,nan,nan,nan,nan,nan,nan
nan,nan,nan,nan,nan,nan,nan,nan
nan,nan,nan,nan,nan,nan,nan,nan
nan,nan,nan,nan,nan,nan,nan,nan
nan,nan,nan,nan,nan,nan,nan,nan
nan,nan,nan,nan,nan,nan,nan,nan
nan,nan,nan,nan,nan,nan,nan,nan
nan,nan,nan,nan,nan,nan,nan,nan
nan,nan,nan,nan,nan,nan,nan,nan
nan,nan,nan,nan,nan,nan,nan,nan
nan,nan,nan,nan,nan,nan,nan,nan
nan,nan,nan,nan,nan,nan,nan,nan
nan,nan,nan,nan,nan,nan,nan,nan
nan,nan,nan,nan,nan,nan,nan,nan
nan,nan,nan,nan,nan,nan,nan,nan
nan,nan,nan,nan,nan,nan,nan,nan
nan,nan,nan,nan,nan,nan,nan,nan
nan,nan,nan,nan,nan,nan,nan,nan
nan,nan,nan,nan,nan,nan,nan,nan
nan,nan,nan,nan,nan,nan,nan,nan
nan,nan,nan,nan,nan,nan,nan,nan
nan,nan,nan,nan,nan,nan,nan,nan
nan,nan,nan,nan,nan,nan,nan,nan
nan,nan,nan,nan,nan,nan,nan,nan
nan,nan,nan,nan,nan,nan,nan,nan
nan,nan,nan,nan,nan,nan,nan,nan
nan,nan,nan,nan,nan,nan,nan,nan
nan,nan,nan,nan,nan,nan,nan,nan
nan,nan,nan,nan,nan,nan,nan,nan
nan,nan,nan,nan,nan,nan,nan,nan
nan,nan,nan,nan,nan,nan,nan,nan
nan,nan,nan,nan,nan,nan,nan,nan
nan,nan,nan,nan,nan,nan,nan,nan
nan,nan,nan,nan,nan,nan,nan,nan
nan,nan,nan,nan,nan,nan,nan,nan
nan,nan,nan,nan,nan,nan,nan,nan
nan,nan,nan,nan,nan,nan,nan,nan
nan,nan,nan,nan,nan,nan,nan,nan
nan,nan,nan,nan,nan,nan,nan,nan
nan,nan,nan,nan,nan,nan,nan,nan
nan,nan,nan,nan,nan,nan,nan,nan
nan,nan,nan,nan,nan,nan,nan,nan
nan,nan,nan,nan,nan,nan,nan,nan
nan,nan,nan,nan,nan,nan,nan,nan
nan,nan,nan,nan,nan,nan,nan,nan
nan,nan,nan,nan,nan,nan,nan,nan
nan,nan,nan,nan,nan,nan,nan,nan
nan,nan,nan,nan,nan,nan,nan,nan
nan,nan,nan,nan,nan,nan,nan,nan
nan,nan,nan,nan,nan,nan,nan,nan
nan,nan,nan,nan,nan,nan,nan,nan
nan,nan,nan,nan,nan,nan,nan,nan
nan,nan,nan,nan,nan,nan,nan,nan
nan,nan,nan,nan,nan,nan,nan,nan
nan,nan,nan,nan,nan,nan,nan,nan
nan,nan,nan,nan,nan,nan,nan,nan
nan,nan,nan,nan,nan,nan,nan,nan
nan,nan,nan,nan,nan,nan,nan,nan
nan,nan,nan,nan,nan,nan,nan,nan
nan,nan,nan,nan,nan,nan,nan,nan
nan,nan,nan,nan,nan,nan,nan,nan
nan,nan,nan,nan,nan,nan,nan,nan
nan,nan,nan,nan,nan,nan,nan,nan
nan,nan,nan,nan,nan,nan,nan,nan
nan,nan,nan,nan,nan,nan,nan,nan
nan,nan,nan,nan,nan,nan,nan,nan
nan,nan,nan,nan,nan,nan,nan,nan
nan,nan,nan,nan,nan,nan,nan,nan
nan,nan,nan,nan,nan,nan,nan,nan
nan,nan,nan,nan,nan,nan,nan,nan
nan,nan,nan,nan,nan,nan,nan,nan
nan,nan,nan,nan,nan,nan,nan,nan
nan,nan,nan,nan,nan,nan,nan,nan
nan,nan,nan,nan,nan,nan,nan,nan
nan,nan,nan,nan,nan,nan,nan,nan
nan,nan,nan,nan,nan,nan,nan,nan
nan,nan,nan,nan,nan,nan,nan,nan
nan,nan,nan,nan,nan,nan,nan,nan
nan,nan,nan,nan,nan,nan,nan,nan
nan,nan,nan,nan,nan,nan,nan,nan
nan,nan,nan,nan,nan,nan,nan,nan
nan,nan,nan,nan,nan,nan,nan,nan
nan,nan,nan,nan,nan,nan,nan,nan
nan,nan,nan,nan,nan,nan,nan,nan
nan,nan,nan,nan,nan,nan,nan,nan
nan,nan,nan,nan,nan,nan,nan,nan
nan,nan,nan,nan,nan,nan,nan,nan
nan,nan,nan,nan,nan,nan,nan,nan
nan,nan,nan,nan,nan,nan,nan,nan
nan,nan,nan,nan,nan,nan,nan,nan
nan,nan,nan,nan,nan,nan,nan,nan
nan,nan,nan,nan,nan,nan,nan,nan
nan,nan,nan,nan,nan,nan,nan,nan
nan,nan,nan,nan,nan,nan,nan,nan
nan,nan,nan,nan,nan,nan,nan,nan
nan,nan,nan,nan,nan,nan,nan,nan
nan,nan,nan,nan,nan,nan,nan,nan
nan,nan,nan,nan,nan,nan,nan,nan
nan,nan,nan,nan,nan,nan,nan,nan
nan,nan,nan,nan,nan,nan,nan,nan
nan,nan,nan,nan,nan,nan,nan,nan
nan,nan,nan,nan,nan,nan,nan,nan
nan,nan,nan,nan,nan,nan,nan,nan
nan,nan,nan,nan,nan,nan,nan,nan
nan,nan,nan,nan,nan,nan,nan,nan
nan,nan,nan,nan,nan,nan,nan,nan
nan,nan,nan,nan,nan,nan,nan,nan
nan,nan,nan,nan,nan,nan,nan,nan
nan,nan,nan,nan,nan,nan,nan,nan
nan,nan,nan,nan,nan,nan,nan,nan
nan,nan,nan,nan,nan,nan,nan,nan
nan,nan,nan,nan,nan,nan,nan,nan
nan,nan,nan,nan,nan,nan,nan,nan
nan,nan,nan,nan,nan,nan,nan,nan
nan,nan,nan,nan,nan,nan,nan,nan
nan,nan,nan,nan,nan,nan,nan,nan
nan,nan,nan,nan,nan,nan,nan,nan
nan,nan,nan,nan,nan,nan,nan,nan
nan,nan,nan,nan,nan,nan,nan,nan
nan,nan,nan,nan,nan,nan,nan,nan
nan,nan,nan,nan,nan,nan,nan,nan
nan,nan,nan,nan,nan,nan,nan,nan
nan,nan,nan,nan,nan,nan,nan,nan
nan,nan,nan,nan,nan,nan,nan,nan
nan,nan,nan,nan,nan,nan,nan,nan
nan,nan,nan,nan,nan,nan,nan,nan
nan,nan,nan,nan,nan,nan,nan,nan
nan,nan,nan,nan,nan,nan,nan,nan
nan,nan,nan,nan,nan,nan,nan,nan
nan,nan,nan,nan,nan,nan,nan,nan
nan,nan,nan,nan,nan,nan,nan,nan
nan,nan,nan,nan,nan,nan,nan,nan
nan,nan,nan,nan,nan,nan,nan,nan
nan,nan,nan,nan,nan,nan,nan,nan
nan,nan,nan,nan,nan,nan,nan,nan
nan,nan,nan,nan,nan,nan,nan,nan
nan,nan,nan,nan,nan,nan,nan,nan
nan,nan,nan,nan,nan,nan,nan,nan
nan,nan,nan,nan,nan,nan,nan,nan
nan,nan,nan,nan,nan,nan,nan,nan
nan,nan,nan,nan,nan,nan,nan,nan
nan,nan,nan,nan,nan,nan,nan,nan
nan,nan,nan,nan,nan,nan,nan,nan
nan,nan,nan,nan,nan,nan,nan,nan
nan,nan,nan,nan,nan,nan,nan,nan
nan,nan,nan,nan,nan,nan,nan,nan
nan,nan,nan,nan,nan,nan,nan,nan
nan,nan,nan,nan,nan,nan,nan,nan
nan,nan,nan,nan,nan,nan,nan,nan
nan,nan,nan,nan,nan,nan,nan,nan
nan,nan,nan,nan,nan,nan,nan,nan
nan,nan,nan,nan,nan,nan,nan,nan
nan,nan,nan,nan,nan,nan,nan,nan
nan,nan,nan,nan,nan,nan,nan,nan
nan,nan,nan,nan,nan,nan,nan,nan
nan,nan,nan,nan,nan,nan,nan,nan
nan,nan,nan,nan,nan,nan,nan,nan
nan,nan,nan,nan,nan,nan,nan,nan
nan,nan,nan,nan,nan,nan,nan,nan
nan,nan,nan,nan,nan,nan,nan,nan
nan,nan,nan,nan,nan,nan,nan,nan
nan,nan,nan,nan,nan,nan,nan,nan
nan,nan,nan,nan,nan,nan,nan,nan
nan,nan,nan,nan,nan,nan,nan,nan
nan,nan,nan,nan,nan,nan,nan,nan
nan,nan,nan,nan,nan,nan,nan,nan
nan,nan,nan,nan,nan,nan,nan,nan
nan,nan,nan,nan,nan,nan,nan,nan
nan,nan,nan,nan,nan,nan,nan,nan
nan,nan,nan,nan,nan,nan,nan,nan
nan,nan,nan,nan,nan,nan,nan,nan
nan,nan,nan,nan,nan,nan,nan,nan
nan,nan,nan,nan,nan,nan,nan,nan
nan,nan,nan,nan,nan,nan,nan,nan
nan,nan,nan,nan,nan,nan,nan,nan
nan,nan,nan,nan,nan,nan,nan,nan
nan,nan,nan,nan,nan,nan,nan,nan
nan,nan,nan,nan,nan,nan,nan,nan
nan,nan,nan,nan,nan,nan,nan,nan
nan,nan,nan,nan,nan,nan,nan,nan
nan,nan,nan,nan,nan,nan,nan,nan
nan,nan,nan,nan,nan,nan,nan,nan
nan,nan,nan,nan,nan,nan,nan,nan
nan,nan,nan,nan,nan,nan,nan,nan
nan,nan,nan,nan,nan,nan,nan,nan
nan,nan,nan,nan,nan,nan,nan,nan
nan,nan,nan,nan,nan,nan,nan,nan
nan,nan,nan,nan,nan,nan,nan,nan
nan,nan,nan,nan,nan,nan,nan,nan
nan,nan,nan,nan,nan,nan,nan,nan
nan,nan,nan,nan,nan,nan,nan,nan
nan,nan,nan,nan,nan,nan,nan,nan
nan,nan,nan,nan,nan,nan,nan,nan
nan,nan,nan,nan,nan,nan,nan,nan
nan,nan,nan,nan,nan,nan,nan,nan
nan,nan,nan,nan,nan,nan,nan,nan
nan,nan,nan,nan,nan,nan,nan,nan
nan,nan,nan,nan,nan,nan,nan,nan
nan,nan,nan,nan,nan,nan,nan,nan
nan,nan,nan,nan,nan,nan,nan,nan
nan,nan,nan,nan,nan,nan,nan,nan
nan,nan,nan,nan,nan,nan,nan,nan
nan,nan,nan,nan,nan,nan,nan,nan
nan,nan,nan,nan,nan,nan,nan,nan
nan,nan,nan,nan,nan,nan,nan,nan
nan,nan,nan,nan,nan,nan,nan,nan
nan,nan,nan,nan,nan,nan,nan,nan
nan,nan,nan,nan,nan,nan,nan,nan
nan,nan,nan,nan,nan,nan,nan,nan
nan,nan,nan,nan,nan,nan,nan,nan
nan,nan,nan,nan,nan,nan,nan,nan
nan,nan,nan,nan,nan,nan,nan,nan
nan,nan,nan,nan,nan,nan,nan,nan
nan,nan,nan,nan,nan,nan,nan,nan
nan,nan,nan,nan,nan,nan,nan,nan
nan,nan,nan,nan,nan,nan,nan,nan
nan,nan,nan,nan,nan,nan,nan,nan
nan,nan,nan,nan,nan,nan,nan,nan
nan,nan,nan,nan,nan,nan,nan,nan
nan,nan,nan,nan,nan,nan,nan,nan
nan,nan,nan,nan,nan,nan,nan,nan
nan,nan,nan,nan,nan,nan,nan,nan
nan,nan,nan,nan,nan,nan,nan,nan
nan,nan,nan,nan,nan,nan,nan,nan
nan,nan,nan,nan,nan,nan,nan,nan
nan,nan,nan,nan,nan,nan,nan,nan
nan,nan,nan,nan,nan,nan,nan,nan
nan,nan,nan,nan,nan,nan,nan,nan
nan,nan,nan,nan,nan,nan,nan,nan
nan,nan,nan,nan,nan,nan,nan,nan
nan,nan,nan,nan,nan,nan,nan,nan
nan,nan,nan,nan,nan,nan,nan,nan
nan,nan,nan,nan,nan,nan,nan,nan
nan,nan,nan,nan,nan,nan,nan,nan
nan,nan,nan,nan,nan,nan,nan,nan
nan,nan,nan,nan,nan,nan,nan,nan
nan,nan,nan,nan,nan,nan,nan,nan
nan,nan,nan,nan,nan,nan,nan,nan
nan,nan,nan,nan,nan,nan,nan,nan
nan,nan,nan,nan,nan,nan,nan,nan
nan,nan,nan,nan,nan,nan,nan,nan
nan,nan,nan,nan,nan,nan,nan,nan
nan,nan,nan,nan,nan,nan,nan,nan
nan,nan,nan,nan,nan,nan,nan,nan
nan,nan,nan,nan,nan,nan,nan,nan
nan,nan,nan,nan,nan,nan,nan,nan
nan,nan,nan,nan,nan,nan,nan,nan
nan,nan,nan,nan,nan,nan,nan,nan
nan,nan,nan,nan,nan,nan,nan,nan
nan,nan,nan,nan,nan,nan,nan,nan
nan,nan,nan,nan,nan,nan,nan,nan
nan,nan,nan,nan,nan,nan,nan,nan
nan,nan,nan,nan,nan,nan,nan,nan
nan,nan,nan,nan,nan,nan,nan,nan
nan,nan,nan,nan,nan,nan,nan,nan
nan,nan,nan,nan,nan,nan,nan,nan
nan,nan,nan,nan,nan,nan,nan,nan
nan,nan,nan,nan,nan,nan,nan,nan
nan,nan,nan,nan,nan,nan,nan,nan
nan,nan,nan,nan,nan,nan,nan,nan
nan,nan,nan,nan,nan,nan,nan,nan
nan,nan,nan,nan,nan,nan,nan,nan
nan,nan,nan,nan,nan,nan,nan,nan
nan,nan,nan,nan,nan,nan,nan,nan
nan,nan,nan,nan,nan,nan,nan,nan
nan,nan,nan,nan,nan,nan,nan,nan
nan,nan,nan,nan,nan,nan,nan,nan
nan,nan,nan,nan,nan,nan,nan,nan
nan,nan,nan,nan,nan,nan,nan,nan
nan,nan,nan,nan,nan,nan,nan,nan
nan,nan,nan,nan,nan,nan,nan,nan
nan,nan,nan,nan,nan,nan,nan,nan
nan,nan,nan,nan,nan,nan,nan,nan
nan,nan,nan,nan,nan,nan,nan,nan
nan,nan,nan,nan,nan,nan,nan,nan
nan,nan,nan,nan,nan,nan,nan,nan
nan,nan,nan,nan,nan,nan,nan,nan
nan,nan,nan,nan,nan,nan,nan,nan
nan,nan,nan,nan,nan,nan,nan,nan
nan,nan,nan,nan,nan,nan,nan,nan
nan,nan,nan,nan,nan,nan,nan,nan
nan,nan,nan,nan,nan,nan,nan,nan
nan,nan,nan,nan,nan,nan,nan,nan
nan,nan,nan,nan,nan,nan,nan,nan
nan,nan,nan,nan,nan,nan,nan,nan
nan,nan,nan,nan,nan,nan,nan,nan
nan,nan,nan,nan,nan,nan,nan,nan
nan,nan,nan,nan,nan,nan,nan,nan
nan,nan,nan,nan,nan,nan,nan,nan
nan,nan,nan,nan,nan,nan,nan,nan
nan,nan,nan,nan,nan,nan,nan,nan
nan,nan,nan,nan,nan,nan,nan,nan
nan,nan,nan,nan,nan,nan,nan,nan
nan,nan,nan,nan,nan,nan,nan,nan
nan,nan,nan,nan,nan,nan,nan,nan
nan,nan,nan,nan,nan,nan,nan,nan
562.395,986.281,515.204,810.063,220.875,743.676,440.352,458.833
562.640,986.485,515.745,809.854,220.925,744.144,440.951,458.395
562.108,986.905,515.311,809.855,220.819,744.195,440.806,458.932
562.177,986.756,515.835,809.278,220.989,743.444,440.766,458.449
562.976,986.693,515.882,809.407,220.598,743.636,440.477,459.001
563.852,985.927,515.600,809.360,220.840,742.947,440.778,458.194
563.088,986.052,515.531,810.005,220.739,743.466,440.780,458.396
562.500,987.134,515.408,809.786,220.507,743.905,441.150,457.973
562.347,985.970,515.860,810.023,220.461,744.149,440.562,458.399
563.499,984.149,515.872,809.519,220.624,743.375,440.868,457.430
562.982,985.432,515.344,809.839,220.619,743.569,440.733,457.596
563.177,985.212,515.477,809.744,220.576,743.665,440.845,458.115
562.444,986.384,515.853,809.503,220.645,744.047,440.650,458.368
562.377,987.963,515.690,809.407,220.696,743.152,441.205,457.882
562.397,987.521,515.964,809.536,220.736,743.872,441.147,457.866
562.566,987.710,515.748,809.590,220.839,743.790,440.461,458.109
563.116,988.073,515.469,809.747,220.750,743.743,440.295,458.410
562.770,987.507,515.652,809.482,220.562,743.296,439.984,458.522
562.527,986.984,515.235,810.091,220.680,743.829,441.346,457.520
562.328,986.463,515.113,809.842,220.757,743.597,441.545,457.608
562.721,986.580,515.371,809.819,221.085,743.481,441.261,457.781
562.292,986.636,515.005,809.777,221.298,744.000,441.278,458.016
562.147,986.765,515.199,810.106,221.088,743.914,440.749,458.187
562.832,985.326,515.239,810.379,221.121,744.443,441.556,457.697
562.144,986.906,514.743,810.462,220.727,744.591,441.442,457.929
562.013,986.933,515.165,810.969,221.020,743.617,441.346,458.201
562.002,986.450,514.835,810.914,220.956,743.560,441.773,457.603
562.026,986.829,515.730,810.202,220.905,743.641,441.854,457.242
562.223,987.094,516.235,809.726,221.228,743.969,441.500,457.113
562.359,986.512,515.968,809.922,221.190,744.104,441.639,457.153
562.018,988.252,515.694,809.695,221.134,744.155,441.044,458.281
562.102,987.202,516.042,809.580,221.433,744.363,441.183,457.767
562.472,987.279,515.951,809.345,221.193,744.711,440.668,458.372
562.134,984.805,516.012,809.506,221.535,744.666,441.415,457.224
562.145,984.568,516.150,809.777,221.621,744.967,441.386,457.453
562.188,984.343,515.696,809.757,221.597,744.498,441.440,457.577
563.293,985.398,515.620,810.472,221.150,744.941,441.310,457.578
563.286,984.775,515.937,809.747,221.128,744.207,441.440,457.156
563.344,985.578,516.228,809.871,221.636,745.588,441.464,456.977
562.063,984.510,516.163,810.436,221.189,744.153,441.383,457.073
563.030,984.803,516.259,810.044,221.286,744.849,439.888,458.425
562.891,984.151,516.235,809.794,221.498,745.264,439.315,458.660
562.994,984.596,516.264,809.569,220.984,744.492,440.376,458.083
562.689,984.344,516.428,809.471,220.775,744.561,441.262,458.084
562.327,985.379,516.374,809.687,220.502,744.468,441.422,458.338
562.026,985.290,515.967,809.675,220.652,744.207,441.373,457.957
561.852,985.139,515.562,809.647,220.800,744.422,440.857,458.408
562.427,984.703,515.733,810.092,220.862,743.961,441.120,458.237
562.713,985.036,515.477,810.294,220.771,744.335,440.799,458.086
562.719,985.446,515.509,810.297,220.601,743.840,441.020,458.258
561.995,986.180,515.904,810.507,220.608,743.811,441.370,457.991
561.748,986.244,515.430,811.428,220.660,744.626,441.120,458.450
561.581,986.456,516.120,810.674,220.742,744.345,441.444,457.792
561.452,986.360,516.222,810.233,220.782,743.962,441.350,457.485
561.102,986.909,516.009,810.496,220.591,743.770,441.126,457.673
561.198,986.788,516.069,809.668,220.555,744.180,440.994,457.610
561.316,986.893,516.230,809.816,220.685,744.294,441.134,457.508
561.565,986.611,515.919,808.994,220.984,744.761,440.776,458.217
560.868,987.756,515.919,809.964,220.896,744.429,440.507,458.276
561.186,986.741,515.567,810.771,220.847,743.767,440.264,458.070
562.426,986.245,515.973,810.059,220.865,744.345,440.397,457.526
562.161,985.592,515.878,809.862,221.075,744.938,440.423,457.459
561.245,985.415,516.087,809.076,220.535,744.380,440.368,457.684
561.437,986.542,515.412,809.303,220.925,744.135,440.525,457.029
560.866,987.565,515.705,809.192,220.727,743.861,440.834,456.865
561.736,984.300,515.467,809.567,220.939,744.631,441.261,457.521
561.737,984.786,515.932,809.484,220.990,744.224,441.400,458.254
561.307,985.608,515.898,809.154,221.010,744.259,441.413,457.995
561.778,986.571,515.697,809.897,221.145,744.597,441.513,458.016
561.768,986.220,515.387,809.376,221.188,744.776,441.679,458.020
561.621,987.194,516.290,809.830,220.938,744.562,441.394,458.163
561.716,986.870,515.661,809.425,220.846,744.328,441.308,458.279
562.060,987.047,516.213,809.660,220.843,744.672,440.931,458.042
561.971,987.095,515.238,809.887,220.976,744.772,440.330,458.401
561.173,988.094,515.202,809.865,220.882,744.735,440.828,457.892
561.299,986.348,514.775,810.481,221.032,744.123,440.496,458.693
561.696,985.595,516.118,809.366,220.897,743.802,440.250,458.402
561.741,984.477,516.368,809.857,220.806,744.375,440.345,458.717
560.596,984.118,515.758,809.879,220.902,744.254,441.008,458.166
560.167,984.563,515.599,810.317,221.008,744.752,441.569,457.958
561.573,985.939,515.299,810.894,220.988,744.579,441.395,457.771
561.271,984.506,515.417,810.593,221.032,744.495,441.003,458.676
560.518,984.949,515.327,809.830,220.905,743.915,441.551,458.266
560.936,985.032,516.282,809.741,221.165,744.733,441.151,458.468
561.579,984.910,516.090,809.592,220.822,744.603,441.195,458.391
561.826,984.761,514.972,810.844,221.005,744.555,441.375,457.908
561.073,984.930,514.785,810.836,220.986,744.508,441.476,457.500
561.518,984.759,514.920,810.538,220.792,743.735,441.472,457.149
560.984,984.379,515.224,809.839,221.026,744.266,441.756,457.160
560.263,984.265,514.850,809.699,221.159,744.463,441.745,457.512
561.214,984.230,515.228,809.830,220.916,745.192,441.298,457.738
561.463,984.965,515.141,810.518,221.147,744.938,441.330,457.318
561.364,985.283,514.591,811.839,221.012,745.065,441.684,457.374
560.652,986.738,514.269,811.433,220.899,744.206,441.133,457.232
560.999,987.051,514.744,810.895,220.795,743.699,441.088,456.787
560.682,986.249,515.262,811.454,221.204,744.068,441.323,457.304
561.708,986.597,514.793,811.182,220.858,744.705,441.610,457.668
561.751,987.197,514.915,811.272,220.844,744.376,441.500,457.188
561.739,987.453,514.894,810.608,220.687,745.016,441.376,457.372
561.391,987.658,515.331,811.013,220.849,744.404,441.511,456.755
561.533,987.500,515.045,810.409,221.033,745.004,441.604,456.671
562.612,985.488,514.817,811.002,220.705,744.836,441.485,456.937
561.695,987.398,514.323,811.532,220.854,744.712,441.834,456.715
561.518,987.519,514.554,810.366,220.922,744.590,441.498,457.502
562.682,985.710,515.298,810.515,220.856,744.656,441.434,457.927
562.529,985.532,514.367,810.558,220.997,744.527,441.536,458.857
563.201,984.931,513.602,811.287,220.732,744.516,441.436,459.162
563.375,984.588,513.975,811.908,221.091,744.896,441.546,458.884
562.833,984.572,514.143,810.841,221.079,744.722,441.460,458.638
562.850,985.192,515.239,810.403,220.885,744.367,441.147,458.199
562.571,985.066,514.540,810.365,220.963,744.824,441.340,458.210
562.497,984.771,514.673,810.748,221.448,745.935,441.539,458.213
562.438,985.003,514.862,810.662,221.036,744.877,441.812,458.260
562.857,985.050,514.801,810.436,220.792,744.593,442.161,457.360
562.014,985.313,514.419,810.673,220.838,744.582,441.932,457.642
562.727,985.006,515.057,809.896,220.894,744.536,441.607,457.847
562.641,985.365,514.891,810.592,220.867,744.371,442.042,457.407
562.857,985.045,514.597,810.733,220.421,744.606,442.064,457.154
562.439,984.742,514.873,810.739,220.824,744.710,442.484,456.814
562.662,984.872,514.784,810.231,220.630,744.044,442.360,457.029
562.162,985.157,514.896,811.320,220.740,744.774,442.401,457.054
562.493,985.229,515.187,811.219,220.825,744.679,443.034,457.890
562.036,986.083,515.049,811.070,220.515,744.696,443.594,457.017
562.212,984.210,515.484,810.364,220.701,744.370,443.948,456.925
562.374,983.849,515.334,810.622,220.960,744.087,443.361,457.440
562.492,983.145,515.116,810.077,221.073,743.805,442.776,457.505
562.617,983.567,515.407,809.997,220.830,743.738,442.779,457.374
563.035,983.919,515.108,809.970,220.749,744.120,443.654,456.866
562.529,983.328,515.216,810.412,220.883,743.884,443.847,456.766
562.921,983.409,514.875,810.261,220.768,744.338,443.887,456.565
562.888,983.740,514.882,810.406,220.820,743.861,443.674,456.795
562.878,984.266,514.805,809.921,220.780,744.704,443.733,456.971
562.998,984.318,514.859,810.562,220.646,743.963,443.984,456.916
563.002,983.621,514.793,810.101,220.672,743.774,444.266,456.831
562.871,983.598,514.789,810.127,220.958,744.086,444.393,456.738
562.937,983.093,515.082,809.948,220.964,744.354,444.410,456.732
562.931,983.785,515.155,810.782,220.987,744.174,444.456,456.556
562.892,984.322,514.829,809.939,221.077,744.200,444.620,456.322
562.816,984.585,514.977,810.026,221.158,744.564,444.672,456.183
562.736,984.161,514.513,810.207,221.135,744.877,444.824,456.450
563.017,983.697,514.693,810.349,220.764,744.612,444.927,456.483
563.408,983.054,514.771,810.177,221.595,745.906,445.057,456.458
562.825,983.154,514.958,810.576,220.987,744.466,445.165,456.806
562.644,983.665,514.981,810.618,221.023,744.212,444.746,457.133
562.713,983.936,514.278,810.699,220.954,744.546,444.774,456.863
563.273,983.405,514.736,810.689,220.969,743.771,444.998,457.486
563.176,983.966,514.230,811.002,220.689,744.547,445.198,457.236
562.753,984.295,514.098,810.714,220.545,743.610,445.200,456.949
562.638,984.104,515.059,810.810,220.771,744.702,445.408,457.008
563.133,984.639,514.995,810.819,220.734,744.634,445.063,457.225
562.859,984.383,514.155,810.834,221.016,744.342,444.929,457.059
563.361,983.685,513.695,811.399,221.159,744.781,444.802,457.038
562.486,983.765,514.274,810.902,221.204,744.857,444.898,457.043
562.922,984.191,514.579,810.159,220.932,744.665,445.180,457.616
562.201,984.184,515.079,810.330,221.123,744.834,445.320,456.987
562.692,984.644,514.406,810.004,220.961,744.072,445.606,456.426
562.991,984.107,513.856,810.987,220.923,744.323,445.637,456.809
562.689,983.860,513.940,811.398,221.413,745.277,445.862,456.889
562.740,984.693,513.922,810.832,221.074,744.773,445.833,457.160
562.358,985.064,514.199,811.272,221.282,744.424,446.179,457.325
561.812,985.814,513.881,811.271,221.087,744.506,446.072,457.063
563.028,983.589,512.892,811.932,220.926,743.694,446.377,456.301
563.139,983.982,513.509,811.889,220.978,744.461,446.049,456.428
562.723,984.038,514.326,810.824,221.157,743.960,446.151,456.489
562.918,985.150,513.959,810.692,220.920,744.649,445.708,457.330
562.058,985.852,513.756,811.159,220.974,744.899,445.980,457.316
562.473,985.085,513.007,811.992,220.711,743.895,445.786,456.951
563.282,983.901,513.059,810.735,220.823,744.113,446.159,457.075
562.828,983.825,514.500,810.267,220.880,744.775,445.971,457.438
562.620,984.170,513.971,810.915,220.792,744.285,446.472,457.929
562.109,985.718,512.822,811.216,220.822,744.146,446.046,457.561
562.267,986.108,513.389,811.491,220.638,743.557,445.929,458.119
563.021,983.928,513.471,811.854,220.984,743.963,445.681,458.705
562.456,983.859,513.870,811.534,220.910,744.600,445.764,458.235
562.478,984.989,513.065,811.389,220.687,744.645,445.741,458.521
561.702,984.483,512.650,811.059,220.983,744.643,445.914,458.124
561.300,985.864,512.809,811.537,221.032,744.681,446.221,457.793
561.369,985.956,513.531,811.752,221.034,744.547,446.075,457.860
562.886,984.604,513.948,811.043,221.004,744.452,446.162,457.934
562.724,984.419,512.626,811.426,221.053,744.648,446.251,457.812
562.225,984.794,511.798,811.288,220.913,744.683,446.338,457.666
562.058,985.763,512.522,811.525,221.175,744.096,446.497,457.009
562.059,984.766,512.892,811.296,221.169,744.259,446.551,457.243
562.327,984.121,512.788,810.989,220.955,744.062,446.281,457.668
562.495,984.881,512.601,811.074,221.019,744.158,446.370,457.823
562.115,984.799,511.763,811.980,220.890,744.015,446.534,457.580
562.247,985.182,512.159,811.650,220.882,744.240,446.216,457.992
562.115,984.999,513.280,812.045,221.045,744.841,445.954,458.332
562.050,985.852,513.474,812.549,221.238,744.352,445.962,458.633
562.579,984.996,512.297,811.963,220.782,744.660,446.038,459.132
562.518,984.303,512.132,813.112,220.659,744.758,446.259,459.509
562.581,984.500,513.547,812.238,220.803,743.969,446.359,459.235
561.483,985.473,514.448,811.771,220.761,744.710,446.618,458.644
561.225,986.434,514.074,811.910,220.660,743.967,446.994,459.019
562.312,985.199,511.876,812.625,220.790,744.339,446.555,459.855
562.367,983.691,511.271,813.770,220.799,744.300,445.958,460.250
562.262,983.918,512.154,812.688,220.995,743.957,445.906,460.181
561.973,983.987,512.359,812.693,220.940,744.004,445.791,459.732
561.963,984.187,512.415,812.810,220.548,743.898,445.982,459.714
562.017,983.339,512.491,813.196,220.711,744.075,446.065,459.772
561.908,983.172,512.363,812.850,221.300,744.969,446.012,459.300
561.872,982.858,511.938,811.848,220.856,744.018,446.174,459.567
562.044,982.892,511.275,810.628,221.455,745.139,446.098,459.989
561.707,983.519,510.943,810.976,221.141,744.040,446.489,459.130
561.505,984.132,511.179,811.285,221.020,744.700,446.680,459.293
561.395,983.590,511.504,811.206,221.055,745.012,446.873,459.017
561.800,983.509,511.158,811.536,221.143,744.987,446.522,459.216
561.559,984.140,511.393,811.416,221.071,744.597,446.630,458.932
561.573,984.295,513.360,811.383,221.035,744.228,446.491,459.518
561.374,984.942,513.309,811.136,221.138,743.952,446.643,459.163
560.343,985.197,512.428,812.133,220.969,743.910,446.908,459.271
560.009,985.321,512.369,811.663,220.941,743.875,446.491,459.789
560.847,985.075,511.698,812.208,220.973,744.286,445.861,460.897
561.093,984.858,512.064,811.759,220.805,744.745,445.578,460.687
560.626,985.485,511.941,811.415,220.795,744.168,445.873,460.500
561.500,985.014,511.369,811.585,220.963,744.074,445.719,460.478
561.247,986.142,511.243,811.910,220.689,743.857,445.931,460.105
561.049,986.199,511.307,810.830,220.705,743.899,446.423,459.716
560.660,986.274,511.773,811.545,220.812,743.335,446.674,458.928
560.624,986.014,511.419,811.228,221.067,743.851,447.241,458.073
560.977,985.830,511.774,811.012,220.766,744.018,447.152,459.300
561.236,985.576,511.193,811.174,220.769,743.648,447.358,459.507
561.398,986.494,511.787,810.920,221.083,743.925,447.025,459.893
560.929,986.598,511.987,810.364,220.990,744.149,446.678,459.252
560.161,987.697,511.656,811.506,221.020,744.675,446.552,459.868
561.149,985.907,512.140,811.295,220.583,744.235,446.265,459.839
560.594,986.677,512.627,810.912,220.736,744.364,446.828,459.548
560.534,985.634,512.504,810.375,220.676,744.365,447.023,458.866
560.295,985.930,512.366,810.724,220.821,744.634,446.985,458.742
559.858,985.738,513.790,810.405,220.995,744.442,447.026,459.556
560.406,985.377,514.324,810.156,221.092,744.777,447.155,459.544
561.017,986.139,512.682,810.471,220.743,744.041,446.399,460.143
559.813,985.464,512.762,810.477,221.146,744.424,446.010,460.712
559.846,984.324,512.220,810.708,220.612,743.869,445.493,460.861
559.828,984.480,513.924,810.760,220.666,744.425,445.378,461.222
560.813,983.764,512.982,811.281,221.001,744.443,445.690,460.468
560.910,985.357,512.623,811.341,221.079,744.392,445.902,460.480
562.268,985.659,513.655,810.018,221.203,744.596,446.176,459.988
561.021,985.519,513.942,809.692,221.019,744.735,446.188,460.081
560.072,983.660,513.362,810.349,221.028,744.746,446.493,460.097
560.824,985.062,513.120,810.303,220.774,744.453,446.240,459.981
560.420,984.945,513.223,810.093,220.832,744.547,446.228,460.953
559.390,984.368,513.264,810.472,220.978,744.676,445.099,461.977
559.215,984.058,513.273,810.220,220.943,744.458,444.455,462.049
559.962,984.776,513.340,810.297,220.905,744.675,444.093,461.653
559.414,984.016,513.429,810.786,220.990,744.727,444.356,461.848
562.164,983.960,513.561,810.538,220.877,744.295,444.755,461.378
561.695,983.723,512.973,810.582,220.932,744.360,444.847,461.136
562.110,984.106,512.508,810.687,220.951,743.978,444.405,461.893
562.172,984.108,513.253,810.567,220.858,743.843,444.471,462.432
562.236,983.900,512.441,810.704,220.710,743.846,444.745,461.870
562.342,984.259,513.066,810.641,220.616,743.831,444.319,462.617
562.126,984.198,513.548,810.584,220.857,744.406,444.727,461.417
562.239,983.754,513.227,810.659,220.919,744.293,445.146,461.394
562.343,984.278,512.754,811.077,221.096,744.576,445.667,460.842
562.259,985.187,512.270,811.130,221.040,744.981,445.834,460.848
562.080,984.970,512.903,810.597,220.961,744.667,445.853,460.995
562.140,984.297,512.931,810.532,220.839,744.556,445.768,461.373
562.624,984.156,512.824,810.673,220.940,744.810,445.122,461.344
562.336,984.267,513.357,810.687,220.869,744.174,444.682,461.510
561.905,984.613,513.460,810.639,220.932,744.779,444.917,461.151
561.337,984.316,513.668,810.381,221.047,744.734,445.057,460.865
561.933,984.926,513.288,810.636,220.995,744.517,445.259,461.133
562.451,984.649,513.558,810.237,220.827,744.290,445.309,460.739
561.995,984.071,513.267,810.806,221.037,744.633,445.616,461.246
562.444,984.827,513.311,810.743,220.917,743.805,445.324,460.721
561.447,984.440,513.851,810.523,220.923,744.002,444.860,460.940
561.725,984.740,513.300,810.484,220.947,744.773,445.251,461.001
562.587,984.980,513.285,810.424,220.793,744.218,445.422,460.645
562.469,984.937,513.578,810.353,220.851,743.761,445.470,461.005
561.824,984.510,513.419,810.708,220.802,743.686,445.789,460.806
561.816,984.096,513.640,810.416,220.752,743.959,445.393,460.863
561.945,984.281,513.487,810.825,220.832,743.830,445.018,461.089
562.065,984.909,513.351,810.837,220.790,743.735,445.208,461.653
562.588,984.907,513.236,811.040,220.725,743.715,444.833,461.468
562.406,984.876,513.330,810.499,220.756,743.770,445.600,462.084
561.986,984.732,513.175,810.985,220.671,744.428,445.771,462.236
561.833,984.474,513.556,810.476,220.780,743.923,444.990,461.571
562.281,984.932,513.531,810.761,220.890,743.937,445.596,461.219
562.471,984.484,513.402,810.815,220.834,744.600,445.624,462.129
562.368,984.769,513.308,810.886,220.727,744.377,445.356,461.273
562.611,985.152,513.131,810.949,220.847,744.269,445.761,461.364
562.133,984.984,513.656,810.443,220.848,744.271,446.330,461.380
562.060,985.465,513.233,810.817,220.962,743.874,446.718,460.941
562.133,986.813,513.241,810.744,220.688,744.092,446.731,461.002
561.869,985.951,513.322,810.880,220.971,743.733,446.855,461.130
562.895,984.999,513.227,810.977,220.582,743.758,447.689,461.078
562.604,984.850,513.653,810.638,220.659,743.878,447.129,460.322
562.440,985.231,513.304,811.037,220.599,744.438,447.112,459.484
562.508,985.258,513.460,810.289,220.971,744.658,446.094,459.389
561.935,985.775,513.215,810.557,220.778,744.343,446.802,459.166
561.885,985.826,513.794,810.506,220.927,744.326,447.073,458.776
562.225,986.186,513.809,810.352,220.563,744.152,447.275,458.066
561.278,987.444,513.040,810.352,221.114,745.064,447.267,457.707
561.407,987.669,513.714,810.736,220.913,743.923,445.947,459.585
560.987,987.482,513.262,810.841,221.044,744.379,445.753,459.413
562.195,985.561,513.540,810.567,221.239,744.738,446.217,460.761
562.441,985.701,512.998,811.068,221.116,744.489,446.232,460.770
561.460,987.758,512.894,810.913,220.955,744.525,447.229,460.222
561.018,987.788,512.882,811.094,221.041,744.406,446.558,460.898
561.042,988.304,512.935,811.081,220.785,744.171,446.418,460.649
561.442,988.173,512.837,811.063,220.867,744.258,446.025,460.521
561.565,988.040,512.802,810.798,220.868,744.542,445.709,460.834
561.559,987.371,512.772,810.654,221.041,744.752,445.800,461.218
561.516,987.440,512.832,810.838,220.904,744.065,445.382,461.663
561.188,988.089,512.679,810.800,220.818,744.061,445.645,461.406
561.180,988.403,513.054,810.870,220.892,743.984,445.610,461.163
560.977,988.846,512.963,810.726,220.783,743.724,444.747,462.424
560.638,988.513,512.827,810.652,220.899,744.236,445.427,461.304
560.554,987.654,512.738,810.964,220.580,744.188,445.174,461.543
560.856,987.379,512.990,810.835,220.772,744.656,444.498,462.397
560.640,986.928,512.902,810.730,221.252,744.844,444.446,462.688
560.558,987.414,512.849,810.864,221.149,744.728,444.670,462.354
560.209,987.609,513.506,809.963,220.833,743.370,444.709,462.379
560.348,987.868,512.829,810.727,221.099,743.657,444.491,462.553
560.198,987.458,512.601,810.536,221.098,744.073,444.504,463.009
560.428,987.420,512.781,810.720,221.096,744.392,444.544,462.814
560.552,987.162,512.360,810.363,221.021,744.420,444.630,463.113
560.513,987.488,512.415,810.466,221.025,744.425,444.381,464.132
560.138,987.166,512.468,810.565,220.806,744.685,444.457,464.918
560.479,988.025,513.259,810.467,220.756,743.782,444.617,464.500
560.304,988.486,513.538,810.218,220.917,743.606,444.555,464.819
560.246,988.085,512.442,810.377,220.922,744.502,444.737,464.771
560.146,987.582,513.292,809.960,220.856,744.410,444.703,464.704
560.633,987.474,513.940,809.694,221.155,744.255,444.665,464.719
560.530,986.901,513.660,809.348,220.973,744.182,444.965,464.510
560.833,986.945,513.586,809.828,220.853,743.852,445.341,463.296
561.011,987.549,513.486,809.427,220.825,743.908,445.666,462.992
561.526,988.692,513.488,809.597,220.773,744.209,445.397,463.360
561.554,989.171,513.514,809.625,220.766,743.985,445.433,463.368
561.233,988.064,513.373,809.621,220.595,743.614,445.370,463.311
561.062,987.594,513.263,809.615,220.777,743.629,445.185,463.165
561.444,986.860,513.351,809.784,220.998,743.677,445.306,463.363
561.439,987.139,513.464,809.302,221.036,744.181,445.369,462.997
561.624,987.702,513.266,809.696,221.006,744.187,445.478,463.146
561.061,987.740,513.734,809.518,220.947,744.482,445.340,463.281
561.691,989.184,513.720,809.592,220.999,744.417,445.115,463.507
561.737,988.829,513.520,809.831,220.908,743.939,445.415,463.155
561.773,988.826,513.500,809.959,220.929,743.526,445.035,463.664
561.320,988.803,512.568,810.436,220.975,744.232,445.410,463.114
561.739,988.957,513.374,809.944,220.621,743.975,445.326,463.309
561.570,989.112,512.422,810.266,220.664,743.786,446.309,462.680
561.636,989.241,512.504,810.349,220.827,743.541,446.084,462.360
561.734,988.703,513.094,809.948,220.939,743.649,445.983,462.589
561.641,988.835,513.118,809.882,221.017,743.849,446.136,463.266
561.179,988.221,513.135,809.797,221.130,743.979,446.292,462.596
561.634,989.593,513.399,809.738,221.108,743.908,446.108,462.751
561.384,989.259,513.301,809.969,221.061,743.792,445.952,462.490
561.368,988.996,513.359,810.111,221.100,744.544,446.282,462.239
561.007,988.156,513.172,810.033,221.127,743.928,446.516,462.266
561.298,987.451,513.397,809.995,220.987,744.251,447.257,461.578
561.270,986.780,513.423,809.837,221.122,744.720,446.822,461.843
560.900,987.478,513.495,810.202,220.649,744.025,446.398,462.201
561.113,988.393,513.579,810.385,220.550,744.324,446.251,462.477
561.065,988.539,513.136,810.118,220.643,744.192,446.293,462.360
561.060,987.528,513.248,810.117,220.727,744.212,446.369,462.264
561.426,987.632,513.043,810.441,220.870,744.101,446.176,462.461
561.608,987.413,512.993,810.122,220.803,744.303,446.482,462.293
561.317,988.069,513.036,810.217,220.787,744.732,446.343,462.524
561.457,988.142,513.106,810.487,220.581,743.986,446.382,462.800
561.333,987.957,512.966,810.526,220.684,744.215,446.226,462.586
561.429,987.410,513.341,809.954,220.904,743.889,446.196,462.656
561.187,987.633,513.467,810.045,220.864,744.379,446.252,462.612
560.934,987.921,513.563,810.256,221.044,744.538,446.038,462.613
560.837,988.607,513.497,810.389,220.837,744.952,446.225,462.360
560.203,988.616,513.264,810.092,220.770,744.798,446.103,462.922
560.177,988.351,512.872,810.200,220.776,744.803,446.260,462.491
561.255,986.243,513.011,810.052,220.673,744.437,446.204,462.942
560.720,985.098,512.965,810.055,220.746,744.311,446.693,462.345
561.749,984.593,512.931,810.848,220.985,744.234,446.925,462.236
561.084,985.170,513.324,811.108,221.140,744.689,446.707,462.335
561.164,984.577,513.574,811.155,221.102,744.881,447.194,461.795
561.370,985.279,513.446,811.245,220.883,743.842,447.664,462.140
560.701,986.230,513.307,811.280,220.870,743.929,447.273,461.286
561.156,985.815,513.278,811.133,221.059,743.818,446.881,462.355
560.895,986.314,513.469,811.170,220.977,743.891,447.233,462.233
560.057,987.789,512.938,811.240,220.705,743.554,446.621,463.256
560.106,987.509,513.074,811.378,220.804,743.749,446.134,463.270
561.153,986.192,513.386,811.143,220.730,745.345,445.973,463.995
561.703,984.445,513.473,810.949,220.919,744.470,446.036,463.788
561.578,984.299,513.111,810.879,220.724,744.303,446.178,463.648
561.530,983.920,514.124,810.360,221.067,744.094,446.080,464.074
561.174,984.757,513.817,810.470,220.716,744.536,446.243,464.918
561.139,984.669,513.479,810.453,220.692,744.313,446.451,465.489
561.352,984.618,513.285,810.499,221.000,744.674,446.847,465.288
561.906,984.182,513.994,810.246,221.038,744.544,446.532,465.184
561.787,984.333,513.895,810.655,221.048,744.557,446.587,464.018
561.392,985.193,513.890,810.429,221.002,744.199,446.435,463.586
561.337,984.470,513.516,809.936,220.812,744.174,446.329,464.724
561.623,984.166,513.101,810.477,221.137,744.480,446.135,463.891
561.093,984.870,513.353,810.456,221.143,744.607,446.522,464.291
561.359,984.306,513.713,810.033,221.069,744.250,446.746,463.498
561.505,984.132,513.104,810.398,220.997,744.313,446.858,463.063
561.260,984.598,513.229,811.113,221.081,744.367,446.892,462.172
561.713,984.181,512.748,811.303,221.111,744.597,447.029,461.400
561.576,984.635,512.578,811.353,220.984,744.345,447.373,460.712
561.470,984.510,513.190,811.221,220.899,744.620,447.473,461.615
561.863,984.159,513.761,810.205,221.275,744.836,447.830,461.501
561.363,984.678,513.358,810.198,221.112,744.693,447.596,462.378
561.584,984.618,513.587,809.923,221.132,744.790,447.669,463.080
561.438,985.114,512.858,810.967,221.041,744.675,447.437,461.728
561.817,984.771,513.153,810.507,221.120,744.647,447.408,462.617
562.128,984.804,513.010,810.897,221.020,744.775,447.371,462.418
561.979,985.301,512.745,810.618,221.218,744.892,447.413,462.752
561.341,986.075,513.318,810.407,220.875,744.255,447.193,462.898
562.323,986.295,513.187,810.365,221.044,744.611,447.259,462.782
562.299,985.204,513.000,809.783,221.147,744.919,447.072,462.643
562.267,984.989,512.806,809.846,221.112,745.031,447.265,462.570
562.746,984.587,513.513,809.412,220.980,744.561,446.992,462.153
562.370,983.559,513.802,809.590,221.120,744.776,446.909,462.461
563.032,984.982,513.465,809.676,220.763,744.321,446.900,462.119
563.083,984.353,513.121,809.544,221.015,744.288,446.903,461.600
562.587,983.881,513.006,809.813,220.841,744.391,446.794,461.491
562.988,984.628,513.860,808.618,220.807,744.589,447.104,461.798
562.924,984.748,513.655,808.927,220.915,744.362,447.295,461.833
562.405,984.155,513.417,809.690,220.839,743.728,447.487,461.776
563.017,984.290,512.921,810.030,220.482,743.857,447.362,461.592
563.238,984.954,512.636,810.534,220.697,743.817,447.251,461.714
563.107,985.018,512.605,810.290,220.670,743.897,447.289,461.819
563.349,984.272,513.237,810.057,220.905,743.960,447.625,460.994
563.161,984.079,513.741,809.554,220.788,744.577,447.454,461.334
562.910,983.406,512.615,809.848,221.015,744.400,447.315,461.441
563.207,983.820,512.891,809.861,220.849,744.524,447.187,462.137
562.478,983.636,512.685,810.012,221.024,744.410,447.129,461.832
562.269,983.830,511.785,811.006,221.083,744.739,446.899,462.155
562.488,984.779,512.308,810.489,220.915,744.614,446.916,461.896
562.374,984.113,512.745,810.083,220.879,743.910,446.357,462.264
562.954,983.548,513.852,809.320,221.080,743.927,446.448,461.892
562.438,983.670,512.697,809.489,221.011,744.051,447.037,461.712
563.053,984.503,512.364,810.382,221.226,744.439,447.087,461.362
562.201,985.272,512.069,810.639,220.948,744.049,447.410,460.526
562.631,985.250,512.527,811.390,221.017,744.095,447.717,460.572
562.594,984.128,513.015,810.918,220.902,744.265,447.704,461.017
562.224,984.723,512.582,811.507,220.989,744.721,447.549,460.844
562.335,984.641,511.681,811.523,220.674,744.673,447.289,461.270
562.147,984.662,511.554,811.337,220.924,744.145,446.953,460.765
562.705,984.475,512.064,810.743,221.198,745.006,446.858,461.120
563.261,985.123,512.644,810.067,221.006,744.858,447.371,460.840
562.440,984.382,512.162,810.200,220.876,744.762,447.348,460.638
562.651,984.115,511.265,810.992,221.889,746.726,447.803,460.383
562.838,984.121,511.172,811.001,221.823,746.563,448.229,461.045
563.544,984.742,511.734,810.483,221.122,744.877,448.102,460.286
562.728,983.895,511.700,810.450,220.784,744.923,448.011,460.302
562.576,983.807,512.421,810.153,220.882,744.687,447.757,461.599
562.798,983.958,511.992,810.078,220.774,743.932,447.567,461.987
563.466,984.535,512.420,809.940,221.064,744.304,446.995,462.246
562.679,983.932,511.708,809.980,220.688,744.508,446.988,461.864
562.249,984.430,510.853,810.072,221.029,744.174,446.959,461.755
562.373,984.951,511.739,810.042,220.876,744.747,447.047,461.192
563.064,984.554,511.580,809.521,221.027,745.253,447.064,460.584
562.763,984.003,511.660,810.272,220.687,744.899,447.250,459.848
562.451,984.238,511.327,809.925,220.894,744.778,447.178,460.134
562.516,984.294,511.133,810.288,220.983,744.945,447.554,460.862
562.624,983.883,511.511,809.732,221.074,744.974,447.342,460.531
563.308,984.676,511.838,810.755,221.419,745.724,446.907,461.652
562.573,984.230,511.800,810.465,221.453,745.894,446.482,461.518
562.471,984.212,511.561,810.255,220.512,744.430,445.943,462.153
562.812,984.541,510.837,810.145,220.762,744.611,446.238,461.415
562.893,984.497,510.149,810.234,221.499,745.003,446.329,461.511
562.789,984.663,510.522,810.574,221.092,744.051,446.752,461.382
562.619,983.947,511.671,809.615,221.078,744.560,447.053,460.607
562.208,984.002,512.277,809.208,221.460,745.131,446.803,462.631
562.363,983.891,510.909,809.926,221.225,745.082,446.783,463.145
563.005,984.161,510.593,809.455,221.295,745.131,446.697,462.938
562.415,983.385,510.705,809.852,221.249,745.025,446.381,462.797
562.454,983.466,510.239,809.895,221.364,744.397,446.557,462.348
562.333,983.879,509.925,809.793,221.104,744.036,446.463,462.310
562.341,983.635,510.835,810.466,221.368,745.173,446.438,462.061
562.910,984.083,510.956,809.358,221.086,744.480,446.423,462.111
563.153,984.094,510.512,808.972,221.054,744.068,446.009,462.537
563.288,983.838,509.935,809.091,221.549,745.458,445.808,463.047
563.143,982.970,510.399,809.343,221.162,744.629,445.849,463.180
563.133,983.166,511.083,809.280,221.104,744.425,446.342,462.366
562.929,983.726,510.579,809.646,221.578,745.135,447.319,461.283
562.933,983.929,509.980,810.071,221.140,744.265,448.422,460.878
562.900,983.477,511.180,809.854,221.531,745.697,448.781,461.742
562.618,983.423,510.357,809.694,221.498,745.576,448.801,463.784
562.522,983.114,510.716,809.526,221.585,745.429,448.249,464.439
562.205,983.095,509.403,809.585,221.151,744.755,448.354,465.110
562.015,983.459,507.731,809.599,221.088,744.554,448.173,465.636
562.495,983.697,508.309,809.622,220.970,745.157,448.264,465.679
562.583,983.876,509.162,809.361,221.044,745.164,448.404,464.451
562.524,983.330,510.084,808.871,220.788,745.189,448.777,463.267
562.316,982.236,509.978,809.012,220.787,745.158,448.599,462.862
562.753,982.488,508.355,810.477,220.923,744.768,448.761,461.362
562.740,982.497,507.830,810.712,220.784,744.598,448.043,461.592
562.333,982.725,507.209,811.059,220.923,745.091,447.190,461.796
562.576,983.159,507.685,811.682,220.968,744.868,446.667,460.646
562.376,983.207,508.221,811.343,220.985,744.917,446.679,460.634
562.242,982.770,508.691,811.316,221.099,744.426,446.430,461.381
562.548,982.826,508.873,811.961,221.165,744.722,446.925,461.528
562.285,982.622,507.659,811.964,221.084,744.160,446.860,463.079
562.096,983.058,507.250,811.803,221.203,744.315,446.938,463.029
561.940,983.020,507.601,812.085,221.051,744.060,446.635,463.714
562.059,982.876,508.214,811.450,220.867,744.214,446.845,464.102
562.254,982.804,507.948,812.167,221.424,745.147,447.486,463.232
562.089,982.612,507.461,812.591,221.001,744.205,447.847,462.030
561.900,982.958,507.149,811.386,221.060,743.956,446.506,462.589
561.598,983.435,507.216,810.778,220.743,744.083,445.717,463.411
562.473,984.132,508.686,810.026,221.423,745.125,445.885,463.181
562.324,983.314,508.401,811.269,221.609,744.797,446.656,462.912
562.089,982.929,509.094,810.650,221.357,745.352,446.922,462.722
562.162,983.088,509.822,808.889,221.061,743.790,446.782,463.635
562.178,982.846,509.626,808.867,221.101,743.770,446.730,463.621
561.704,983.505,509.043,811.039,221.524,745.469,446.501,463.149
562.071,982.867,509.418,810.598,221.865,745.383,446.360,462.937
562.535,983.864,510.179,809.282,220.757,744.054,446.370,463.334
562.005,983.273,509.666,810.184,221.079,744.475,446.981,463.605
562.206,983.483,508.461,810.542,220.980,744.322,447.687,462.230
562.112,984.004,507.478,809.492,221.075,744.107,448.255,463.857
562.364,983.985,507.260,809.966,221.553,745.045,449.240,464.297
562.209,983.342,508.769,811.136,221.142,744.433,449.598,465.356
561.956,983.468,508.618,811.002,220.890,744.316,449.149,464.881
561.981,983.812,507.970,810.903,221.048,744.238,447.841,464.831
562.346,984.351,510.265,811.704,220.911,744.936,447.831,464.090
562.322,984.190,510.714,811.311,220.883,744.831,447.630,464.363
562.169,983.905,508.915,811.804,220.999,744.550,447.937,463.935
562.053,984.124,508.720,811.491,220.995,744.751,447.612,464.306
561.859,984.184,509.115,810.571,220.895,744.753,444.117,465.669
561.882,983.973,509.214,811.589,221.236,744.663,445.705,464.714
561.819,984.093,508.079,810.012,220.802,744.820,445.353,464.783
562.164,984.287,507.965,809.841,220.861,744.235,446.942,464.979
562.521,983.975,507.718,809.902,220.904,743.983,447.864,464.619
562.893,983.573,508.569,810.750,221.099,744.907,447.396,464.962
562.952,983.590,508.876,811.441,220.951,744.718,448.028,465.051
562.332,983.391,508.309,810.967,220.929,744.583,447.511,463.990
561.762,983.860,507.940,810.395,220.853,744.472,447.251,463.479
561.598,983.961,508.096,810.666,221.066,744.531,446.772,463.644
562.280,984.202,508.860,811.874,221.291,744.816,445.647,463.131
562.470,983.504,508.393,811.608,221.097,744.235,445.864,462.901
562.298,982.865,508.037,810.638,221.157,744.691,445.852,463.228
562.319,983.502,508.824,810.368,221.156,744.739,445.911,463.653
561.715,983.583,508.789,810.667,221.056,745.030,445.738,463.352
561.363,984.261,508.662,811.448,221.302,744.859,445.528,463.714
561.814,983.851,508.136,810.493,221.183,744.979,445.034,463.929
561.920,984.209,508.034,810.080,221.198,745.132,445.317,463.896
562.153,984.099,508.653,810.414,221.270,744.564,445.243,463.720
562.288,983.482,508.979,810.233,221.141,744.366,445.225,463.959
562.136,983.660,509.378,810.570,221.357,744.377,445.080,464.696
562.022,984.478,509.887,810.645,221.150,744.980,445.260,464.825
561.448,983.850,510.847,810.322,221.140,745.052,445.506,464.827
561.778,983.962,510.467,810.703,221.328,745.302,445.359,464.865
561.339,983.725,509.959,810.872,221.083,745.433,445.515,464.660
561.156,983.311,509.301,811.552,220.977,744.072,445.694,464.409
561.988,983.717,509.021,811.889,220.993,744.285,445.804,464.398
560.975,984.425,509.057,810.879,220.847,744.662,445.719,463.926
561.058,984.442,509.875,810.385,221.051,745.012,445.680,464.401
561.737,984.636,510.300,809.939,221.210,744.997,445.726,463.936
561.624,984.563,509.394,810.548,221.261,744.812,445.888,463.849
561.256,984.565,508.982,811.494,221.205,744.585,446.113,464.067
561.532,984.782,509.011,811.756,221.032,744.995,446.078,464.187
562.102,984.792,509.458,810.918,221.097,745.109,446.226,463.905
561.678,985.814,510.641,811.220,221.255,745.236,446.317,464.270
561.591,985.639,510.309,810.836,221.172,744.666,446.002,464.561
561.374,985.395,509.462,811.998,221.374,744.467,446.331,463.995
561.629,985.122,509.382,812.459,221.240,744.461,446.270,463.562
561.488,985.246,509.012,812.319,221.201,744.693,446.506,463.368
561.191,986.738,508.877,812.779,221.156,744.725,446.256,464.270
560.446,986.576,508.108,812.926,220.966,744.165,446.671,463.896
561.197,985.361,507.521,813.872,221.093,744.340,446.702,463.268
560.822,985.305,507.251,813.548,221.235,744.191,446.835,463.211
560.361,985.467,507.742,812.442,221.115,744.106,446.916,463.560
559.986,985.793,508.396,811.101,220.815,743.758,446.345,463.951
560.192,986.326,508.636,811.356,220.762,743.636,446.156,464.363
558.922,985.409,508.257,811.538,220.925,744.252,446.146,464.466
558.058,984.471,507.979,811.327,221.148,744.528,445.397,464.851
558.380,985.381,507.704,811.382,221.168,744.806,445.893,464.369
559.054,985.790,508.333,811.446,220.782,744.621,445.455,464.694
560.623,986.411,507.678,811.968,220.914,744.877,445.642,464.806
560.093,986.860,507.739,812.355,221.132,744.927,445.311,464.856
559.908,986.466,506.903,813.784,221.079,744.900,445.586,464.847
558.804,987.181,507.369,813.701,221.253,744.709,445.841,464.464
558.952,987.132,507.472,812.304,221.173,744.292,445.876,464.417
559.284,986.904,507.388,811.488,220.995,744.369,445.539,464.806
559.567,987.195,507.759,811.758,220.906,744.082,445.596,464.935
559.542,986.667,508.061,812.630,221.049,744.346,445.860,464.008
558.736,986.620,507.546,812.285,220.889,743.834,446.369,464.318
558.570,986.503,507.675,812.594,221.026,743.958,446.481,464.575
558.056,984.845,508.181,813.443,220.858,743.880,446.536,464.475
558.849,984.842,510.244,811.953,220.964,744.507,446.270,464.424
558.502,986.228,508.533,812.647,220.724,744.164,446.215,463.984
558.097,983.984,508.943,811.387,220.783,744.424,446.290,464.004
558.626,984.101,508.531,812.863,221.029,744.237,446.255,464.523
558.011,983.491,508.373,813.272,220.792,744.248,446.435,463.816
559.679,983.832,508.105,811.764,221.048,743.722,446.360,463.268
561.363,983.243,507.704,811.729,221.059,743.853,446.811,463.915
561.477,985.152,507.840,811.545,220.876,744.006,447.013,463.940
559.828,985.046,507.214,812.580,220.875,743.801,447.049,463.956
559.387,984.303,507.607,812.792,220.884,744.092,446.838,464.446
560.089,985.400,507.045,813.073,220.836,743.966,446.890,464.583
561.022,984.932,507.913,812.386,220.677,743.748,447.202,464.749
560.556,984.339,507.622,811.932,220.854,743.905,447.425,463.420
559.212,983.633,506.683,813.131,220.938,744.204,447.366,464.078
559.604,984.594,509.909,811.361,221.019,744.493,447.482,463.913
560.721,985.060,509.761,811.532,220.982,744.350,447.522,463.857
561.897,984.251,508.603,812.805,220.606,744.325,447.558,463.343
560.216,984.890,508.203,811.087,220.925,744.278,448.010,463.400
559.102,984.011,507.819,811.925,220.766,744.776,447.598,463.971
560.241,984.421,508.524,812.936,221.096,744.798,448.112,464.375
559.150,984.179,508.050,813.220,220.941,744.186,447.984,463.552
558.540,983.919,507.507,813.201,220.801,744.158,447.818,463.413
560.113,984.074,508.590,811.336,220.877,743.992,447.813,464.089
560.075,983.560,508.744,811.033,220.908,744.039,448.564,463.220
561.166,983.181,508.883,811.375,221.001,743.955,448.898,460.156
561.218,983.347,508.521,812.892,220.940,744.347,449.236,459.817
560.855,983.502,508.604,813.462,220.824,743.872,449.346,459.681
560.999,983.567,508.176,813.967,220.919,744.163,449.703,460.179
561.022,983.908,507.544,813.549,220.839,744.069,449.354,461.872
560.718,983.296,507.592,813.237,220.992,743.634,449.907,461.197
560.923,983.615,507.820,812.508,221.020,743.486,451.437,460.389
561.062,984.198,507.883,812.112,221.054,743.787,450.841,460.967
560.775,984.754,507.927,812.003,221.173,744.114,451.564,461.648
560.703,984.579,508.451,812.177,221.083,744.108,451.537,462.519
560.961,984.282,508.100,812.877,221.096,743.921,451.353,462.872
560.732,984.014,507.933,813.210,221.101,744.380,451.105,462.559
561.123,983.720,508.166,813.232,221.303,744.599,450.536,461.544
560.733,984.430,508.458,812.612,221.230,744.071,451.177,461.167
560.636,984.381,508.578,811.871,221.121,743.887,450.909,461.719
561.282,984.278,509.048,812.921,221.173,744.722,451.213,461.681
561.121,984.594,509.920,812.336,221.013,743.820,451.425,461.122
560.913,984.432,510.134,811.540,220.942,743.871,451.301,461.023
561.109,984.401,509.882,811.701,220.892,743.536,450.870,461.424
561.343,983.916,509.704,812.381,220.967,744.011,449.924,462.458
561.018,984.796,509.658,812.584,221.117,744.812,449.827,462.316
561.156,984.878,509.925,812.001,220.937,744.695,449.224,463.053
561.266,984.199,511.104,811.484,220.922,744.361,448.614,462.645
561.071,984.756,510.555,810.818,221.013,744.510,448.579,462.081
560.974,984.612,510.796,810.709,220.983,743.358,448.759,462.160
561.433,983.810,510.917,811.326,220.943,743.654,448.659,462.440
561.327,984.183,509.989,811.588,220.925,744.682,448.667,461.784
561.510,984.091,509.657,812.063,220.819,744.710,448.485,462.505
561.158,984.994,509.479,812.128,220.831,744.063,448.566,462.811
560.979,984.228,509.326,810.946,220.929,744.207,448.863,462.635
561.426,984.045,509.574,811.091,220.939,744.554,448.678,462.368
561.797,984.494,509.240,811.261,220.956,744.187,448.380,462.208
561.439,983.967,509.110,811.260,221.071,744.631,448.253,462.993
561.172,984.221,509.670,811.428,221.000,744.127,448.265,462.818
561.293,984.128,509.466,810.444,221.042,744.167,448.697,462.270
561.577,984.309,509.207,810.540,220.915,744.866,448.769,462.900
561.273,984.218,509.401,810.566,220.938,744.693,448.861,462.866
561.178,984.651,509.382,810.751,220.905,743.724,448.461,462.825
561.799,984.138,509.578,810.393,220.845,743.794,447.878,463.153
561.724,984.361,509.813,809.991,221.190,744.841,448.032,462.557
561.749,984.426,509.644,810.105,220.865,743.761,448.150,462.382
561.608,983.692,509.628,810.842,221.112,743.896,448.169,462.221
561.712,984.005,509.820,810.457,221.054,743.727,448.391,462.263
562.314,984.875,509.970,810.879,221.106,743.725,448.346,462.517
562.193,984.252,509.901,811.011,221.052,743.691,448.454,462.716
562.159,984.649,509.939,810.632,220.986,743.856,448.282,463.091
562.061,984.111,509.796,810.334,221.134,744.655,448.181,463.073
562.216,984.098,509.913,810.430,221.322,745.103,448.087,462.801
562.189,984.243,510.387,810.568,220.903,743.453,447.960,462.628
562.418,984.823,509.588,810.377,221.054,743.868,448.088,462.553
561.980,985.078,509.465,810.433,221.047,744.651,448.604,462.461
561.943,984.788,509.616,810.227,221.165,744.739,449.214,461.666
562.183,984.801,509.416,810.386,221.049,743.716,449.035,462.232
562.213,984.738,508.974,810.362,221.200,744.836,448.544,463.380
562.048,984.410,509.501,810.246,221.142,745.025,447.669,463.348
561.970,984.047,509.543,810.543,220.918,743.908,447.997,462.503
561.864,984.314,509.557,810.586,221.078,744.770,447.926,462.205
561.777,984.198,509.991,810.527,221.077,744.144,448.046,462.179
561.520,983.502,509.803,810.872,221.151,744.981,448.008,462.316
561.637,983.900,510.268,810.076,221.162,744.285,448.663,462.783
561.592,984.036,509.760,810.253,221.167,744.277,448.719,463.212
560.966,984.077,509.878,809.784,221.230,744.743,449.447,462.836
560.779,985.168,509.476,809.283,221.179,744.878,449.327,462.232
560.972,984.452,510.114,809.529,221.104,744.137,448.800,462.685
561.230,983.986,509.931,809.050,221.072,744.090,448.590,462.765
561.427,984.473,509.751,809.222,221.069,744.910,448.353,463.151
561.149,983.853,509.849,809.647,221.163,744.915,448.370,463.444
561.006,982.822,510.127,810.262,220.755,744.422,448.489,463.829
561.420,983.481,510.647,809.562,220.947,744.160,448.445,463.154
562.050,984.275,510.989,809.386,220.846,744.096,448.484,462.998
561.783,983.532,510.319,809.180,220.688,743.728,448.567,461.683
561.456,983.281,509.974,808.997,220.732,743.794,447.394,461.761
561.558,983.522,509.999,809.467,221.011,744.528,447.209,462.840
561.808,983.345,509.939,809.282,220.955,744.619,447.486,462.290
561.845,983.196,510.134,809.601,220.709,744.029,447.678,462.053
561.471,983.376,510.093,809.558,220.813,744.014,447.882,462.251
561.473,983.635,510.278,809.968,220.915,744.563,448.047,462.747
561.024,983.934,509.910,809.182,220.522,744.201,448.424,463.200
560.684,984.704,510.450,810.103,221.140,744.146,448.245,463.444
560.045,985.488,509.763,809.937,221.189,743.874,448.064,463.508
560.381,985.341,509.591,809.793,221.182,744.199,448.366,462.668
560.361,985.372,509.659,809.687,221.294,744.665,448.788,461.371
560.775,984.434,509.725,810.371,221.183,744.605,448.358,461.613
560.648,984.170,510.000,809.581,221.283,744.497,447.589,462.589
560.426,984.602,509.902,809.125,221.260,744.607,447.600,462.570
560.458,984.136,509.896,809.162,221.094,743.721,447.532,461.938
560.501,984.112,509.703,809.199,221.064,743.825,447.489,462.188
560.754,983.713,509.625,809.138,220.969,743.959,448.035,461.345
560.678,983.388,509.666,808.794,221.084,744.103,448.308,460.841
560.894,983.104,509.422,809.073,221.140,744.057,448.986,461.169
561.101,982.895,508.862,809.713,221.123,744.696,448.715,460.929
560.622,983.817,509.197,808.973,221.380,744.774,448.455,462.376
560.801,983.837,509.190,809.057,221.272,744.647,447.918,463.016
560.676,984.015,509.215,809.350,220.785,744.104,448.374,463.592
560.994,983.763,509.042,809.913,220.823,743.933,447.940,463.553
561.091,983.382,509.300,809.082,220.910,744.122,447.933,463.210
560.782,983.706,509.681,809.243,221.254,744.162,448.250,462.561
560.725,983.873,509.315,808.670,220.940,744.358,448.238,463.085
560.842,983.510,509.890,808.654,221.579,744.893,448.570,462.242
560.970,983.439,509.588,809.227,221.002,743.744,448.524,461.744
560.828,983.625,509.673,809.298,220.938,743.739,448.985,462.030
560.801,983.779,509.701,808.743,221.013,743.876,449.218,462.125
560.848,983.997,509.751,809.594,221.058,743.926,449.044,462.609
560.814,983.604,509.777,809.179,220.991,743.884,449.177,461.897
560.927,983.869,509.517,809.297,220.845,743.761,448.919,462.808
560.799,983.940,509.893,809.345,220.621,743.706,448.987,462.748
560.874,983.922,509.903,809.043,220.777,744.657,448.897,462.976
561.083,984.230,509.782,808.418,220.718,744.454,448.950,461.950
561.017,984.213,508.882,808.449,220.839,744.516,448.447,462.882
560.998,984.132,508.462,809.137,220.747,743.612,448.120,463.512
560.750,983.971,509.120,808.826,220.711,743.571,447.959,463.963
560.955,983.970,509.723,808.829,220.824,744.405,448.253,463.821
561.028,983.750,508.585,809.630,220.781,744.203,448.048,463.852
560.687,984.050,508.572,809.588,221.159,744.158,447.230,465.456
560.761,983.756,509.815,809.495,220.987,743.830,447.196,465.121
560.504,984.524,509.633,809.000,220.961,743.541,447.280,465.612
560.591,984.222,508.528,809.298,221.103,743.973,447.339,465.618
560.728,983.717,508.421,809.089,221.350,744.717,447.390,465.430
560.471,982.691,509.116,809.062,221.336,744.357,447.235,465.760
560.499,983.267,508.603,808.407,221.246,744.475,447.557,464.458
560.871,982.714,509.046,808.778,221.054,744.069,447.775,464.115
560.611,982.207,509.132,809.190,220.981,743.948,447.797,464.178
560.259,982.340,508.891,809.080,221.173,744.163,447.880,463.929
559.261,981.620,508.275,808.863,221.202,744.106,447.570,464.305
559.610,981.942,508.920,809.340,221.081,743.950,447.673,464.447
559.435,982.100,509.605,808.279,221.116,744.131,447.815,464.375
559.867,981.481,509.099,809.062,220.885,743.426,447.749,464.585
559.475,980.411,508.874,808.950,220.991,743.653,447.666,464.582
559.848,980.491,508.920,808.522,221.203,744.441,447.709,464.317
559.266,980.971,507.532,808.702,221.160,744.785,447.484,464.592
559.407,980.999,507.884,808.611,220.967,744.320,447.534,464.780
559.389,981.306,508.789,809.058,221.098,744.445,447.671,464.403
558.876,981.697,508.663,808.220,221.228,744.286,447.289,465.512
559.545,981.073,508.893,808.249,221.170,743.923,447.819,463.958
559.300,981.025,508.544,808.091,221.197,744.016,447.937,463.873
558.788,981.471,507.395,808.247,221.066,744.426,448.206,463.689
559.138,980.973,506.944,807.606,221.024,744.486,448.328,463.496
559.525,981.161,508.186,808.502,221.149,744.477,448.569,463.022
559.005,981.040,508.041,808.230,221.083,744.373,448.606,462.898
559.099,981.753,507.841,808.112,221.038,744.163,448.317,463.397
559.518,981.621,507.384,808.249,221.085,744.578,448.717,462.957
559.613,981.558,508.184,808.436,221.095,743.725,448.045,463.767
559.560,981.470,508.753,808.644,221.098,744.361,448.184,463.702
559.566,981.313,508.660,808.358,221.012,743.623,447.773,463.555
559.245,981.446,509.786,808.067,220.883,744.434,447.492,464.078
559.435,981.130,507.616,808.857,220.822,743.749,447.564,464.230
559.673,981.089,507.210,809.548,220.794,743.919,447.401,464.301
559.521,981.471,507.623,809.264,220.807,743.920,447.316,464.636
559.389,981.291,508.605,808.429,220.639,743.568,447.378,464.371
559.854,981.170,508.804,808.503,220.779,743.990,447.794,463.838
559.759,981.071,509.313,807.854,220.803,743.713,447.358,464.495
559.890,980.944,508.418,808.355,220.730,743.647,447.222,464.720
559.857,980.787,506.160,809.332,220.816,743.683,447.215,464.951
559.793,980.891,504.482,809.998,220.817,744.179,447.375,464.591
560.312,980.527,504.531,810.724,220.855,743.728,447.958,464.134
560.106,980.526,506.413,810.862,220.824,743.587,447.448,464.555
560.033,980.608,506.405,810.588,221.050,745.016,447.521,464.423
560.126,980.281,505.073,811.458,221.267,745.048,447.953,463.322
559.938,980.446,504.214,812.072,221.130,745.148,447.768,463.838
559.742,980.501,504.217,811.850,220.877,744.822,447.924,463.780
560.046,980.357,504.101,811.886,220.894,744.455,447.440,463.372
560.298,980.671,504.161,811.737,220.988,744.357,447.084,462.946
559.618,980.905,504.503,811.770,221.059,744.357,447.901,463.347
559.642,980.529,504.081,812.396,221.024,744.378,447.275,463.982
559.934,980.527,503.952,811.680,220.916,744.207,447.298,464.023
560.203,980.504,503.910,812.226,220.933,743.496,447.722,463.641
559.409,980.813,504.200,811.772,220.955,743.617,447.046,464.118
559.852,980.640,504.087,812.443,221.009,743.505,447.382,464.092
559.696,980.456,503.564,812.489,220.960,743.505,447.029,463.437
559.787,980.406,503.182,811.829,220.812,743.584,447.242,463.598
559.902,980.609,503.364,811.563,220.742,743.742,446.985,464.736
559.813,980.905,503.873,810.561,220.660,744.519,447.379,464.194
559.916,980.542,503.763,809.467,220.759,743.762,447.590,464.012
559.751,980.354,504.176,811.028,220.845,744.076,446.950,464.687
559.963,980.419,505.117,810.642,220.718,743.887,447.501,463.913
559.444,980.585,505.112,810.315,220.763,744.210,447.428,464.047
559.776,980.651,505.466,809.551,220.810,743.817,446.953,464.679
559.497,980.734,503.851,809.764,220.842,743.677,446.962,464.962
559.495,980.580,504.130,809.698,221.125,744.130,447.296,463.577
559.579,980.424,506.120,809.426,220.964,743.871,447.299,463.822
559.705,980.412,504.793,809.954,220.994,743.805,447.416,463.982
559.556,980.826,504.531,809.230,220.992,744.357,447.647,463.748
559.682,980.670,505.049,809.153,220.926,744.191,447.580,463.727
559.656,980.705,504.884,808.719,220.919,744.247,447.783,463.600
559.860,980.371,504.309,808.656,221.071,744.334,447.680,463.644
559.731,980.593,504.291,809.865,221.087,744.317,447.661,463.873
559.668,980.622,504.545,811.191,220.937,743.415,447.817,463.622
559.576,980.715,504.855,811.694,220.755,743.359,447.855,462.581
559.437,980.732,505.212,812.317,220.851,743.406,447.907,462.050
559.905,980.299,504.255,812.154,220.913,743.948,447.768,463.793
559.302,980.723,504.412,810.910,220.855,743.845,447.889,463.622
559.530,980.849,504.951,810.001,220.795,744.244,448.310,463.131
559.413,980.737,504.357,809.865,220.888,744.192,448.757,462.650
559.189,981.267,505.005,811.460,221.078,744.306,448.529,462.984
559.314,981.222,505.876,810.271,220.909,743.808,448.304,463.311
559.150,981.091,505.947,808.943,220.943,743.579,448.344,462.795
558.964,981.597,506.349,809.181,221.050,744.143,447.617,463.983
559.186,981.905,505.989,809.334,220.946,744.622,447.496,462.963
559.749,981.399,505.884,809.183,221.047,743.902,447.169,465.083
559.342,981.716,506.839,809.392,221.078,744.109,446.743,464.823
559.294,981.469,507.828,808.881,220.888,744.403,447.254,464.033
559.798,981.561,507.752,809.077,221.041,744.802,446.632,464.995
559.372,981.684,507.572,808.967,221.027,744.562,446.355,465.770
559.208,981.605,508.115,809.278,220.833,744.475,447.288,463.684
559.453,981.399,507.765,809.341,220.931,744.541,447.588,463.697
559.271,981.489,508.254,809.313,220.961,744.637,447.620,463.892
559.363,981.652,508.121,809.396,220.617,744.334,447.801,463.385
559.574,981.495,508.063,809.656,220.909,744.437,447.922,462.617
559.123,981.617,508.444,809.157,221.001,744.667,447.787,463.797
559.393,981.284,507.932,809.435,221.024,744.500,447.678,463.235
559.351,981.589,507.067,810.308,221.005,744.281,447.731,463.752
559.362,981.392,507.468,809.975,220.895,743.950,447.702,463.807
558.994,981.461,507.155,809.836,221.049,744.065,447.829,463.679
559.136,981.352,507.792,810.387,220.898,744.004,448.261,463.774
559.007,981.219,506.757,810.882,220.993,744.049,448.425,464.114
558.916,981.565,506.327,810.528,220.713,744.426,447.945,464.771
559.059,981.333,505.435,810.644,220.664,744.546,447.927,463.980
558.989,981.050,506.548,809.639,220.553,743.430,448.177,464.229
558.885,980.890,505.311,810.424,220.666,743.806,448.508,463.869
559.285,980.922,506.312,810.238,220.831,744.140,449.073,464.698
559.289,980.784,506.301,810.752,220.963,743.913,449.485,465.248
559.124,981.234,507.585,809.641,220.816,744.632,449.857,465.239
559.066,981.283,507.525,809.784,220.991,744.842,449.182,465.169
559.291,980.922,507.349,809.518,220.731,744.770,449.356,465.363
559.202,980.612,507.159,809.506,220.802,744.138,449.523,465.285
559.183,980.780,506.861,808.926,220.810,744.105,450.138,466.411
559.228,980.811,507.353,808.810,220.865,743.541,448.979,467.027
558.774,981.163,507.032,809.311,220.935,743.492,448.543,467.603
559.126,981.173,507.635,809.281,221.023,743.908,448.729,467.267
559.090,981.329,507.670,809.113,220.910,743.928,448.035,467.633
559.130,980.829,507.282,809.399,221.109,744.643,447.561,467.306
559.062,980.788,507.758,809.380,220.993,743.864,447.831,467.580
558.668,981.422,506.815,809.818,220.876,744.430,447.556,467.124
558.822,981.249,507.193,809.642,220.995,744.596,448.225,467.354
559.837,981.101,507.631,809.372,220.898,744.429,448.567,467.244
559.002,981.390,507.512,809.104,220.943,744.626,448.352,467.945
558.668,981.333,507.103,809.636,220.850,744.142,447.790,468.252
559.441,980.818,506.973,810.104,220.923,744.512,448.257,467.186
559.374,981.147,509.415,809.248,220.972,744.419,446.634,468.936
559.382,981.422,507.657,810.170,220.833,743.629,446.928,468.862
559.053,981.049,507.406,810.105,220.765,743.589,447.029,468.964
559.055,981.034,507.746,809.838,220.684,744.088,446.962,468.140
558.628,981.842,507.594,809.661,220.823,744.240,446.626,468.809
558.626,982.055,507.314,809.521,220.560,744.299,446.000,467.827
558.806,981.183,507.760,809.430,220.559,744.251,446.363,467.610
559.208,980.769,508.616,809.350,220.889,743.657,447.409,467.609
559.595,981.220,508.039,809.738,220.752,744.331,447.433,467.311
559.310,981.577,507.691,809.862,220.732,744.548,447.216,467.567
559.248,981.354,507.642,809.786,220.550,744.666,447.380,467.990
558.902,981.448,507.550,809.829,221.003,743.979,448.171,468.382
558.548,981.492,508.116,809.633,220.902,744.035,448.131,468.600
558.593,981.535,508.132,809.584,220.936,743.845,447.679,469.107
559.504,981.543,508.796,809.145,220.770,743.914,446.857,469.111
559.479,981.683,508.378,809.364,221.000,744.001,446.679,468.363
559.362,981.362,508.128,809.757,220.694,744.003,446.500,468.813
559.543,981.237,508.342,809.597,220.848,744.070,446.381,468.267
559.456,981.087,508.676,809.777,220.663,743.758,446.558,468.030
558.908,981.317,508.706,809.650,220.692,743.916,446.038,468.780
559.440,981.137,508.467,809.477,220.554,744.012,446.305,468.151
559.313,981.290,508.542,809.588,220.704,743.922,445.765,467.676
559.305,981.267,508.683,809.454,220.768,744.431,444.619,468.279
559.543,981.402,508.910,809.641,221.168,745.259,443.975,468.457
558.971,981.574,508.911,809.535,220.716,744.405,443.207,469.637
559.483,981.265,508.693,809.714,220.827,743.808,443.505,468.801
559.488,981.390,508.808,809.720,220.461,744.018,443.722,468.823
559.349,981.241,509.803,809.245,220.799,743.911,443.113,468.624
559.384,981.136,509.983,809.540,220.816,744.036,442.593,468.668
558.861,981.294,510.898,808.992,220.877,743.847,442.142,469.107
558.959,981.329,510.680,808.994,220.962,743.926,441.998,468.676
558.924,981.557,510.798,809.024,220.862,743.750,441.302,470.302
559.144,981.279,510.261,808.986,220.910,743.965,439.984,470.645
558.826,981.332,510.974,809.200,220.779,744.433,440.011,470.500
559.116,981.378,511.475,807.969,220.813,744.673,440.218,470.868
559.375,981.238,510.021,808.025,220.945,744.092,439.491,472.218
559.321,980.983,510.014,807.410,220.968,743.821,439.459,471.335
559.199,980.802,509.698,807.339,221.082,743.565,439.696,471.695
559.126,980.969,509.733,807.151,221.004,744.318,440.278,470.953
559.345,980.866,509.980,807.078,220.722,743.896,440.201,471.265
559.013,981.111,510.295,807.491,220.678,743.904,439.435,471.458
558.849,981.103,510.038,807.484,220.561,743.608,439.323,471.356
558.905,980.774,510.315,807.392,220.734,743.917,439.822,471.624
559.209,980.609,510.339,807.473,220.759,744.730,440.052,471.152
559.031,980.834,510.415,807.623,220.838,744.711,439.848,471.204
558.662,981.163,510.419,807.407,220.838,744.200,439.934,470.673
559.142,980.942,510.244,807.274,220.664,743.821,439.767,471.387
559.146,981.081,509.918,806.924,220.670,743.746,439.599,471.838
558.955,981.004,509.852,806.608,220.723,743.932,439.546,471.228
558.906,980.831,509.903,807.241,220.789,743.596,439.950,470.431
558.727,981.147,509.839,806.808,220.942,743.888,440.141,470.797
558.495,981.626,509.810,806.980,220.982,743.747,439.900,471.433
558.442,981.669,509.286,807.148,220.897,743.850,440.028,471.453
559.063,981.583,508.759,807.462,220.482,743.284,440.384,470.891
559.046,980.770,509.166,807.297,220.691,743.437,440.631,470.349
559.037,980.970,509.306,807.290,221.499,744.912,440.633,469.625
559.096,981.002,509.214,807.301,221.069,744.084,440.624,469.886
558.705,981.500,508.103,807.488,220.842,744.076,440.379,469.980
558.321,981.935,508.711,807.210,220.855,744.184,440.265,470.153
558.355,982.103,508.859,807.813,221.046,743.726,440.204,469.940
558.731,981.519,509.091,807.417,221.030,743.777,440.202,469.503
558.901,981.572,508.780,807.467,221.013,743.574,440.369,469.318
558.429,982.130,508.895,806.999,221.023,743.395,440.818,468.699
557.934,982.139,508.566,807.162,221.054,743.329,441.006,468.811
558.044,982.566,509.659,807.244,220.902,743.887,440.971,469.283
557.891,982.331,509.572,807.200,220.982,743.766,441.183,468.894
557.639,982.470,509.766,807.231,220.910,743.598,441.089,468.570
557.925,982.359,509.569,807.079,220.703,743.388,441.218,469.179
557.750,982.527,509.317,807.114,220.907,743.906,441.519,468.209
558.113,982.624,509.470,807.236,220.817,744.081,441.455,468.911
559.101,981.381,509.212,807.566,220.741,744.108,441.490,468.518
559.086,981.244,508.882,807.442,220.862,744.611,441.787,468.219
558.770,981.134,509.908,807.395,220.786,743.767,441.681,468.108
558.249,981.843,509.743,807.103,220.752,743.480,441.879,468.445
557.966,982.378,509.927,807.123,221.060,743.836,441.483,468.692
558.000,982.165,509.892,807.373,220.958,744.564,441.331,468.528
557.976,982.684,509.594,807.438,221.070,744.292,441.410,468.438
557.901,982.805,509.703,807.477,221.125,744.499,441.432,468.395
558.009,982.698,509.639,807.387,221.328,744.346,441.461,468.396
558.563,981.338,509.886,807.181,221.006,744.196,441.505,468.426
558.898,981.354,510.024,807.289,220.926,744.455,441.538,468.520
558.718,981.610,509.044,807.636,220.862,743.085,441.767,467.603
558.191,981.930,509.390,807.350,220.903,743.348,441.803,467.526
558.697,981.554,509.105,807.534,220.733,743.701,441.739,467.513
558.800,981.401,509.134,807.586,221.008,743.658,441.696,467.239
559.001,981.319,509.402,807.779,221.126,743.711,441.973,466.807
559.107,980.883,509.987,807.658,220.981,743.797,442.121,466.651
558.943,981.320,509.458,807.944,220.790,743.276,442.104,466.803
558.639,981.499,509.760,807.791,220.774,743.166,442.483,465.533
559.058,980.845,510.059,807.373,220.884,743.402,442.605,465.703
559.135,980.726,510.104,807.366,220.825,743.692,442.625,466.258
558.747,981.458,510.125,807.153,220.729,743.631,442.604,465.905
558.676,981.387,509.411,807.975,221.026,743.678,442.895,466.114
558.702,981.435,509.384,807.537,220.821,743.714,442.686,467.055
558.537,981.688,509.379,807.805,221.056,743.798,442.682,467.352
558.471,981.541,508.270,807.871,220.945,743.349,442.722,466.376
558.246,981.639,508.888,807.824,221.060,743.724,442.727,467.021
558.884,981.226,508.701,807.434,221.004,743.896,442.551,466.897
558.847,981.154,508.283,807.677,220.788,743.410,442.576,466.195
559.007,981.312,508.563,807.896,220.751,743.364,442.629,466.246
558.536,981.542,508.630,807.902,220.956,743.669,442.664,466.138
559.304,981.134,508.488,807.372,220.736,743.865,442.891,465.866
559.113,981.013,508.546,806.775,220.717,744.205,442.974,466.320
558.971,980.794,508.856,807.284,220.863,743.935,442.968,466.453
558.527,981.456,508.701,807.634,220.633,744.195,443.043,466.443
558.419,981.486,508.903,807.314,220.682,743.968,443.097,466.437
558.612,981.454,508.961,807.825,221.029,744.255,442.991,466.662
558.261,981.616,508.920,807.320,220.636,743.585,442.725,466.247
558.162,981.756,508.878,807.217,220.690,743.710,443.098,466.291
557.821,982.028,508.745,807.628,220.795,743.724,443.004,466.275
558.499,981.513,508.777,807.456,220.708,743.676,443.103,466.130
558.350,981.762,508.421,807.394,220.535,743.704,443.034,465.884
558.807,981.263,508.544,807.554,220.706,743.459,442.979,466.588
558.527,981.651,508.568,807.723,220.773,743.290,443.196,465.943
558.345,981.707,508.599,807.680,220.713,743.292,443.142,466.234
558.513,981.326,508.740,807.140,220.938,743.428,443.483,465.694
558.406,981.229,508.972,807.213,220.967,743.959,443.893,465.391
558.311,981.685,509.193,807.101,220.938,744.099,443.677,465.531
558.000,981.706,509.153,807.152,220.768,743.377,443.852,465.303
558.197,981.543,509.067,807.398,220.573,743.394,443.919,465.393
558.738,981.608,509.061,807.315,220.730,743.935,444.173,465.538
559.035,981.381,509.051,807.172,220.579,743.708,444.041,465.137
558.366,981.416,509.018,807.413,220.998,743.856,444.263,465.269
558.787,981.421,509.124,807.521,220.979,743.659,444.506,464.973
558.835,981.546,508.760,807.817,220.722,743.798,444.531,465.240
558.990,981.507,508.914,807.803,220.727,743.697,444.413,465.635
559.192,981.232,509.131,807.636,220.643,743.819,444.810,465.683
558.676,981.350,510.171,807.593,220.936,743.791,444.911,465.143
558.655,981.172,509.120,807.771,220.765,744.820,444.853,465.658
559.053,981.412,509.546,807.689,220.776,743.365,444.784,465.330
559.232,981.256,509.337,807.753,220.853,743.311,444.757,465.433
558.909,981.459,509.814,807.437,220.726,743.611,444.654,464.868
559.017,981.307,509.799,807.485,220.845,743.611,444.455,464.985
559.184,981.072,509.693,807.764,220.807,744.505,444.194,465.991
558.603,981.709,509.429,807.672,220.757,744.422,444.064,465.680
559.081,981.486,509.524,807.466,220.810,743.702,444.046,466.053
558.857,981.650,509.623,807.531,220.910,743.509,444.163,465.891
558.933,981.431,510.009,807.818,220.834,744.146,444.668,465.549
558.422,981.334,509.872,807.940,220.596,744.280,444.663,465.325
558.131,981.342,510.020,807.818,220.941,743.518,444.236,466.056
557.858,980.709,510.085,807.831,221.266,745.303,444.288,466.473
558.097,979.771,510.243,807.995,221.146,743.957,444.041,467.141
557.904,979.185,510.221,807.749,220.856,743.240,444.067,466.011
558.055,979.072,510.328,807.766,220.873,743.574,444.111,466.167
558.288,978.890,510.582,807.777,220.792,743.482,443.969,466.687
558.533,977.807,510.674,807.767,220.882,743.361,443.736,466.502
559.032,977.422,510.606,807.768,220.718,743.273,443.980,465.586
559.436,978.106,510.725,807.681,220.704,743.584,444.238,465.447
559.579,978.125,510.261,807.933,220.905,743.492,443.909,465.396
559.696,978.321,510.616,807.933,220.645,744.115,444.153,465.336
560.053,978.426,510.519,808.030,220.737,743.891,444.103,465.331
559.814,977.974,510.519,807.846,220.664,743.718,444.592,464.775
560.147,977.775,510.752,807.774,220.664,744.218,444.357,464.462
561.110,977.962,510.714,807.844,220.822,744.593,444.374,464.699
561.914,977.675,510.917,807.629,220.778,744.212,444.403,465.119
561.662,977.654,510.859,807.819,220.832,744.079,444.237,465.140
561.922,977.412,510.775,807.736,220.932,744.326,444.296,466.071
562.214,977.371,510.791,807.708,221.109,743.819,444.389,466.084
562.328,977.458,510.702,807.678,221.041,743.265,444.452,465.888
561.723,977.510,510.727,807.840,220.984,744.532,444.761,464.738
561.755,977.304,510.890,807.614,220.946,743.615,444.182,466.025
561.415,977.175,510.816,807.517,221.043,744.423,444.407,465.812
561.521,976.727,510.723,807.528,220.922,744.319,444.757,466.022
561.701,976.669,510.680,807.706,221.085,744.555,445.204,466.190
561.749,976.317,510.816,807.603,221.021,744.584,445.206,466.405
562.113,975.959,510.936,807.590,220.841,743.567,445.327,466.168
561.864,976.200,510.927,807.634,220.760,743.739,445.094,466.110
561.923,976.079,511.001,807.468,220.883,744.211,445.910,465.357
562.063,975.626,510.949,807.461,220.939,743.919,445.530,464.698
562.313,975.974,510.824,807.490,221.028,743.908,444.886,465.173
562.294,975.785,511.034,807.421,220.969,744.529,444.351,466.249
561.845,974.219,510.920,807.422,220.938,744.475,444.087,466.702
562.346,975.013,510.722,807.704,221.000,744.590,444.096,466.152
562.166,973.711,510.774,807.688,221.071,744.583,443.949,465.537
561.974,973.840,510.855,807.559,220.919,744.298,444.043,464.399
561.977,973.745,510.718,807.655,221.006,744.471,443.773,465.014
562.149,973.797,510.756,807.721,220.849,744.302,444.251,465.424
562.249,973.852,510.882,807.710,220.839,744.585,445.203,465.294
562.710,973.241,510.984,807.662,220.762,743.946,445.673,465.418
562.574,973.318,510.657,807.482,220.744,743.686,445.377,465.854
562.512,972.993,510.782,807.522,220.760,743.783,445.249,465.134
562.895,972.103,510.586,807.895,220.728,743.676,444.961,464.637
563.218,972.481,510.777,807.664,220.592,743.723,444.756,464.923
562.863,972.186,510.898,807.513,220.526,743.876,444.538,463.607
563.256,970.805,511.128,807.584,220.613,743.896,444.508,463.650
562.732,969.520,510.980,807.683,220.598,743.866,445.169,462.928
563.087,970.352,510.963,807.698,220.611,743.882,445.452,462.848
562.872,971.256,510.604,807.731,220.824,744.025,445.506,462.149
562.729,971.675,510.849,807.462,220.889,744.163,445.161,461.973
563.171,971.901,510.993,807.680,221.494,744.777,444.172,461.497
563.234,971.984,510.921,807.675,221.225,744.868,442.142,464.359
563.348,972.133,511.123,807.413,220.352,744.024,441.959,464.861
563.416,972.514,510.994,807.340,221.090,744.595,442.478,464.899
563.346,972.454,511.146,807.325,220.789,744.337,442.931,464.380
563.555,972.677,511.049,807.571,220.798,743.954,443.412,463.745
563.204,972.910,510.970,807.671,220.742,743.858,443.892,463.195
563.495,972.905,511.040,807.498,220.650,744.443,443.913,463.801
563.624,972.645,511.150,807.524,221.069,744.216,442.647,465.678
563.515,972.677,511.033,807.396,220.996,744.366,443.996,464.558
563.788,972.761,511.060,807.461,220.863,744.550,443.704,465.079
563.827,972.822,510.755,807.531,220.876,743.696,444.148,464.512
563.430,973.024,510.848,807.495,221.046,744.410,443.647,464.524
563.553,972.996,511.045,807.785,220.919,744.271,443.983,464.640
563.647,973.000,511.126,807.426,220.954,744.503,444.243,465.200
563.500,972.819,511.058,807.334,221.142,744.336,444.555,465.163
563.514,972.827,511.044,807.666,220.825,744.300,442.593,467.109
563.542,973.263,511.053,807.548,220.929,743.587,442.558,465.617
563.368,972.882,511.059,807.433,221.049,743.826,443.299,465.168
563.451,972.870,511.090,807.506,221.120,743.927,443.194,465.582
563.675,973.090,511.219,807.178,221.068,743.542,443.113,466.177
563.455,973.084,510.987,807.276,220.963,743.752,443.536,465.692
563.561,973.204,511.063,807.175,220.852,743.590,443.018,465.164
563.645,973.174,511.238,807.269,220.812,743.543,442.912,465.327
563.468,973.068,511.029,807.294,220.863,743.541,442.931,465.372
563.847,972.970,511.117,807.237,220.820,743.436,442.503,465.424
563.701,973.137,511.026,807.327,220.864,743.554,442.771,464.696
563.843,973.180,510.887,807.376,220.792,743.486,442.461,465.108
563.776,973.006,511.172,807.059,220.916,743.294,442.794,464.329
563.882,973.064,510.889,807.362,221.015,743.729,443.078,464.296
563.834,973.167,511.011,807.218,220.745,743.903,442.606,464.680
563.899,973.134,511.191,807.212,221.036,743.663,444.180,465.448
563.903,973.244,511.255,807.258,221.003,743.661,440.483,465.478
564.021,972.958,511.135,807.172,220.875,743.682,441.167,465.460
563.867,973.187,511.125,807.104,221.075,743.838,441.181,465.484
563.960,973.265,510.968,807.184,220.898,743.678,441.906,464.716
563.992,973.238,510.951,807.204,221.027,743.591,440.707,465.986
564.015,973.353,511.069,807.229,220.911,743.363,441.314,465.349
564.126,973.134,511.186,807.180,220.915,743.200,441.776,465.110
564.011,973.442,510.816,807.269,221.001,743.226,441.566,464.870
564.035,973.238,510.898,807.233,221.124,744.060,442.251,464.028
564.059,973.532,510.858,807.156,221.086,743.809,441.882,464.336
564.022,973.254,510.950,807.199,220.942,743.771,442.100,464.641
563.840,973.572,511.138,807.104,221.081,743.873,442.678,464.433
564.076,973.259,510.877,807.271,220.877,743.618,441.304,465.176
564.168,973.061,510.796,807.308,220.921,743.667,439.260,466.996
564.294,973.237,510.893,807.061,220.645,743.608,438.496,467.957
564.143,973.371,510.641,807.111,220.527,743.542,438.755,467.647
564.227,973.202,511.091,807.372,220.793,743.231,440.417,466.165
564.128,973.263,510.974,807.293,220.801,743.359,439.871,466.833
564.232,973.233,511.112,807.274,220.646,743.313,440.893,465.437
564.086,973.491,511.185,807.174,220.992,743.540,441.113,465.459
564.282,972.945,511.299,807.123,220.939,743.410,441.458,464.681
564.126,973.105,511.242,807.218,220.865,743.262,440.810,465.947
564.137,973.184,511.183,806.944,220.806,743.275,439.376,468.037
564.577,972.623,511.134,807.165,220.941,743.151,439.164,467.590
564.375,973.161,510.653,807.231,220.744,743.094,439.051,467.932
564.406,972.911,511.095,807.049,220.849,743.299,439.412,466.889
564.409,973.099,511.168,807.088,220.888,743.427,439.537,467.155
564.316,973.063,510.959,807.073,220.898,743.407,439.698,467.116
564.527,972.651,510.953,807.077,220.673,743.574,439.553,466.306
564.540,972.862,511.199,806.997,220.874,743.476,439.658,467.109
564.297,972.748,511.131,806.944,220.928,743.534,439.939,466.699
564.404,973.082,510.784,807.301,220.769,743.432,440.281,466.789
564.445,973.254,510.741,807.305,220.876,743.179,441.228,465.954
564.438,973.247,511.234,807.153,220.815,744.104,440.538,466.657
564.426,973.004,511.114,807.241,220.752,744.180,440.762,466.180
565.063,972.343,511.050,807.156,220.563,743.284,440.671,466.410
564.793,972.651,510.936,807.181,220.574,743.319,439.594,466.599
564.546,972.763,510.924,807.183,220.702,743.253,437.486,468.726
564.711,972.666,510.992,806.931,220.486,743.083,435.862,470.103
564.465,973.075,511.144,806.968,220.440,743.118,435.411,470.422
564.516,972.665,510.933,807.089,220.499,743.269,436.170,469.209
564.310,973.103,510.832,807.117,220.513,742.962,438.323,468.164
564.367,973.114,510.774,807.311,220.429,743.228,437.927,468.401
564.307,973.130,510.965,807.082,220.726,743.558,438.930,467.408
564.569,973.470,510.986,807.081,220.941,743.205,438.183,468.430
564.561,973.403,511.047,807.067,220.624,743.229,438.263,468.333
564.798,973.056,510.948,807.230,220.787,744.298,438.562,468.549
564.761,973.066,511.005,807.090,220.768,743.479,438.594,468.907
564.762,972.458,511.165,807.036,220.810,743.628,440.264,467.419
564.940,972.171,510.862,806.912,220.867,744.445,441.220,466.342
564.569,972.519,510.999,806.913,220.907,743.365,441.238,466.299
564.836,972.179,510.959,807.084,220.605,744.347,440.730,466.536
564.708,972.591,511.054,807.052,220.562,744.428,440.412,466.768
564.697,972.102,510.986,807.336,220.716,743.493,441.157,466.966
564.774,972.308,510.897,807.231,220.859,743.573,440.371,467.077
565.104,971.305,511.046,807.011,220.960,743.372,440.421,467.168
565.132,970.669,510.935,807.051,221.391,744.094,440.310,467.184
565.316,971.482,510.878,807.148,221.487,744.730,440.292,467.659
565.848,971.236,510.824,807.253,221.431,744.738,440.546,467.229
565.550,971.065,510.627,807.209,220.812,743.456,440.195,467.495
565.700,970.675,511.042,807.215,220.962,743.713,440.589,467.200
566.203,969.625,510.821,807.100,220.904,743.842,440.232,467.881
565.964,969.826,510.867,807.312,220.884,743.859,440.277,467.478
566.126,969.790,511.031,807.219,220.615,743.723,440.345,467.629
566.078,969.907,510.968,807.222,220.806,744.633,440.535,467.191
566.206,969.923,511.002,807.203,220.851,744.802,440.510,467.193
566.429,969.444,510.903,807.075,220.944,744.491,440.271,467.619
566.460,969.110,510.824,807.106,220.990,744.493,440.355,467.570
566.714,969.247,511.092,806.918,220.769,743.588,440.449,467.593
566.923,969.099,511.069,807.017,220.776,743.859,440.350,467.631
566.870,968.959,510.944,807.085,220.616,744.142,440.696,467.628
566.541,968.855,510.711,807.093,220.578,744.091,440.676,467.537
567.244,968.873,510.723,807.058,220.963,744.473,440.773,467.189
567.166,969.170,510.714,807.015,220.963,744.385,440.745,467.113
566.757,969.408,510.711,807.187,220.817,743.212,440.848,467.253
566.924,969.501,510.937,807.079,220.780,743.958,440.791,467.445
566.886,969.299,510.763,807.085,220.819,744.243,440.526,467.601
566.870,969.041,511.012,807.030,220.708,743.463,440.524,467.445
566.788,968.865,510.930,806.976,220.662,744.349,440.781,467.050
566.826,968.311,510.795,806.928,220.649,744.198,440.513,467.406
566.852,968.898,511.265,807.053,220.654,743.694,441.232,466.984
566.822,968.835,511.006,807.179,220.823,744.059,441.022,466.802
566.617,968.741,510.825,807.095,220.743,743.970,440.582,467.443
567.648,966.687,510.842,807.027,220.484,744.225,441.250,466.915
567.818,968.322,510.776,806.955,220.874,744.326,440.527,467.640
567.794,968.585,510.659,807.006,220.777,743.895,440.512,467.612
567.661,968.281,510.701,807.135,220.917,744.373,440.942,466.653
567.456,968.184,510.818,807.027,220.957,744.483,440.540,467.074
567.277,968.889,510.830,807.232,220.805,743.475,440.942,467.019
566.724,968.372,510.632,807.145,221.358,744.430,440.918,467.260
567.533,968.248,510.804,807.012,220.931,743.694,440.744,467.468
567.121,968.631,510.647,807.031,220.883,743.826,440.893,467.421
567.229,970.578,510.784,806.995,220.807,743.790,441.079,467.032
567.247,971.191,510.893,807.077,220.845,743.762,441.343,466.487
567.385,969.648,510.899,807.097,220.800,744.356,441.146,466.686
567.014,968.964,510.779,807.096,220.892,744.382,441.042,466.759
566.541,969.571,511.090,806.943,220.494,743.434,441.338,466.897
566.627,969.544,511.083,807.101,220.751,744.320,441.308,466.675
566.694,969.276,511.047,807.118,220.666,743.340,442.156,465.797
566.549,969.511,510.709,807.190,220.930,743.576,442.122,466.380
566.341,969.669,510.658,807.120,220.915,744.567,442.145,466.125
566.274,969.707,510.761,807.171,221.004,744.474,442.296,465.513
566.255,969.650,510.568,807.018,220.598,744.597,441.632,466.355
566.423,969.465,510.700,807.030,220.741,744.609,441.636,465.987
566.331,969.310,510.677,806.995,220.760,744.415,440.611,466.605
566.310,969.604,510.919,807.199,220.670,744.071,440.229,466.049
566.197,969.642,510.643,807.170,221.099,744.407,440.371,466.224
566.271,969.379,510.505,807.247,220.771,743.791,440.185,467.212
565.898,969.475,510.711,807.051,220.820,744.081,439.695,467.817
566.579,969.274,510.894,806.934,220.547,743.096,439.888,467.736
566.599,969.119,510.965,807.008,220.717,743.424,439.683,468.025
566.598,969.064,510.763,806.978,220.748,743.396,439.769,467.996
566.905,969.072,510.680,807.028,220.674,743.300,439.657,468.198
566.160,969.379,510.562,807.077,220.606,743.464,439.751,468.128
566.462,969.117,510.556,807.044,220.730,743.659,439.946,468.079
566.556,969.319,510.960,806.846,220.770,743.876,439.966,468.262
566.639,969.419,510.775,807.111,220.768,743.625,440.144,467.302
566.647,969.478,510.861,806.976,220.561,743.356,440.779,466.753
567.086,968.937,510.899,807.085,220.722,743.396,441.247,466.210
566.953,969.159,510.872,807.097,220.580,743.207,441.641,466.314
566.739,968.979,510.995,806.736,220.942,743.765,441.537,465.475
567.262,968.098,510.835,806.790,220.938,743.686,441.164,467.170
567.115,968.743,510.759,807.042,220.910,743.765,441.195,466.330
567.491,968.654,510.793,807.077,220.856,743.604,441.664,465.599
567.327,967.896,510.851,807.212,220.736,743.817,441.866,465.881
567.798,968.271,510.805,807.145,220.771,743.562,442.037,466.057
567.736,968.454,510.896,806.961,220.456,743.727,442.171,466.519
567.584,967.999,510.754,806.918,220.635,744.039,442.213,466.752
567.435,967.098,510.965,806.845,220.754,743.614,442.587,467.245
567.741,967.773,510.802,806.952,220.939,743.805,442.130,467.266
567.779,967.889,510.807,806.998,220.629,744.031,441.939,466.993
567.803,967.806,510.751,807.195,220.682,743.850,442.780,466.707
567.653,968.152,510.752,807.240,220.659,743.984,442.607,467.108
567.651,967.598,510.727,807.078,220.902,743.684,442.457,466.779
567.747,967.547,510.665,807.030,220.637,743.717,442.200,466.988
567.891,965.843,510.866,807.102,220.764,744.688,442.204,466.693
567.512,966.334,511.007,807.017,221.006,744.419,442.332,467.661
567.660,965.762,510.872,807.197,220.845,743.668,442.036,467.123
567.554,966.598,510.900,807.118,220.839,743.751,442.134,467.164
567.728,967.208,510.928,807.022,220.674,743.443,442.858,466.035
567.619,967.041,510.828,807.085,220.802,743.394,443.304,465.537
567.378,964.662,510.731,807.236,220.910,743.547,442.894,467.368
567.866,963.941,510.590,807.099,220.942,743.815,442.916,465.386
568.135,964.455,510.587,807.118,221.018,743.864,443.125,467.219
567.949,964.935,510.886,807.056,220.682,743.322,443.092,466.299
568.231,965.250,510.773,807.110,220.405,743.361,442.772,466.644
567.940,966.939,510.739,807.083,220.480,743.079,442.322,465.475
568.179,964.715,510.853,807.023,220.826,743.103,442.842,465.366
567.552,964.667,510.604,807.145,220.950,743.476,442.689,466.170
567.929,964.593,510.615,807.104,220.898,743.488,443.448,466.462
568.178,964.201,510.680,807.129,220.952,743.405,442.924,466.400
567.899,964.246,510.782,807.118,220.958,743.557,442.968,467.014
568.098,963.843,510.683,807.245,220.836,743.699,443.208,465.772
567.677,964.255,510.746,807.068,220.630,743.758,442.727,465.824
567.678,964.500,510.739,807.225,220.522,743.878,442.698,465.711
567.888,964.576,510.739,807.233,220.848,744.075,442.500,466.379
567.911,964.576,510.759,807.238,220.718,743.893,442.749,466.564
566.763,965.181,510.719,807.235,220.890,743.697,442.705,465.531
567.251,964.967,510.624,807.279,220.869,743.807,442.764,465.449
567.163,965.007,510.778,807.043,220.947,744.453,443.406,465.472
567.043,965.466,510.764,807.244,220.921,743.613,443.592,464.836
567.216,965.419,510.666,807.247,220.838,743.657,442.767,465.232
567.605,965.253,510.615,807.244,220.947,743.728,442.783,465.050
567.824,965.272,510.752,807.287,220.879,744.012,442.736,464.880
567.526,965.387,510.615,807.148,221.063,744.305,442.839,466.038
567.895,965.355,510.972,807.015,220.808,743.881,443.002,465.922
567.294,965.677,510.892,807.210,221.209,744.934,442.993,465.513
567.293,965.558,510.932,807.079,220.823,743.681,442.861,465.997
567.851,965.511,510.831,807.247,220.878,743.709,442.805,465.665
567.429,965.931,510.840,807.277,220.828,743.761,442.457,466.007
567.728,965.765,511.192,807.017,220.627,744.284,442.293,466.083
567.509,965.857,510.813,806.979,220.526,743.242,442.398,466.554
567.806,965.574,511.165,807.063,220.740,743.726,442.796,465.939
567.519,965.856,510.902,807.153,220.644,743.474,442.453,465.725
567.773,966.047,511.385,807.183,220.659,743.598,442.538,465.384
567.788,965.828,510.914,807.040,220.493,743.472,442.414,465.418
567.938,966.301,511.073,807.081,220.863,744.243,442.493,465.258
568.228,966.161,510.964,807.124,220.683,743.949,442.340,465.634
568.071,966.110,511.091,807.097,220.734,743.840,442.482,465.916
567.809,967.007,510.973,807.156,220.742,743.981,442.512,465.627
567.754,966.673,510.715,807.104,220.880,743.259,442.394,465.945
567.624,966.580,510.717,807.159,220.867,743.628,441.985,466.425
567.158,967.123,510.702,807.127,220.818,743.633,441.940,465.865
567.988,966.673,510.877,807.173,220.734,743.441,442.538,465.381
567.522,967.292,510.695,807.311,220.800,743.190,442.558,465.202
567.875,967.108,510.755,807.086,220.642,743.922,442.400,465.409
567.797,966.920,510.534,807.118,220.644,743.826,442.541,465.770
567.579,967.356,510.852,806.998,220.858,744.057,443.066,465.792
567.805,966.766,510.894,807.141,220.871,743.941,442.878,466.321
568.039,966.756,510.833,807.256,220.906,743.829,442.789,465.948
568.215,966.881,510.826,807.192,220.899,743.848,443.464,466.043
568.057,966.756,510.678,807.196,220.954,743.428,442.127,466.599
567.999,967.342,510.890,807.220,220.837,743.788,441.767,466.839
567.979,967.325,510.854,807.163,220.802,743.389,442.308,466.470
567.635,967.627,510.904,807.171,220.921,743.412,442.551,466.977
567.801,967.602,510.894,807.120,220.853,743.242,442.672,466.999
567.818,967.143,510.931,806.961,220.733,743.342,442.716,466.541
567.794,967.245,511.070,806.943,220.792,743.430,442.803,466.103
567.569,967.454,510.911,806.918,220.384,743.371,442.988,466.204
567.870,967.068,510.873,807.155,220.689,743.187,442.541,466.213
568.128,967.085,510.832,807.096,220.651,743.667,442.595,466.026
567.682,967.555,510.887,807.013,220.704,743.867,442.868,466.121
567.923,967.326,510.510,807.229,220.773,743.917,442.846,465.363
568.085,967.379,510.627,807.112,220.508,743.553,442.744,465.051
568.383,967.341,510.903,807.062,220.623,743.310,442.923,465.594
567.807,967.621,511.008,806.908,220.625,743.857,442.846,465.691
568.027,967.471,511.250,807.001,220.674,744.082,442.321,465.463
568.084,967.491,511.411,806.840,220.783,743.836,442.241,466.173
567.916,967.648,511.218,806.992,220.757,744.013,442.369,465.780
567.950,967.838,510.875,807.163,220.728,743.182,442.402,464.990
568.170,967.740,510.780,807.203,220.843,743.378,442.419,465.390
568.266,967.655,510.988,807.143,220.783,743.205,441.829,467.401
568.323,967.640,511.406,807.011,220.620,743.286,441.969,465.772
568.169,968.027,511.222,806.883,220.712,743.303,442.058,465.059
568.226,967.832,511.158,806.914,220.612,743.130,442.132,465.557
568.455,967.958,511.113,807.102,220.620,743.547,442.399,465.359
568.613,967.831,510.989,807.190,220.667,743.509,441.742,465.745
568.262,968.204,511.349,807.098,220.766,743.640,442.057,465.170
568.497,968.069,511.105,806.977,220.789,743.880,441.767,465.432
568.562,968.088,510.986,807.035,220.730,743.925,442.091,465.357
568.499,967.873,511.091,806.947,220.506,744.158,442.693,465.137
568.218,968.036,511.141,807.056,220.524,744.113,442.692,465.238
568.189,968.243,511.101,806.999,221.024,744.161,442.282,465.524
568.720,968.096,510.944,806.965,220.975,744.347,442.096,465.833
568.877,967.785,510.966,806.977,220.796,743.451,441.947,465.729
568.427,968.128,510.924,807.047,220.891,743.579,442.183,466.128
568.672,967.877,511.066,806.861,220.642,743.191,442.677,465.832
568.182,968.351,511.134,806.771,220.699,743.305,442.158,465.678
568.431,968.096,511.007,806.970,220.867,743.155,442.246,465.608
567.912,968.633,510.979,807.207,220.689,743.359,442.176,465.750
568.131,968.106,510.842,806.998,220.737,743.434,442.623,466.120
568.361,967.976,510.874,807.059,220.789,743.536,442.024,466.535
567.962,968.054,510.936,806.912,220.814,743.820,442.091,466.687
568.065,968.343,510.935,807.062,220.801,743.609,442.564,466.470
568.133,968.321,510.854,807.085,220.895,743.565,442.245,466.844
568.269,968.534,510.804,807.186,220.587,743.262,442.585,466.560
568.009,968.470,510.867,807.058,220.715,743.607,442.407,466.582
568.114,968.329,511.010,806.793,220.815,743.313,442.696,466.659
568.411,968.522,510.980,806.870,220.752,743.647,442.487,466.741
568.079,968.193,510.825,807.009,220.728,743.615,443.301,465.797
568.387,968.269,510.872,807.096,220.849,744.256,442.745,466.047
567.874,968.731,510.862,807.155,220.810,743.976,442.485,465.957
568.189,968.296,510.859,807.075,220.890,743.804,442.582,465.142
568.388,968.049,511.056,806.987,220.796,743.508,442.601,464.765
568.309,968.194,510.925,806.861,220.776,743.323,442.823,465.088
568.636,967.879,510.963,806.986,220.887,743.619,442.107,464.689
568.125,968.291,510.960,807.053,220.794,743.499,442.692,465.136
568.594,968.455,511.102,807.013,220.789,743.380,442.471,465.751
568.566,968.236,511.074,807.058,220.778,743.153,441.991,465.012
568.759,968.207,511.082,806.924,220.845,743.290,442.040,465.595
568.898,968.568,510.740,807.074,220.740,743.475,441.770,465.793
569.420,968.390,510.732,807.017,220.714,743.622,441.840,465.521
568.562,968.684,510.951,806.944,220.740,743.340,441.878,464.959
569.153,968.574,511.004,806.981,220.676,743.239,442.458,464.940
569.481,969.044,510.977,806.964,220.652,743.360,442.581,465.842
569.886,968.810,510.944,807.087,220.559,743.412,442.300,465.714
569.550,968.914,510.934,806.899,220.568,743.537,442.076,465.680
569.591,968.954,510.931,807.083,220.638,743.452,442.098,465.379
569.970,968.744,510.613,806.999,220.781,743.472,441.958,465.979
570.511,969.414,510.628,807.049,220.438,743.218,442.095,465.891
570.691,969.922,510.537,807.063,220.501,743.330,441.966,466.115
570.604,968.888,510.825,807.094,220.620,743.318,441.911,466.177
570.425,969.237,510.886,806.980,220.557,743.363,442.106,466.050
570.096,969.235,511.081,806.964,220.689,743.491,442.215,466.330
570.033,969.422,511.042,806.952,220.731,743.494,442.004,466.446
570.807,969.207,510.861,806.928,220.492,743.286,441.874,465.100
571.355,969.242,510.758,806.949,220.644,743.077,441.786,465.396
571.366,969.154,510.840,806.930,220.686,743.356,442.041,465.775
571.147,969.340,510.833,806.901,220.567,743.604,441.931,465.865
570.985,969.780,510.901,807.073,220.747,743.584,442.497,465.810
571.354,969.313,510.847,807.184,220.933,743.884,442.113,465.205
571.419,969.253,511.054,806.777,220.925,743.795,442.356,465.212
571.559,969.163,510.965,806.898,220.773,743.780,442.880,465.526
571.467,969.216,510.904,806.901,220.824,743.269,443.248,465.181
571.025,969.959,511.025,807.007,220.779,743.447,443.258,464.749
571.148,970.260,510.891,806.926,220.686,743.289,444.007,464.691
571.283,970.055,510.927,806.840,220.556,743.403,442.928,464.793
572.042,969.643,510.821,806.912,220.626,743.626,443.264,464.711
571.066,970.017,511.073,806.934,220.820,743.561,444.077,464.592
570.921,970.185,510.870,807.009,220.761,743.209,444.062,464.261
571.543,969.867,510.897,807.148,220.684,743.450,443.464,464.862
571.689,969.983,510.762,807.316,220.738,743.440,444.126,464.558
571.537,970.555,510.821,807.119,220.555,744.139,444.105,464.694
572.057,969.949,510.870,807.012,220.940,743.649,444.132,464.757
572.557,969.996,510.895,806.981,220.519,743.455,444.188,464.824
572.735,970.354,510.868,806.813,220.630,743.272,444.114,464.798
572.896,970.440,510.691,806.929,220.532,743.587,444.068,464.718
572.609,970.850,510.811,806.809,220.535,744.142,444.258,464.361
573.093,970.313,510.899,806.824,220.457,743.391,444.453,464.045
573.008,970.412,510.881,806.841,220.656,743.636,443.873,464.542
573.028,969.885,510.741,806.902,220.783,743.379,444.898,463.599
573.415,969.330,510.920,806.674,220.191,743.184,444.205,464.217
573.945,968.890,510.857,806.936,220.232,743.223,444.101,464.487
574.137,969.096,511.013,806.782,220.482,743.576,444.097,464.913
573.939,969.383,511.095,806.883,220.366,743.283,443.724,465.325
573.839,969.213,511.007,806.883,220.404,743.365,444.376,465.587
574.066,969.058,510.882,807.067,220.464,743.517,445.318,463.593
573.597,969.545,511.035,806.869,220.679,743.580,445.331,463.472
573.130,969.746,510.753,806.900,220.650,743.467,443.980,465.257
572.756,969.658,510.958,806.931,220.750,743.814,444.594,465.527
572.294,970.525,510.610,807.203,220.616,743.470,443.896,466.718
572.079,970.958,510.934,807.005,220.571,743.537,442.956,467.506
572.208,970.806,510.766,807.124,220.613,743.115,441.964,467.620
572.247,970.970,510.964,807.095,220.862,743.555,442.604,465.881
573.153,970.954,510.782,807.031,220.609,743.580,443.051,466.316
573.879,971.426,510.933,807.079,220.655,743.220,442.619,466.690
574.389,971.709,510.945,807.085,220.559,743.977,442.644,466.400
574.143,971.559,510.845,807.063,220.654,744.012,442.396,466.468
575.048,971.679,511.038,807.005,220.646,743.973,442.044,466.966
575.832,971.635,510.978,807.000,220.609,744.226,442.576,466.644
575.372,971.672,510.861,806.801,220.856,743.413,442.133,467.175
575.693,971.796,510.555,806.977,220.910,743.519,442.329,466.932
575.675,971.955,510.781,806.927,220.802,743.505,442.224,467.231
576.125,971.970,510.944,807.017,220.838,743.286,442.864,467.552
577.198,971.862,510.955,807.033,220.938,743.415,442.981,468.127
577.000,971.586,510.688,807.219,220.637,743.182,443.038,468.598
576.885,971.633,510.789,807.139,220.636,743.323,443.514,468.980
577.436,971.804,510.776,806.941,220.789,743.556,443.576,469.670
577.381,971.570,510.598,807.098,220.824,743.336,443.817,470.233
577.974,971.996,510.628,807.025,220.941,743.335,443.763,470.872
578.787,971.671,510.546,807.038,220.917,743.160,444.264,470.765
579.366,971.419,510.916,807.007,220.559,743.223,444.628,470.762
579.555,971.660,510.950,807.048,220.616,743.256,445.053,470.796
580.015,971.704,510.698,806.978,220.752,743.451,445.600,470.061
580.530,971.489,510.994,806.860,220.741,743.980,446.314,469.891
580.409,971.441,511.072,806.826,220.907,743.964,446.431,469.925
581.367,970.957,510.880,806.972,220.744,743.310,446.464,470.394
580.892,970.669,510.849,807.050,220.961,743.467,446.470,470.040
580.859,971.283,510.872,806.913,220.836,744.002,446.845,469.559
581.164,971.097,510.845,806.903,220.508,743.998,447.459,469.197
581.562,971.230,510.942,806.991,220.663,744.297,448.188,468.632
580.826,971.389,510.807,807.152,220.732,744.172,448.809,467.647
580.936,971.005,510.781,807.074,220.635,743.718,448.941,467.526
581.171,970.559,510.909,806.798,220.671,744.105,448.914,467.398
581.606,970.346,510.818,806.962,220.746,744.202,448.996,467.484
583.225,970.626,510.824,806.696,221.011,745.153,449.119,466.995
582.445,970.661,510.787,807.237,220.798,743.526,448.928,467.106
582.257,970.341,510.830,806.884,220.489,744.081,448.941,466.883
582.183,970.162,510.741,807.133,220.740,744.493,448.948,466.417
582.213,970.427,510.893,807.059,220.463,743.571,448.642,466.908
582.448,970.160,510.845,807.205,220.593,743.503,448.647,467.129
582.054,970.070,510.847,807.134,220.630,744.646,448.414,467.626
582.110,970.196,510.811,806.999,220.524,744.236,448.680,467.206
581.843,970.274,510.898,807.290,220.421,743.969,448.910,467.403
581.503,970.321,510.871,807.236,220.564,743.818,448.909,467.281
581.796,970.102,510.865,807.180,220.704,744.692,448.436,467.169
582.182,970.067,510.816,807.168,220.664,744.477,448.496,467.058
582.102,970.192,511.017,807.035,220.373,743.071,449.013,466.309
582.009,970.170,511.022,807.244,220.369,743.614,448.967,465.277
581.789,970.176,510.630,807.157,220.941,744.539,449.032,465.255
581.803,970.161,510.994,806.976,220.525,744.435,448.744,465.860
581.646,970.211,510.846,807.156,220.421,743.536,449.001,465.496
582.012,970.132,510.586,807.077,220.582,744.384,449.375,466.121
582.354,970.034,510.560,807.217,220.684,744.370,449.381,465.970
582.257,970.266,510.802,807.226,220.747,743.611,449.352,465.621
582.063,970.400,510.690,807.215,220.983,743.782,449.312,465.349
581.916,969.973,510.861,807.139,220.881,744.365,449.360,465.428
581.717,970.323,510.689,807.159,220.768,743.623,449.349,464.751
581.846,969.929,510.865,807.031,220.811,744.314,449.515,464.378
581.793,969.871,511.099,807.043,220.858,744.470,449.342,465.696
581.772,970.097,510.799,807.127,220.706,743.880,449.555,465.758
582.318,970.063,510.725,807.144,220.672,743.831,449.429,465.024
582.357,969.885,510.654,807.008,220.814,744.001,449.692,463.528
581.930,970.118,510.727,807.091,220.571,743.584,449.238,464.880
581.972,970.102,510.655,807.011,220.726,743.740,449.187,465.423
581.917,969.807,510.762,807.195,220.595,744.418,449.482,464.907
581.644,970.166,510.791,807.137,220.953,744.722,449.284,463.961
582.260,969.992,510.850,806.936,220.520,744.486,449.459,464.961
582.368,970.127,510.846,807.007,220.593,744.461,449.619,464.910
582.255,970.150,510.610,807.161,220.496,743.767,449.571,465.000
582.110,970.125,510.647,807.116,220.493,744.046,449.385,465.544
581.927,970.333,510.787,807.065,220.395,743.565,449.514,465.425
582.157,970.242,510.665,807.164,220.536,743.694,449.609,465.096
582.436,970.040,510.896,806.947,220.774,744.706,449.608,465.002
582.620,969.950,510.823,807.239,220.540,743.278,449.677,464.836
583.173,969.818,510.874,806.927,220.556,744.052,449.426,462.186
582.526,970.399,510.876,806.966,221.127,744.686,449.550,462.847
582.569,970.292,510.830,807.046,221.113,744.360,449.503,463.493
583.251,970.119,510.769,807.076,220.684,743.786,449.668,464.783
583.687,970.585,510.826,807.026,220.484,744.127,449.774,464.815
583.566,970.305,510.790,807.070,220.846,744.313,449.502,464.980
583.126,969.856,510.630,807.074,220.806,743.704,449.562,464.130
582.837,970.370,510.559,807.250,220.696,743.614,449.716,463.900
582.671,970.448,510.591,807.295,220.787,744.464,449.940,463.103
583.094,970.513,510.642,807.051,220.786,744.223,449.889,463.952
583.383,970.575,510.709,807.085,220.890,744.416,449.883,464.244
583.780,970.791,510.746,807.023,220.512,744.535,449.906,464.081
583.876,970.800,510.881,807.093,220.450,744.256,449.916,463.488
583.539,970.917,510.828,807.123,220.404,743.996,449.728,464.256
583.533,970.914,510.862,806.825,220.582,744.113,450.061,464.305
583.798,970.667,510.833,806.821,220.611,744.001,449.996,464.348
583.779,970.848,510.718,807.137,220.787,744.187,449.938,464.071
583.705,970.657,510.519,807.045,220.827,744.240,450.053,464.298
583.585,970.828,510.565,807.265,220.720,744.320,450.014,464.204
583.719,970.629,510.655,807.085,220.846,744.090,450.166,463.942
583.211,970.513,510.640,807.255,220.424,743.893,450.013,464.768
583.640,970.460,510.850,807.187,220.676,743.792,450.002,464.298
583.338,970.905,510.667,807.255,220.609,743.567,450.090,464.115
583.772,970.918,510.635,807.210,220.515,743.430,450.176,464.130
583.788,970.568,510.696,807.048,220.711,744.374,450.081,464.027
583.946,970.759,510.712,807.002,220.750,744.462,450.147,463.931
583.923,970.606,510.747,807.072,220.707,744.635,449.992,464.433
583.787,970.581,510.796,807.006,220.885,744.571,450.227,464.223
583.762,970.627,510.648,807.183,220.806,744.718,450.029,463.896
583.797,970.494,510.944,807.046,220.582,744.660,450.212,464.259
583.710,970.462,510.895,807.145,220.547,744.721,450.067,464.083
583.317,970.771,510.406,807.297,220.321,744.513,450.217,464.246
583.494,970.724,510.764,806.972,220.404,744.617,450.241,464.112
583.282,970.619,510.740,807.045,220.489,744.731,450.161,463.792
583.268,970.816,510.709,806.929,220.686,744.804,450.154,463.975
583.516,970.439,510.797,807.000,220.902,744.756,450.385,464.231
583.363,970.530,510.803,807.166,220.599,744.507,450.154,464.252
583.563,970.456,510.772,807.232,220.811,744.614,450.102,464.389
583.561,970.617,510.861,807.159,220.491,744.433,450.130,464.108
583.657,970.646,510.982,807.137,220.726,744.286,450.351,463.866
583.509,970.619,511.000,806.944,220.606,744.312,450.528,463.472
583.734,970.488,510.868,806.952,220.564,744.297,450.141,462.490
583.469,970.553,510.986,807.080,220.428,744.363,450.164,463.724
583.334,970.896,510.857,807.156,220.567,744.710,450.107,463.738
583.353,970.914,510.808,807.314,220.837,743.941,450.197,463.962
583.371,970.816,510.870,807.124,220.759,743.747,450.277,463.508
583.638,970.614,510.874,806.803,220.674,744.820,450.181,463.725
583.585,970.705,510.859,806.847,220.942,744.440,450.254,464.229
583.264,970.953,510.878,806.979,220.951,744.419,450.205,463.719
583.271,971.167,510.818,807.046,220.925,744.565,450.124,463.929
583.670,970.749,510.833,807.018,220.719,744.554,450.408,464.347
583.391,970.746,510.686,807.066,220.612,744.285,450.252,464.019
583.564,970.812,510.766,806.994,220.399,743.735,450.188,464.638
583.366,970.477,510.868,806.890,220.824,743.610,450.421,464.601
583.419,970.765,510.857,807.024,220.311,743.501,450.452,464.050
583.365,971.053,510.637,807.144,220.414,744.274,450.436,464.104
583.483,970.541,510.853,806.879,220.510,743.571,450.455,464.436
583.500,970.751,510.732,806.956,220.333,743.591,450.523,464.177
583.291,970.659,510.844,806.899,220.286,744.347,450.479,464.418
583.283,971.108,510.947,807.134,220.531,744.274,450.465,464.610
583.313,971.153,510.747,807.142,220.622,744.481,450.415,464.647
583.287,971.240,510.811,807.252,220.488,744.087,450.406,464.972
583.433,970.949,510.755,807.232,220.565,744.329,450.249,464.528
583.513,970.902,510.774,806.951,220.547,744.663,450.129,464.831
582.544,971.035,510.800,807.200,220.612,744.334,450.338,465.228
582.165,971.640,510.714,807.067,220.515,744.271,450.143,464.270
580.971,971.635,510.798,807.193,220.600,744.074,450.242,464.750
580.651,971.370,510.787,807.056,220.593,744.188,450.094,464.311
580.642,969.532,510.807,806.990,220.742,744.442,450.347,464.637
581.098,968.843,510.938,806.991,220.652,744.316,450.382,464.843
582.350,968.215,510.840,807.070,220.252,743.744,450.109,464.880
583.755,967.660,510.519,806.996,220.488,743.901,450.137,464.769
584.931,967.379,510.734,807.026,220.167,744.509,450.372,463.568
585.440,966.995,510.730,807.131,220.178,744.504,450.481,464.143
585.494,966.215,510.770,806.975,220.360,744.457,450.562,463.938
584.935,966.207,510.702,807.042,220.392,744.208,450.602,463.688
584.330,966.199,510.748,807.114,220.365,744.737,450.433,464.459
583.984,966.854,510.558,807.236,220.520,743.701,450.425,464.164
582.744,967.348,510.658,807.287,220.461,744.230,450.364,464.448
581.703,968.862,510.797,807.031,220.522,744.625,450.460,464.620
581.770,969.200,510.827,806.989,220.346,744.195,450.471,464.567
582.214,968.956,510.564,807.184,220.354,744.243,450.403,464.621
581.886,969.238,510.711,807.233,220.386,744.373,450.251,465.198
581.732,969.345,510.610,807.099,220.370,744.215,450.164,465.656
581.910,969.373,510.652,807.251,220.400,744.185,449.692,466.096
582.986,969.321,510.828,807.133,220.670,743.999,449.954,466.079
584.134,969.075,510.865,806.962,220.267,744.372,450.087,466.189
584.182,968.867,510.919,807.101,220.753,745.211,450.090,466.249
584.772,968.531,510.865,807.163,220.344,744.410,450.430,466.047
585.621,967.897,510.753,807.123,220.581,744.337,450.406,466.587
585.943,967.139,510.950,807.067,220.784,744.667,450.297,465.667
585.815,967.012,510.742,807.226,220.611,743.830,450.049,465.935
585.615,966.262,510.539,807.205,220.651,743.507,450.318,465.746
585.727,966.521,510.623,807.195,220.635,744.470,450.026,466.182
585.559,965.601,510.630,807.132,220.540,743.695,450.124,465.946
585.052,963.915,510.712,807.075,220.475,743.927,450.145,465.813
585.231,964.524,510.670,807.198,220.629,743.593,450.338,465.840
584.957,964.653,510.630,807.305,220.580,743.765,450.436,465.908
584.758,963.838,510.597,807.288,220.251,743.664,450.219,466.312
585.059,963.266,511.012,806.897,220.341,743.581,450.153,466.219
585.060,963.420,510.698,807.098,220.394,743.488,450.013,466.943
585.103,962.768,510.640,807.195,220.275,743.535,449.916,467.062
585.314,962.983,510.639,807.155,220.915,744.238,449.974,466.847
585.168,962.867,510.623,807.152,220.580,744.315,450.023,467.054
585.225,962.384,510.786,807.084,220.789,744.753,450.010,466.991
584.985,960.948,510.411,807.263,220.623,743.798,449.781,466.875
584.933,960.930,510.463,807.284,220.885,744.064,450.068,466.096
585.231,962.019,510.429,807.317,220.540,744.308,449.801,466.848
585.105,962.496,510.394,807.387,220.525,744.284,449.856,466.778
584.960,962.726,510.672,807.233,220.420,743.738,449.992,466.354
585.008,961.644,510.583,807.236,220.494,744.156,449.866,466.347
585.579,961.933,510.950,807.053,221.171,745.214,450.904,464.631
585.336,963.279,510.946,807.210,221.058,745.303,451.011,464.423
585.041,964.403,510.749,807.130,220.785,744.427,451.142,463.883
585.218,964.585,510.765,807.094,220.941,744.661,451.093,463.897
585.382,963.454,510.589,807.129,220.430,743.313,451.294,464.245
586.223,960.963,510.542,807.188,220.534,744.267,451.225,463.965
586.047,963.920,510.629,807.163,220.576,744.073,451.551,463.461
586.163,963.335,510.385,807.258,220.479,743.574,451.261,463.872
586.317,960.726,510.525,807.293,220.364,743.026,451.098,463.941
586.305,960.297,510.523,807.367,220.440,743.470,450.892,464.847
586.483,961.664,510.498,807.402,220.461,743.720,450.964,464.866
586.711,962.006,510.595,807.123,220.417,744.104,451.134,463.677
586.520,961.944,510.626,807.226,220.496,744.259,451.162,463.326
586.284,960.890,510.510,807.176,220.643,744.169,451.139,463.918
586.171,958.953,510.496,807.189,220.528,744.220,451.210,462.983
586.153,958.149,510.424,807.206,220.435,744.196,451.233,463.206
586.217,958.483,510.515,807.128,220.316,744.324,451.265,464.463
585.976,958.777,510.596,807.142,220.522,743.644,451.472,462.201
585.977,958.584,510.548,807.096,220.482,743.415,451.309,463.230
586.621,958.641,510.448,807.175,220.685,744.533,451.468,463.295
586.326,958.729,510.732,807.132,220.579,744.894,451.637,462.392
586.437,958.600,510.563,807.086,220.538,744.951,451.424,462.470
587.021,958.952,510.456,807.242,220.384,744.371,451.547,462.660
587.019,958.942,510.595,807.187,220.354,744.407,451.787,461.634
587.128,958.794,510.435,807.300,220.674,744.531,451.396,462.530
586.962,959.018,510.424,807.238,220.403,744.429,451.551,463.659
586.706,959.354,510.732,807.184,220.750,744.762,451.583,462.431
587.268,959.735,510.722,807.150,220.668,743.938,451.495,462.949
587.295,960.763,510.772,807.040,220.436,743.597,451.800,461.677
587.336,960.627,510.566,807.163,220.576,743.555,451.594,462.118
587.069,960.146,510.529,807.159,220.434,743.533,451.592,463.247
587.312,961.247,510.570,807.122,220.104,743.434,451.711,461.628
587.265,961.039,510.452,807.195,220.443,744.152,451.520,462.531
587.699,961.231,510.515,807.376,220.259,744.049,451.482,462.710
588.161,961.387,510.611,807.225,220.412,744.112,451.556,461.976
588.082,959.538,510.222,807.383,220.191,744.368,451.072,462.985
588.346,960.903,510.439,807.400,220.322,744.365,451.370,463.255
588.073,960.338,510.446,807.088,220.609,744.399,451.083,463.797
588.044,958.190,510.510,807.061,220.605,744.199,450.971,464.202
588.154,956.980,510.636,807.113,220.576,743.855,451.183,464.299
588.227,957.298,510.593,807.186,220.521,743.689,451.340,464.053
588.466,956.738,510.340,807.240,220.461,743.367,451.596,463.946
587.982,956.809,510.430,807.339,220.492,743.380,451.755,463.216
588.387,956.933,510.718,807.256,220.558,743.745,451.583,463.623
588.897,958.535,510.488,807.279,220.498,743.934,451.588,463.958
588.714,955.969,510.463,807.351,220.420,743.996,452.208,462.894
588.723,955.611,510.677,807.240,220.387,743.679,451.888,462.713
588.748,955.204,510.796,807.246,220.437,743.830,452.037,462.405
588.600,955.408,510.799,806.931,220.289,743.956,451.864,462.979
588.644,955.483,510.773,807.065,220.287,743.960,451.809,463.142
588.875,955.802,510.588,807.226,220.547,744.086,451.760,462.823
588.766,956.292,510.608,807.233,220.425,743.541,451.524,462.470
588.669,958.206,510.802,807.112,220.648,743.614,451.905,462.332
588.406,959.291,510.755,807.201,220.591,743.319,451.702,462.991
586.522,958.425,510.610,807.181,220.510,744.068,451.798,462.096
585.304,958.732,510.669,806.959,220.535,743.989,451.827,462.542
584.940,958.753,510.559,807.194,220.270,743.693,451.622,463.062
583.742,960.207,510.618,807.167,220.540,743.885,451.687,462.272
583.146,960.540,510.757,806.932,220.681,744.520,451.340,462.508
582.730,961.232,510.506,807.171,220.600,744.070,451.684,463.024
582.754,961.230,510.699,807.008,220.910,743.994,451.772,462.989
582.200,963.058,510.640,807.220,220.732,744.608,451.752,462.076
582.479,962.807,510.591,807.197,220.481,744.033,451.702,463.117
582.380,962.998,510.789,807.175,220.653,744.458,451.558,463.763
582.543,962.586,510.897,807.100,220.593,744.294,451.365,463.614
582.083,963.403,510.757,807.085,220.564,744.187,450.977,463.692
581.952,963.516,510.862,806.948,220.413,744.330,451.329,463.972
581.627,963.845,510.639,807.160,220.598,744.406,451.538,463.379
581.470,964.326,510.676,807.108,220.667,744.498,451.556,462.814
581.006,964.537,510.453,807.311,220.444,744.569,451.487,463.394
580.942,965.102,510.614,807.104,220.365,744.519,451.533,462.984
580.415,966.241,510.716,807.121,220.532,744.151,451.288,463.427
579.963,966.895,510.637,807.337,220.530,743.754,451.383,463.756
579.557,966.998,510.704,807.140,220.487,743.860,451.361,463.398
579.085,966.419,510.844,807.158,220.543,744.482,451.499,462.814
578.945,966.161,510.811,807.029,220.777,744.610,451.488,463.320
578.926,965.541,510.631,806.967,220.543,744.293,451.221,464.374
578.915,965.211,510.530,807.064,220.533,744.330,451.236,463.556
579.287,963.825,510.772,807.273,220.677,744.337,451.289,463.746
579.878,961.656,510.755,807.275,220.667,744.515,451.418,463.408
580.463,960.296,510.521,807.311,220.776,744.605,451.547,463.624
580.534,959.952,510.537,807.294,220.690,744.612,451.749,464.156
580.422,958.681,510.937,807.024,220.507,744.445,451.314,464.558
580.765,958.445,510.708,807.146,220.625,744.242,451.443,464.886
580.658,959.165,510.735,807.252,220.666,744.377,451.883,463.580
580.685,958.986,510.603,807.220,220.679,744.432,452.564,463.742
580.161,958.042,510.712,807.206,220.897,744.572,451.938,465.522
580.138,957.822,510.661,807.335,220.659,744.333,451.842,466.074
578.881,957.171,510.671,807.335,220.684,744.453,452.494,464.852
578.527,957.701,510.658,807.261,220.409,744.396,452.295,464.812
578.227,957.538,510.641,807.290,220.762,744.512,452.156,465.266
578.395,956.990,510.746,807.276,220.687,744.657,451.925,465.891
578.574,955.890,510.826,807.302,220.607,744.687,451.907,465.340
578.706,956.180,510.585,807.265,220.526,744.599,451.836,465.238
578.609,955.883,510.642,807.327,220.460,744.269,451.864,465.296
578.755,955.508,510.824,807.416,220.426,744.554,451.899,465.447
578.434,955.667,510.805,807.300,220.726,744.727,451.820,465.060
578.470,955.506,510.858,807.420,220.534,744.822,451.789,465.287
578.566,955.401,510.618,807.266,220.597,743.911,451.754,465.638
578.568,955.382,510.805,807.269,220.532,743.993,451.718,465.809
578.420,955.957,510.779,807.030,220.542,744.434,451.646,465.874
578.427,955.664,510.671,807.152,220.621,744.621,451.711,465.794
578.391,955.506,510.550,806.853,220.631,744.782,451.848,465.278
578.502,955.374,510.573,806.972,220.512,744.451,451.928,464.933
578.415,955.567,510.576,807.172,220.677,744.586,451.692,465.459
578.241,955.609,510.621,807.095,220.799,744.658,451.865,465.354
578.155,955.695,510.648,807.124,220.691,744.992,451.766,465.693
578.105,955.953,510.600,807.299,220.870,744.924,451.707,465.477
578.355,955.598,510.455,807.300,220.417,744.608,452.040,465.012
578.334,955.388,510.515,807.514,220.744,744.745,451.900,465.746
578.400,955.589,510.468,807.376,220.356,744.084,451.928,465.423
578.264,955.673,510.478,807.067,220.358,743.752,452.020,465.487
578.023,955.210,510.510,807.156,220.379,744.191,452.137,465.077
578.253,955.246,510.766,807.286,220.461,744.768,452.060,465.660
578.186,955.276,510.719,807.134,220.362,743.974,452.282,465.711
578.177,955.332,510.820,807.160,220.397,744.711,452.125,466.164
578.262,955.162,510.874,807.129,220.533,744.941,452.124,466.109
578.132,955.485,510.690,807.393,220.608,744.588,452.095,465.750
578.177,955.636,510.700,807.331,220.645,744.666,452.007,465.848
577.957,955.193,510.757,806.961,220.396,744.755,452.067,466.074
578.121,955.223,510.463,807.242,220.300,744.577,452.086,465.824
578.124,955.232,510.871,807.074,220.405,744.641,452.152,465.715
577.973,955.627,510.458,807.299,220.635,744.712,452.087,465.591
578.159,955.125,510.694,807.172,220.592,744.153,451.993,465.677
578.186,955.243,510.521,807.230,220.727,744.800,452.101,465.437
578.185,955.279,510.478,807.292,220.413,744.370,452.154,465.561
578.204,954.953,510.596,807.265,220.555,744.532,452.148,465.713
578.204,955.636,510.502,807.288,220.567,744.487,452.110,465.794
578.117,955.377,510.474,807.238,220.561,744.617,452.009,465.916
578.034,955.252,510.553,807.471,220.634,744.603,452.011,465.781
578.184,955.332,510.700,807.213,220.542,744.614,452.045,465.874
578.095,955.331,510.540,807.278,220.743,744.623,452.035,465.858
578.195,955.089,510.451,807.289,220.522,744.388,451.924,466.173
578.141,955.142,510.673,807.232,220.598,744.321,451.985,466.091
578.059,954.981,510.438,807.397,220.646,744.737,451.897,466.022
578.083,954.682,510.389,807.588,220.441,744.244,451.922,466.016
578.148,954.988,510.488,807.423,221.100,745.716,451.926,465.828
578.140,954.981,510.430,807.414,220.448,744.810,451.856,465.908
578.048,955.338,510.466,807.484,220.338,744.478,451.810,466.153
578.154,955.050,510.617,807.209,220.450,744.516,451.823,466.483
578.114,954.882,510.509,807.336,220.601,744.430,451.809,466.340
578.155,954.633,510.620,807.028,220.400,744.779,451.793,466.218
578.206,954.592,510.381,807.189,220.469,744.730,451.926,465.925
578.059,954.489,510.521,807.271,220.400,744.533,451.844,466.469
577.965,954.877,510.281,807.402,220.321,744.386,451.914,466.345
578.192,954.985,510.616,807.262,220.443,744.816,451.844,466.259
578.205,954.697,510.797,807.212,220.297,744.445,451.993,466.061
578.132,954.327,510.596,807.211,220.657,744.647,451.846,466.502
578.036,954.673,510.532,807.322,220.592,744.502,451.862,466.539
578.145,954.566,510.645,807.112,220.496,744.451,451.919,466.397
578.149,954.322,510.711,807.175,220.543,744.584,451.776,466.641
578.216,954.402,510.933,807.152,220.458,744.340,451.772,466.704
578.089,954.477,510.544,807.233,220.644,744.856,451.872,466.631
578.176,954.600,510.807,807.161,220.620,744.432,451.935,466.331
578.237,954.114,510.459,807.439,220.465,744.035,451.905,466.412
578.202,954.492,510.681,807.242,220.519,744.392,451.839,466.671
578.231,953.971,510.712,807.200,220.705,744.410,451.922,466.290
578.035,954.400,510.474,807.416,220.798,744.581,451.891,466.340
578.338,954.572,511.447,806.800,220.638,744.932,451.717,466.777
578.377,954.660,510.711,807.082,220.692,744.819,451.870,466.546
578.317,954.863,510.984,807.234,220.646,744.077,451.689,467.040
578.318,954.638,510.899,807.228,220.573,744.579,451.820,467.280
578.232,954.782,510.776,807.246,220.480,744.853,451.836,467.333
578.300,954.781,510.862,807.018,220.624,743.988,451.844,467.241
578.238,954.899,510.764,807.112,220.601,744.043,451.857,467.136
578.124,955.480,511.044,807.153,220.526,744.327,451.797,467.044
578.108,954.994,510.843,807.154,220.526,744.561,451.834,467.080
578.143,955.620,510.808,806.931,220.318,744.219,451.728,467.534
578.243,955.523,510.755,806.950,220.471,744.642,451.789,467.514
578.137,955.040,510.656,807.348,220.673,744.675,451.832,467.479
578.362,953.528,510.552,807.322,220.636,744.628,451.816,467.445
578.230,953.514,510.701,807.119,220.626,744.348,451.888,467.221
578.462,953.379,510.600,807.183,220.512,744.289,451.842,467.440
578.361,952.477,510.798,807.118,220.318,744.365,451.776,467.562
578.447,953.065,510.694,807.075,220.340,744.377,451.706,467.605
578.600,952.284,510.796,807.099,220.632,744.261,451.800,467.488
578.553,951.496,510.763,807.159,220.308,743.869,451.670,467.216
578.505,952.977,510.702,807.276,220.320,743.757,451.776,467.194
578.394,952.188,510.704,807.012,220.329,744.412,451.664,467.588
578.281,952.950,510.464,807.110,220.367,744.535,451.620,467.788
578.245,951.929,510.687,807.183,220.405,744.559,451.595,467.894
578.566,952.765,510.825,807.066,220.449,744.490,451.583,467.945
578.181,952.097,510.718,807.141,220.424,744.220,451.597,467.786
578.144,952.087,510.778,807.148,220.436,744.428,451.628,467.947
578.438,953.415,510.805,807.168,220.680,744.662,451.726,467.899
578.208,951.688,510.910,807.196,220.581,744.666,451.751,467.831
578.291,952.165,510.749,807.276,220.406,744.890,451.727,467.758
578.175,952.712,510.462,807.336,220.672,744.548,451.689,467.634
578.181,952.665,510.760,807.183,220.582,744.483,451.661,467.641
578.084,954.119,510.506,807.190,220.166,744.282,451.597,467.831
578.119,954.181,510.490,807.262,220.178,744.180,451.651,468.009
578.383,954.179,510.503,807.297,219.998,744.417,451.694,467.951
578.395,954.262,510.603,807.344,220.018,744.496,451.689,467.851
578.468,954.276,510.895,807.102,220.173,744.144,451.720,467.775
578.433,953.552,510.860,807.190,220.201,744.222,451.764,467.779
578.600,953.030,510.744,807.253,220.455,743.917,451.852,467.620
578.213,952.369,510.532,807.410,220.340,743.766,451.717,467.681
578.054,952.533,510.728,806.963,220.360,743.762,451.559,467.852
578.347,952.675,510.734,807.122,220.186,743.736,451.625,468.162
578.344,952.373,510.814,807.167,220.617,744.639,451.589,468.005
578.542,952.827,510.610,807.082,220.472,744.440,451.818,467.871
578.633,952.739,510.619,807.079,220.544,744.678,451.614,468.255
578.325,951.584,510.494,807.419,220.561,744.433,451.525,467.820
578.443,952.727,510.503,807.306,220.387,744.417,451.599,467.940
578.553,952.465,510.594,807.373,220.411,744.327,451.645,468.194
578.546,951.273,510.670,807.304,220.426,744.318,451.525,468.438
578.406,951.265,510.412,807.316,220.509,744.512,451.600,468.063
578.601,952.122,510.485,807.288,220.566,744.105,451.780,467.965
578.650,951.549,510.759,807.308,220.632,744.089,451.655,467.924
578.749,951.610,510.760,807.222,220.762,744.700,451.633,468.069
578.826,952.598,510.592,807.316,220.100,745.080,451.492,468.397
578.893,952.387,510.546,807.188,220.264,744.956,451.482,468.545
578.744,953.565,510.475,807.084,220.306,745.000,451.517,468.156
578.477,954.146,510.467,807.152,220.246,744.561,451.524,468.289
578.423,953.655,510.718,806.938,220.305,744.474,451.644,468.228
578.423,954.113,510.681,807.096,220.295,744.438,451.659,468.177
578.491,953.246,510.766,807.039,220.317,744.426,451.603,468.132
578.654,953.725,510.509,807.306,220.141,744.365,451.464,468.435
578.725,953.565,510.625,807.071,220.316,744.558,451.554,468.516
578.717,952.358,510.448,807.291,220.003,744.057,451.345,468.226
578.570,952.737,510.776,807.060,220.013,744.293,451.570,468.229
578.828,952.274,510.841,807.061,220.630,743.520,451.581,468.210
578.816,951.939,510.595,807.094,220.232,743.906,451.592,468.134
578.769,952.716,510.584,807.356,220.105,744.451,451.475,467.951
578.581,952.612,510.711,807.248,220.249,744.445,451.452,467.940
578.231,952.241,510.426,807.364,220.109,744.646,451.582,468.302
578.555,952.872,510.507,807.138,220.331,744.253,451.650,468.307
578.437,952.655,510.546,807.047,220.450,744.248,451.678,467.939
578.307,952.324,510.666,807.048,220.463,744.384,451.643,468.132
578.370,952.260,510.702,807.146,220.481,744.348,451.731,467.916
578.412,952.763,510.715,807.214,220.484,744.344,451.604,468.308
578.574,952.696,510.594,807.227,220.484,744.339,451.474,468.465
578.506,952.718,510.666,807.083,220.294,744.508,451.617,468.222
578.379,952.083,510.849,807.024,220.145,744.384,451.618,468.307
578.578,952.762,510.516,807.128,220.467,744.403,451.514,468.921
578.511,952.369,510.748,806.936,220.231,744.504,451.781,470.021
578.376,952.078,510.706,807.003,220.220,744.098,451.711,469.856
578.337,952.301,510.536,807.073,220.353,744.347,452.154,470.096
578.558,952.593,510.605,807.254,220.511,744.523,452.427,469.533
578.580,953.617,510.500,807.051,220.325,744.431,452.397,470.001
578.480,951.925,510.582,807.282,220.676,744.848,452.526,470.844
578.454,953.272,511.020,807.291,220.506,744.449,452.619,471.099
578.497,952.871,510.598,807.285,220.561,744.407,452.728,471.199
578.207,952.664,510.579,807.275,220.515,744.389,452.726,471.564
578.377,952.724,510.515,807.309,220.662,744.522,452.740,471.869
578.482,952.781,510.557,807.309,220.446,744.421,452.554,471.912
578.595,952.664,510.595,807.152,220.542,744.662,452.632,471.781
578.594,953.001,510.802,807.096,220.387,744.809,452.744,472.220
578.462,953.029,510.825,807.124,220.301,744.846,452.610,472.115
578.494,953.101,510.677,807.280,220.373,744.690,452.458,472.563
578.496,953.123,510.809,807.052,220.460,744.521,452.068,472.743
578.473,953.145,510.561,807.334,220.578,744.555,451.926,472.933
578.424,952.951,510.681,807.279,220.468,744.759,450.786,472.765
578.473,952.744,510.567,807.358,220.492,744.720,451.337,473.137
578.324,953.068,510.418,807.365,220.410,744.632,451.567,472.833
578.385,953.071,510.684,807.274,220.209,744.505,451.321,473.405
578.096,953.168,510.717,807.048,220.488,744.695,451.546,473.284
578.085,953.077,510.646,807.282,220.503,744.547,451.604,473.193
578.039,953.284,510.373,807.308,220.581,744.661,451.721,473.249
578.074,953.401,510.564,807.176,220.543,744.447,451.548,473.475
578.221,953.554,510.673,807.160,220.630,744.832,451.848,473.661
578.277,953.587,510.675,807.202,220.555,744.868,451.854,473.600
578.069,953.593,510.647,807.237,220.104,744.549,451.599,473.810
578.092,954.127,510.601,807.331,220.144,744.707,451.784,473.489
577.945,953.920,510.522,807.216,220.317,744.681,451.379,473.975
577.873,953.785,510.743,807.313,220.224,744.567,451.371,474.084
578.074,954.223,510.688,807.242,220.465,744.235,451.560,473.885
577.818,955.110,510.675,807.307,220.649,744.792,451.449,473.884
577.275,955.186,510.666,807.146,220.546,744.850,451.456,473.736
576.684,955.059,510.373,807.443,220.443,743.634,451.669,472.648
576.435,955.246,510.686,807.275,220.515,743.884,451.762,473.646
576.101,955.173,510.492,807.347,220.366,743.905,451.860,473.048
575.945,955.749,510.402,807.265,220.349,744.710,451.671,473.366
575.798,956.110,510.795,807.332,220.517,744.651,451.941,473.709
575.643,956.474,510.686,807.398,220.385,744.516,451.918,473.730
575.322,956.649,510.791,807.059,220.440,744.647,452.117,473.675
575.346,956.749,510.740,807.340,220.500,744.500,451.959,473.803
575.280,956.923,510.642,807.172,220.368,744.041,451.920,473.764
575.474,958.138,510.630,807.239,220.282,744.555,451.821,473.719
575.720,958.049,510.667,807.141,220.497,744.667,451.834,474.196
575.449,957.914,510.644,807.240,220.083,744.780,451.739,474.213
575.516,957.909,510.465,807.112,220.098,744.702,451.544,474.361
575.451,958.246,510.454,807.192,220.374,743.811,451.727,474.171
575.296,957.989,510.718,807.109,220.445,744.674,451.760,474.337
575.436,957.794,510.734,807.049,220.544,744.481,451.706,474.453
575.471,957.983,510.652,807.156,220.398,744.113,451.897,473.984
575.710,957.945,510.447,807.170,220.634,744.741,451.470,474.449
575.619,957.877,510.576,807.265,220.533,744.574,451.738,474.113
575.442,957.743,510.634,807.161,220.465,743.768,452.061,474.114
575.421,957.991,510.386,807.326,220.493,743.735,451.489,474.730
575.133,958.318,510.525,807.296,220.320,744.619,450.870,475.064
575.224,957.935,510.549,807.073,220.374,744.427,450.801,475.989
574.620,957.840,510.477,807.071,220.130,744.386,451.892,475.704
574.683,956.566,510.149,807.194,220.491,744.520,451.447,474.931
574.543,956.582,510.293,807.232,220.225,744.617,451.643,475.739
574.434,956.474,510.303,807.211,220.423,744.653,451.912,475.016
574.384,956.602,510.350,807.250,220.641,744.558,451.905,475.392
574.334,956.439,510.428,807.226,220.017,744.557,451.556,475.980
574.247,956.621,510.340,807.306,220.344,744.619,451.386,476.104
574.209,956.380,510.486,807.151,220.461,744.459,451.296,475.621
574.320,956.814,510.633,807.282,220.535,744.411,451.331,475.716
574.284,957.367,510.743,807.134,220.162,743.685,451.565,475.708
574.192,957.443,510.660,807.164,220.219,743.896,451.305,476.031
574.081,957.584,510.466,807.289,220.519,744.513,450.741,476.568
574.177,957.526,510.380,807.409,220.176,744.171,450.594,476.389
574.070,957.520,510.585,807.297,220.386,744.262,449.507,476.912
573.912,957.325,510.520,807.286,220.347,744.582,448.750,476.564
573.988,957.591,510.518,807.392,220.342,744.875,449.777,475.611
573.909,957.267,510.571,807.084,220.357,744.733,450.573,474.478
573.922,957.243,510.377,807.295,220.451,744.686,451.088,475.492
574.109,957.309,510.594,807.314,220.308,744.440,451.564,475.746
574.062,957.165,510.576,807.339,220.413,744.625,451.808,475.220
574.030,957.287,510.387,807.171,220.058,744.381,451.623,475.947
574.148,957.010,510.416,807.313,220.397,744.275,451.717,476.108
574.009,957.531,510.634,807.096,220.257,744.198,451.684,476.395
573.994,957.251,510.527,807.279,220.350,744.192,451.630,476.325
573.814,957.404,510.375,807.272,220.197,744.672,451.638,475.815
573.937,957.389,510.505,807.127,220.131,744.239,451.406,476.298
573.977,957.605,510.326,807.327,220.516,744.710,451.388,476.380
573.974,957.059,510.309,807.302,220.484,744.722,451.304,476.660
573.970,957.161,510.358,807.204,220.379,744.774,451.285,476.557
573.968,957.335,510.595,807.178,220.479,744.541,451.458,476.512
573.955,957.350,510.478,807.315,220.454,744.677,451.545,476.561
573.650,957.388,510.454,807.167,220.505,744.560,451.357,476.857
573.914,957.390,510.562,807.184,220.609,744.584,451.343,477.028
573.995,957.284,510.583,807.069,220.686,744.400,450.890,477.357
573.963,957.260,510.440,807.046,220.585,744.412,451.020,476.921
573.950,957.437,510.389,807.253,220.333,744.277,451.270,477.322
573.829,957.230,510.280,807.246,220.353,744.426,451.239,477.188
573.880,957.207,510.455,807.300,220.513,744.745,451.009,477.371
573.768,957.370,510.645,807.153,220.515,744.383,450.972,477.193
573.876,957.378,510.408,807.269,220.976,745.476,451.055,477.117
573.877,957.189,510.313,807.254,220.439,743.944,450.841,477.346
573.791,957.381,510.242,807.191,220.184,743.970,451.094,477.110
573.861,956.984,510.315,807.349,220.379,744.443,451.063,477.158
573.748,957.107,510.290,807.356,220.370,744.352,451.179,477.166
573.828,957.156,510.313,807.448,220.162,744.648,451.001,477.362
573.847,957.155,510.481,807.229,220.306,744.428,450.965,477.669
573.758,956.752,510.313,807.229,220.281,744.239,451.160,477.156
573.816,956.768,510.486,807.196,220.298,744.500,451.222,477.110
573.848,956.893,510.497,807.170,220.524,744.702,451.366,476.991
573.922,957.034,510.522,807.241,220.487,744.732,451.512,477.295
573.841,957.103,510.480,807.106,220.357,744.412,451.442,477.106
573.783,957.171,510.370,807.516,220.324,744.278,451.721,477.102
573.868,957.351,510.477,807.223,220.524,744.423,451.597,477.494
573.865,957.200,510.454,807.161,220.509,743.903,451.330,478.568
573.772,957.276,510.634,807.142,220.430,744.030,451.546,478.431
573.736,957.448,510.505,807.234,220.351,744.807,451.036,479.230
573.962,957.572,510.594,807.190,220.283,744.500,451.287,479.122
573.784,957.113,510.639,807.178,220.440,744.568,450.632,480.351
573.810,957.076,510.616,807.082,220.357,744.586,450.788,479.131
573.786,956.997,510.660,807.170,220.546,744.600,450.398,482.437
573.708,957.237,510.717,807.133,220.543,744.730,450.628,482.243
573.780,956.955,510.632,807.252,220.518,744.625,449.749,482.428
573.853,957.147,510.640,807.166,220.978,745.472,449.270,481.822
573.812,957.365,510.459,807.084,220.544,744.631,449.650,481.617
573.866,956.959,510.511,807.321,220.524,744.605,449.194,482.630
573.757,957.079,510.750,806.947,220.866,744.825,448.437,482.302
573.804,956.777,510.549,807.257,220.229,744.528,448.710,481.719
573.673,956.641,510.525,807.234,220.316,744.784,448.891,482.318
573.693,957.366,510.520,807.011,220.159,744.491,448.481,482.318
573.740,957.132,510.853,807.034,220.554,744.802,448.333,481.746
573.779,956.910,510.690,807.108,220.496,744.368,448.082,483.582
573.764,957.063,510.798,807.059,220.463,744.298,448.136,483.396
573.731,957.051,510.608,807.081,220.526,744.501,448.581,482.304
573.745,957.176,510.602,807.179,220.623,744.679,448.354,482.230
573.717,957.203,510.548,807.146,220.596,744.211,448.043,483.161
573.763,957.286,510.513,807.208,220.542,744.297,447.746,483.555
573.722,956.956,510.483,807.128,220.435,744.154,447.630,482.643
573.713,957.193,511.505,806.634,220.393,744.358,447.696,483.280
573.665,957.319,510.652,807.095,220.613,744.518,447.947,483.277
573.648,957.358,510.550,807.271,220.482,744.675,447.764,484.022
573.655,957.280,510.614,807.081,220.445,744.583,447.890,483.642
573.714,957.088,510.448,807.114,220.311,744.751,447.891,483.827
573.605,957.238,510.585,807.109,220.408,744.687,447.126,482.944
573.795,957.225,510.536,807.179,220.684,744.662,446.855,483.627
573.712,957.425,510.421,807.163,220.417,744.429,447.047,483.614
573.807,957.361,510.484,807.102,220.143,744.473,447.177,483.760
573.777,957.512,510.425,807.103,220.372,744.458,446.254,484.588
573.719,957.364,510.342,807.470,220.241,744.719,445.323,484.233
573.779,957.071,510.322,807.141,220.489,744.861,445.034,483.556
573.752,957.425,510.443,807.285,220.394,744.250,445.112,483.445
573.834,957.395,510.398,807.389,220.439,744.333,445.431,484.040
573.752,957.033,510.567,807.197,220.314,743.593,445.638,484.092
573.715,957.332,510.451,807.296,220.492,743.735,445.638,484.244
573.767,957.255,510.533,807.189,220.439,744.032,445.535,484.576
573.731,957.440,510.672,807.087,220.314,744.209,445.650,483.253
573.674,957.358,510.565,807.182,220.406,744.134,445.667,482.997
573.678,957.447,510.638,807.032,220.298,744.662,446.347,483.372
573.639,957.487,510.381,807.096,220.341,744.677,446.833,483.349
573.738,957.355,510.404,807.200,220.532,744.731,446.674,484.099
573.717,957.516,510.565,807.138,220.534,744.664,446.348,484.386
573.895,957.449,510.571,807.077,220.504,744.438,446.567,484.645
573.880,957.472,510.748,806.915,220.377,744.189,446.943,484.504
573.889,957.383,510.703,806.974,220.371,744.118,447.034,484.703
573.751,957.170,510.386,807.264,220.315,744.165,446.914,484.279
573.701,957.390,510.607,807.162,220.404,744.336,446.746,484.877
573.894,956.908,510.383,807.192,220.404,744.817,446.780,485.837
573.933,956.970,510.363,807.240,220.435,744.683,446.623,486.020
573.919,957.394,510.405,807.172,220.225,744.661,446.474,485.507
573.933,957.371,510.423,807.079,220.215,744.544,446.376,485.197
573.839,957.126,510.849,807.209,220.335,744.423,446.665,486.224
573.843,957.269,510.491,807.258,220.227,744.325,447.111,486.048
573.631,957.563,510.545,807.102,220.191,744.482,447.338,485.935
573.680,957.271,510.550,807.035,220.069,744.287,446.540,485.948
573.684,957.154,510.394,807.196,220.227,744.604,446.596,486.176
573.723,957.326,510.405,807.208,220.236,744.197,447.013,485.368
573.670,957.311,510.468,807.105,220.198,743.996,446.253,485.958
573.774,957.247,510.559,807.281,220.336,744.243,447.238,486.387
573.769,957.319,510.238,807.286,220.138,744.672,446.861,485.944
573.684,957.439,510.358,807.127,220.005,744.761,446.663,485.599
573.816,957.663,510.338,807.188,220.118,744.708,447.340,485.111
573.721,957.389,510.392,807.243,220.290,744.447,447.425,485.249
573.851,957.556,510.397,807.208,220.014,744.649,446.962,486.201
573.670,957.403,510.337,807.224,220.319,744.530,446.199,484.742
573.755,957.350,510.402,807.314,220.346,744.635,446.339,484.447
573.767,957.433,510.478,807.119,220.313,744.288,446.664,484.119
573.726,957.086,510.546,807.096,220.352,744.541,445.971,484.949
573.657,957.278,510.384,807.232,220.445,744.616,445.164,484.766
573.620,957.352,510.374,807.282,220.300,744.687,445.021,484.418
573.643,957.613,510.441,807.263,220.162,744.801,444.633,485.318
573.740,957.440,510.780,807.026,220.095,744.684,445.229,484.834
573.653,957.407,510.359,807.115,220.532,744.709,444.822,485.479
573.772,957.528,510.597,807.160,220.437,744.732,444.658,485.214
573.786,957.623,510.678,807.160,220.528,744.718,444.418,485.432
573.720,957.436,510.543,807.237,220.507,744.615,444.646,485.293
573.589,957.621,510.529,807.226,220.557,744.559,444.646,485.543
573.776,957.594,510.333,807.140,220.164,744.819,445.052,485.434
573.705,957.331,510.584,807.138,220.433,744.965,445.318,484.985
573.695,957.235,510.714,807.167,220.473,744.397,444.784,485.245
573.731,957.416,510.710,807.035,220.354,744.747,444.943,485.466
573.813,957.624,510.511,807.087,220.248,744.693,444.937,486.002
573.749,957.464,510.339,807.226,220.358,744.540,444.951,485.755
573.803,957.316,510.326,807.112,220.309,744.560,445.676,485.054
573.802,957.441,510.450,807.208,220.355,744.340,445.770,484.661
573.737,957.596,510.659,807.057,220.590,744.525,445.987,484.682
573.723,957.369,510.755,806.926,220.258,744.943,445.888,485.046
573.666,957.259,510.618,807.076,220.162,744.501,445.928,484.876
573.759,957.356,510.719,807.094,220.421,744.507,445.529,485.238
573.617,957.409,510.729,807.067,220.471,744.904,445.346,485.592
573.629,957.412,510.678,807.096,220.294,744.526,445.399,485.580
573.636,957.406,510.759,807.141,220.327,744.722,445.707,485.363
573.506,957.181,510.597,806.973,220.318,744.535,445.364,486.065
573.695,957.323,510.475,806.985,220.555,744.564,445.010,484.929
573.806,957.498,510.663,807.050,220.286,744.426,445.765,484.879
573.699,957.439,510.562,807.141,220.334,744.420,445.028,485.201
573.633,957.188,510.518,806.964,220.437,744.468,444.806,486.107
573.692,957.358,510.886,806.759,220.246,744.367,445.513,486.204
573.414,957.807,510.676,806.989,220.370,744.582,445.287,486.138
573.632,957.332,510.711,806.812,220.152,744.303,444.105,486.094
573.572,957.203,510.872,806.838,220.207,744.466,443.923,486.579
573.601,957.443,510.609,807.082,220.157,744.058,443.661,487.010
573.667,957.291,510.625,807.120,220.317,744.357,444.668,486.650
573.854,957.342,510.466,807.035,220.298,744.817,445.596,485.969
573.739,957.305,510.347,807.035,220.279,744.673,444.832,485.719
573.637,957.424,510.492,807.186,220.304,744.811,444.972,486.325
573.576,957.551,510.446,807.168,220.138,744.483,444.642,485.452
573.655,957.180,510.562,806.945,220.292,744.754,444.081,486.419
573.668,957.195,510.392,807.265,220.345,744.593,444.535,486.007
573.710,957.327,510.597,807.064,220.395,744.261,444.363,486.104
573.436,957.350,510.550,807.053,220.432,744.439,444.411,486.282
573.622,957.441,510.291,807.080,220.401,744.581,444.321,486.705
573.632,957.283,510.613,807.076,220.133,744.832,444.247,486.582
573.775,957.214,510.581,807.181,220.008,744.664,444.324,486.416
573.688,956.829,510.683,807.169,220.110,744.573,444.192,487.093
573.740,957.387,510.584,807.252,220.055,744.335,444.220,486.725
573.784,957.024,510.737,806.859,220.031,744.457,443.966,486.197
573.837,957.315,510.591,807.129,220.124,744.444,444.104,485.864
573.782,957.334,510.786,807.118,220.239,744.720,444.071,485.916
573.831,957.484,510.866,807.092,220.158,744.617,444.209,485.326
573.675,957.200,510.693,807.144,220.271,743.664,444.373,486.220
573.755,957.342,510.686,807.148,220.433,743.655,444.223,485.749
573.757,957.240,510.535,807.089,220.095,744.451,444.243,485.428
573.687,957.465,510.613,807.164,220.124,744.263,444.467,485.358
573.724,957.162,510.524,807.137,220.520,744.639,444.626,485.049
573.664,957.273,510.735,806.960,220.445,744.764,444.904,484.365
573.606,957.352,510.646,806.967,220.430,744.841,444.649,484.511
573.715,957.722,510.646,806.936,220.466,744.354,444.439,484.416
573.802,957.322,510.498,806.895,220.481,744.883,444.647,484.137
573.794,957.516,510.336,807.041,220.340,744.975,444.806,483.926
573.785,957.611,510.386,806.966,220.268,744.673,444.415,484.170
573.781,956.885,510.434,807.070,220.415,744.717,444.519,483.794
573.815,957.248,510.322,806.975,220.376,744.836,444.687,483.740
573.748,957.390,510.637,806.829,220.410,744.826,444.917,483.683
573.762,957.539,510.703,806.720,220.447,744.735,445.174,484.255
573.659,957.395,510.748,806.826,220.363,744.897,445.250,484.250
573.691,957.400,510.392,806.847,220.478,744.645,444.503,484.517
573.772,957.577,510.426,806.867,220.383,744.659,444.423,483.832
573.771,957.481,510.316,806.894,220.398,744.663,444.557,483.680
573.771,957.317,510.283,806.980,220.389,744.479,445.151,483.366
573.632,956.995,510.309,806.861,220.314,744.187,445.247,483.055
573.665,957.240,510.350,806.861,220.556,744.888,445.045,484.135
573.846,957.500,510.634,806.839,220.439,744.932,444.802,484.416
573.683,957.587,510.238,806.956,220.584,745.261,444.208,484.409
573.666,957.324,510.420,806.731,220.446,744.808,443.874,484.776
573.621,957.288,510.467,806.790,220.530,744.798,444.072,484.819
573.835,956.925,510.457,806.910,220.346,744.571,444.707,485.189
573.679,957.092,510.354,807.003,220.379,744.590,444.415,484.897
573.694,957.294,510.473,807.043,220.321,744.762,444.181,484.403
573.726,957.243,510.694,806.912,220.276,744.615,444.438,484.407
573.734,957.328,510.531,806.776,220.142,744.918,444.692,484.598
573.656,957.192,510.615,806.907,220.215,744.941,444.631,485.256
573.654,957.369,510.444,807.018,219.899,744.784,444.065,485.389
573.692,957.543,510.667,806.903,220.014,744.579,444.000,486.107
573.708,957.399,510.683,806.956,220.315,744.938,444.035,485.911
573.723,957.144,510.627,806.817,220.155,744.724,444.209,486.320
573.757,957.212,510.621,806.824,220.215,744.547,444.438,486.611
573.732,957.459,510.592,806.695,220.382,744.150,444.827,486.372
573.707,957.170,510.553,806.703,220.210,744.206,445.032,486.175
573.500,957.712,510.677,806.659,220.146,744.794,444.936,486.071
573.598,957.816,510.627,806.646,220.168,744.550,444.587,486.280
573.500,957.428,510.352,806.872,220.227,744.475,444.531,486.278
573.564,957.222,510.838,806.656,220.474,744.852,444.294,486.551
573.661,957.113,510.719,806.657,220.423,744.857,444.215,486.625
573.634,957.188,510.422,806.689,220.336,744.555,444.427,486.158
573.748,956.861,510.574,806.557,220.333,744.649,444.325,486.710
573.700,957.185,510.463,806.833,220.405,744.708,444.533,486.651
573.619,957.080,510.334,806.920,220.417,744.542,444.665,487.049
573.661,957.574,510.426,806.775,220.530,744.557,444.677,487.209
573.728,957.519,510.287,806.723,220.451,744.687,444.584,487.768
573.730,957.505,510.329,806.739,220.323,744.399,444.444,487.667
573.627,957.434,510.221,806.783,220.370,744.568,444.302,487.507
573.660,957.622,510.262,806.854,220.304,745.028,444.579,487.668
573.727,957.253,510.252,806.662,220.463,744.865,444.808,487.104
573.742,957.539,510.442,806.614,220.525,744.848,444.765,486.248
573.684,957.346,510.656,806.537,220.585,744.828,444.542,486.419
573.607,957.444,510.606,806.629,220.587,744.848,444.114,487.203
573.549,957.457,510.488,806.819,220.723,744.898,443.678,488.557
573.603,957.342,510.582,806.818,220.549,744.759,443.732,488.792
573.597,957.204,510.533,806.822,220.495,744.675,443.733,489.165
573.658,957.220,510.721,806.778,220.695,744.543,443.871,489.051
573.613,957.257,510.564,807.015,220.271,744.637,444.108,489.134
573.548,957.338,510.575,807.055,220.167,744.855,443.967,489.188
573.783,957.316,510.201,807.460,220.093,744.659,443.913,488.850
573.642,957.237,509.729,807.472,220.279,744.556,443.793,489.104
573.706,957.183,509.784,807.337,219.895,744.284,443.909,488.745
573.761,957.079,509.743,807.440,220.188,744.453,443.837,488.845
573.790,957.287,509.925,807.022,220.341,744.685,443.928,488.534
573.604,957.600,509.928,807.169,220.366,744.408,443.805,488.986
573.545,957.514,510.072,806.626,220.346,744.962,443.933,488.700
573.753,957.619,510.490,806.117,220.551,744.906,443.792,489.084
573.743,957.697,510.543,806.124,220.506,744.729,443.791,488.666
573.708,957.264,511.092,805.696,220.481,744.581,443.570,488.780
573.640,957.398,511.166,805.544,220.459,744.661,443.833,488.375
573.608,957.545,511.564,805.110,220.415,745.151,443.584,488.431
573.562,957.335,511.641,804.451,220.917,746.111,443.848,488.377
573.616,957.369,511.807,804.616,220.683,745.172,443.765,488.585
573.565,957.159,511.758,804.722,220.489,744.881,443.909,488.507
573.619,957.496,511.181,804.460,220.479,744.804,443.852,488.633
573.653,957.522,511.040,804.602,220.378,744.572,444.090,488.473
573.612,957.551,511.459,804.802,220.325,744.474,443.937,488.627
573.684,957.607,510.968,804.798,220.138,744.503,443.957,488.353
573.751,957.496,510.103,804.993,220.283,744.608,444.018,487.751
573.617,957.721,510.922,804.741,220.376,744.695,444.050,487.910
573.679,957.815,511.396,804.293,220.322,744.385,444.168,488.105
573.750,957.628,511.792,804.223,220.426,744.629,444.376,487.675
573.709,957.885,511.060,804.616,220.359,744.682,444.162,488.511
573.731,957.562,511.133,804.364,220.195,744.886,444.195,488.470
573.684,957.591,510.274,804.070,220.265,744.868,444.053,488.565
573.759,957.417,510.185,803.791,220.503,744.832,443.971,489.108
573.634,957.423,510.200,803.846,220.469,744.690,443.941,488.643
573.586,957.515,510.633,803.614,220.330,744.512,443.794,488.885
573.628,957.561,510.425,803.184,220.448,744.312,443.536,489.031
573.617,957.375,510.759,803.321,220.972,745.591,443.653,488.814
573.577,957.234,510.715,803.150,220.533,744.842,443.132,488.811
573.591,957.398,510.076,803.597,220.666,745.694,443.809,488.524
573.730,957.438,509.753,803.510,220.425,744.864,443.716,487.960
573.611,957.267,509.312,803.990,220.461,745.063,443.609,487.168
573.650,957.432,509.411,803.849,220.401,745.007,444.131,486.836
573.615,957.653,510.217,803.487,220.358,744.785,444.309,487.242
573.551,957.593,510.666,803.150,220.543,744.865,444.877,487.781
573.547,957.700,510.295,803.696,220.422,744.622,444.866,487.963
573.650,957.514,510.168,803.999,220.551,745.141,444.784,487.774
573.570,957.452,510.413,804.001,220.637,745.267,444.813,487.406
573.650,957.615,509.457,804.209,220.478,744.845,444.615,487.814
573.631,957.527,509.895,804.023,220.506,744.831,444.631,487.230
573.741,957.531,509.583,804.003,220.419,745.034,444.008,485.285
573.647,957.658,509.784,803.646,220.258,744.196,443.153,485.277
573.635,957.428,510.441,804.208,219.687,744.792,442.697,484.610
573.710,957.496,509.626,803.543,219.905,744.908,442.034,482.950
573.634,957.418,509.354,803.620,219.932,744.743,441.039,483.866
573.731,957.413,510.172,803.183,220.136,744.494,439.565,484.912
573.736,957.235,510.405,802.411,220.088,744.312,438.271,486.317
573.719,957.504,509.993,803.356,220.238,744.592,436.994,487.629
573.700,957.325,509.510,803.276,220.256,744.738,436.838,488.417
573.675,957.392,509.809,804.535,220.281,744.414,436.931,489.001
573.748,957.350,508.756,804.346,220.311,744.500,436.626,488.764
573.675,957.541,508.933,804.380,220.154,744.311,436.620,488.479
573.724,957.670,508.397,804.705,220.220,744.490,436.311,488.657
573.677,957.483,507.932,805.218,220.161,744.532,436.522,488.461
573.641,957.479,508.221,806.017,220.353,744.746,436.697,488.314
573.671,957.572,507.569,805.730,220.357,745.089,436.468,488.503
573.666,957.274,507.313,805.977,220.339,744.562,436.270,488.625
573.715,957.350,507.528,805.855,220.234,744.625,436.038,488.706
573.632,957.564,506.071,806.145,220.358,744.670,436.186,487.551
573.700,957.613,505.770,807.385,220.302,744.613,436.287,487.500
573.663,957.300,505.442,807.048,220.097,744.702,436.475,487.468
573.665,957.707,506.137,806.232,220.110,744.810,436.678,487.309
573.722,957.451,504.846,807.093,220.019,744.396,436.368,487.825
573.692,957.582,505.653,806.932,220.031,744.523,436.322,487.985
573.617,957.525,504.737,806.821,220.164,744.441,436.745,487.424
573.590,957.650,505.228,806.630,220.170,744.537,436.565,488.275
573.570,957.758,505.010,806.681,220.193,744.508,436.558,487.349
573.555,957.327,505.068,807.189,220.352,744.616,436.734,487.238
573.537,957.510,505.223,807.087,220.474,744.727,436.821,488.016
573.702,957.631,504.733,806.829,220.461,744.846,436.698,488.133
573.671,957.573,504.241,806.651,220.279,744.543,436.785,488.162
573.402,957.648,504.381,806.972,220.218,744.563,436.433,487.862
573.738,957.440,504.505,807.349,220.285,744.606,436.510,487.588
573.580,957.446,504.021,807.034,220.338,744.676,436.591,487.604
573.634,957.671,504.255,806.824,220.406,745.025,436.431,488.127
573.598,957.481,504.225,806.866,220.412,744.723,435.946,488.591
573.545,957.286,504.928,806.838,220.458,744.715,436.019,488.935
573.581,957.467,504.588,806.966,220.192,745.026,435.905,488.933
573.665,957.881,504.485,806.910,220.329,744.455,436.053,488.714
573.686,956.986,505.434,806.992,220.310,744.539,435.628,488.592
573.632,957.207,505.444,806.484,220.228,744.686,435.899,488.342
573.748,957.127,505.763,805.708,220.312,744.476,436.200,488.559
573.517,957.199,505.917,805.714,220.373,744.972,436.005,489.216
573.520,957.283,506.078,805.822,220.327,744.395,436.212,489.285
573.549,957.668,506.344,805.747,220.235,745.047,436.488,488.882
573.731,957.170,506.547,805.483,220.438,745.038,436.512,488.790
573.604,957.426,507.384,805.162,220.489,743.911,436.428,487.880
573.490,957.428,506.848,805.531,220.461,744.134,436.556,487.948
573.706,957.545,506.911,805.230,220.075,745.265,436.812,487.863
573.643,957.514,507.629,805.040,220.120,745.168,437.183,487.735
573.586,957.251,507.565,805.428,220.252,744.949,436.988,488.318
573.526,957.078,507.888,804.970,220.347,744.888,436.857,487.983
573.703,957.194,507.944,805.017,220.191,744.506,437.088,488.281
573.657,957.469,507.503,804.886,220.265,744.486,437.359,487.605
573.577,957.644,506.769,805.115,220.213,744.430,437.408,487.733
573.565,957.545,506.610,805.612,220.068,744.850,436.978,487.479
573.518,957.712,506.664,805.578,220.050,744.695,436.988,487.636
573.683,957.400,507.361,805.386,220.242,744.977,436.987,488.112
573.604,957.406,507.488,805.179,220.015,744.848,436.696,486.953
573.575,957.495,506.879,805.198,220.093,744.553,436.978,486.848
573.604,957.337,506.682,805.233,220.193,744.485,437.081,486.950
573.692,957.497,506.528,805.230,220.179,744.515,436.961,486.905
573.627,957.643,507.065,805.134,220.195,744.574,436.959,487.304
573.626,957.428,507.447,805.505,220.133,744.927,437.009,487.048
573.638,957.379,506.876,805.309,220.183,744.842,437.022,486.855
573.575,957.434,506.802,805.139,220.129,744.767,437.053,486.924
573.608,957.655,506.963,805.529,220.050,744.865,437.196,487.044
573.563,957.519,506.962,805.140,220.368,744.644,437.193,487.291
573.578,957.136,507.247,805.088,220.419,744.609,436.924,487.305
573.516,957.630,507.147,805.141,220.394,744.653,436.998,487.424
573.708,957.441,507.046,805.011,220.301,744.671,436.998,487.638
573.720,957.412,507.038,804.911,220.595,744.770,437.056,487.526
573.648,957.616,507.193,804.787,220.414,744.746,437.127,487.165
573.753,957.861,506.887,804.917,220.278,744.707,436.999,487.492
573.583,957.578,506.724,804.978,220.167,745.012,436.888,487.489
573.552,957.600,506.940,804.382,220.161,745.060,436.947,487.577
573.677,957.435,506.556,804.873,220.279,744.386,437.094,487.423
573.635,957.667,506.127,804.694,220.325,745.041,437.114,487.353
573.563,957.472,506.217,804.757,220.332,744.764,437.481,487.707
573.599,957.228,506.408,805.104,219.936,744.543,437.196,487.404
573.464,957.378,506.202,805.064,220.473,745.425,437.356,487.945
573.562,957.518,506.445,804.377,220.314,744.796,437.509,487.944
573.461,957.628,506.491,804.123,220.470,745.164,437.481,487.723
573.581,957.394,505.850,803.391,220.322,745.137,437.409,488.388
573.528,957.366,505.603,803.182,220.344,745.152,437.465,488.344
573.517,957.389,505.686,802.737,220.369,744.897,437.327,488.439
573.556,957.518,505.688,803.176,220.326,744.497,437.496,488.601
573.567,957.414,505.293,802.509,220.115,744.847,437.504,488.871
573.632,957.324,505.622,802.361,220.113,744.973,437.760,488.856
573.738,957.354,505.649,802.305,220.330,744.754,437.653,489.228
573.682,957.725,505.911,802.912,220.310,744.637,437.695,489.363
573.622,957.680,505.750,802.199,220.145,744.561,437.847,488.959
573.608,957.530,504.848,801.920,220.281,744.647,437.676,488.994
573.588,957.568,504.564,801.631,220.233,744.575,437.705,488.584
573.675,957.682,504.041,801.395,220.241,744.466,437.867,488.928
573.633,957.899,504.668,801.076,220.246,744.320,438.179,489.857
573.495,957.423,505.855,800.142,220.157,745.106,437.941,489.878
573.446,957.741,505.914,800.489,220.217,745.254,437.919,489.912
573.641,957.604,505.421,798.514,220.148,744.710,437.963,489.953
573.587,957.502,504.203,798.137,220.288,744.985,437.996,490.071
573.610,957.628,504.103,798.829,220.761,745.694,438.029,489.489
573.674,957.672,503.798,799.362,220.781,745.590,438.155,489.347
573.611,957.542,505.056,799.361,220.052,744.789,438.337,489.400
573.537,957.610,504.399,799.654,220.078,744.799,438.870,489.749
573.513,957.557,505.043,798.520,220.233,745.163,439.372,489.276
573.537,957.559,504.555,798.559,220.296,744.662,438.564,489.905
573.517,957.591,503.377,799.583,220.558,744.692,438.534,489.833
573.565,957.670,503.699,800.312,220.387,744.614,438.640,489.842
573.576,957.589,503.663,800.713,220.270,744.707,438.269,490.068
573.549,957.610,503.796,800.768,220.493,744.970,438.386,489.811
573.538,957.554,502.977,801.034,220.427,744.807,438.525,489.819
573.540,957.752,503.044,800.939,220.364,744.693,438.613,489.256
573.574,957.760,503.639,800.914,220.307,744.880,438.695,489.015
573.561,957.778,504.429,801.061,220.318,744.892,438.004,489.712
573.696,957.192,504.538,800.934,220.397,745.027,437.939,489.873
573.491,957.806,503.578,801.704,220.176,744.929,438.072,489.744
573.516,957.649,503.867,801.413,220.195,744.769,437.952,489.627
573.513,957.438,503.753,801.140,220.267,744.606,438.053,489.273
573.486,957.653,503.778,801.180,220.070,744.766,438.290,489.893
573.505,957.531,503.348,801.487,220.366,744.865,439.032,488.782
573.626,957.721,503.174,801.300,220.301,744.653,438.794,489.725
573.637,957.814,503.066,800.952,220.357,744.824,438.806,489.898
573.611,957.803,502.898,800.832,220.264,744.565,438.354,490.118
573.571,957.768,502.688,801.391,220.250,744.431,438.175,489.589
573.638,958.049,503.172,801.162,220.381,744.950,438.292,490.087
573.615,957.903,503.314,800.922,220.280,744.793,438.371,489.963
573.646,957.648,503.073,801.382,220.283,745.122,438.519,489.458
573.656,957.778,503.324,801.085,220.390,744.998,438.750,489.640
573.603,957.701,503.318,801.087,220.394,744.681,438.804,489.260
573.606,957.718,503.647,801.067,220.452,744.798,438.443,489.176
573.553,957.380,503.421,801.176,220.341,744.754,438.386,488.808
573.562,957.597,502.888,801.392,220.320,744.830,438.154,488.685
573.623,957.577,503.219,801.421,220.193,745.175,438.179,488.516
573.541,957.706,502.649,801.268,220.361,745.527,437.583,488.562
573.528,957.569,503.351,801.532,220.059,745.507,437.262,487.805
573.647,957.267,503.506,801.110,220.161,745.060,437.007,488.225
573.632,957.843,503.445,801.292,220.239,745.289,437.028,487.342
573.612,957.780,503.053,801.389,220.024,744.990,436.991,487.751
573.612,957.767,503.239,801.423,219.981,744.758,437.090,487.989
573.626,957.750,503.150,801.442,220.024,745.013,436.810,487.466
573.576,957.900,502.233,801.686,220.065,744.915,435.686,487.986
573.568,957.692,502.954,801.379,220.285,745.168,434.669,489.534
573.537,957.779,502.895,801.400,220.210,745.032,433.918,490.175
573.365,957.913,503.252,801.839,220.045,744.726,433.460,490.299
573.652,957.839,503.109,801.854,219.903,744.599,432.542,491.371
573.493,957.563,503.217,801.423,220.328,744.939,432.594,491.621
573.578,957.693,503.025,801.469,220.439,745.175,432.410,492.142
573.516,957.527,503.602,801.683,220.362,744.823,432.381,491.865
573.481,957.427,503.006,801.576,220.336,745.107,432.096,491.985
573.604,957.562,503.413,801.816,220.501,745.096,431.890,492.063
573.600,957.571,503.208,801.385,220.435,745.080,431.423,491.708
573.614,957.608,503.379,801.365,220.479,745.120,431.240,491.830
573.509,957.583,503.704,801.593,220.380,745.035,431.036,492.472
573.532,957.507,504.469,802.064,220.309,744.817,431.289,492.246
573.583,957.722,503.327,802.659,220.171,744.780,431.187,492.538
573.512,957.603,503.161,802.172,220.102,744.837,431.062,492.160
573.516,957.716,503.636,801.609,220.098,744.585,430.951,492.299
573.579,957.620,503.291,801.951,220.137,744.743,430.917,491.965
573.487,957.544,503.454,802.172,220.075,744.799,430.997,492.338
573.565,957.726,502.832,801.877,220.070,744.803,431.168,492.343
573.642,957.510,502.794,801.287,220.051,745.059,431.289,492.786
573.485,957.727,502.696,800.460,220.124,744.974,431.141,492.920
573.498,957.494,503.713,799.395,220.051,744.758,431.053,492.525
573.451,958.047,502.465,799.754,220.060,744.726,431.084,493.007
573.415,957.972,501.881,800.650,220.168,745.083,431.044,492.588
573.573,957.817,502.016,800.498,220.295,744.692,430.987,492.552
573.596,957.676,501.374,800.510,220.352,744.534,431.075,492.296
573.572,957.529,501.094,800.859,220.034,745.143,431.207,493.362
573.524,957.396,500.908,800.927,219.975,745.101,431.451,493.256
573.500,957.580,500.743,800.812,220.058,744.933,431.400,492.992
573.462,957.767,500.637,800.701,219.981,744.874,431.417,492.697
573.228,957.821,500.320,800.933,220.024,745.049,431.085,492.274
573.537,957.322,500.371,800.590,220.324,744.799,430.704,491.269
573.531,957.387,500.417,800.504,220.413,744.764,430.832,491.441
573.607,957.590,500.317,800.448,220.446,744.606,430.510,491.459
573.469,957.667,500.443,800.698,220.359,744.716,430.892,491.202
573.533,957.363,500.837,800.664,220.280,744.809,430.792,491.432
573.578,957.560,500.257,800.509,220.263,744.738,431.063,491.014
573.594,957.629,500.347,800.778,220.041,744.671,431.193,491.981
573.509,957.492,500.431,800.531,220.122,744.961,431.478,492.826
573.600,957.756,500.358,799.908,220.053,745.090,431.314,492.251
573.548,957.468,500.258,800.247,220.418,745.188,431.043,492.137
573.668,957.551,500.344,799.924,219.923,744.830,430.701,491.581
573.665,957.383,500.272,800.176,220.189,744.899,430.775,491.905
573.586,957.342,500.247,800.465,220.234,744.986,430.801,492.074
573.553,957.491,500.014,800.805,220.165,744.644,431.064,490.876
573.542,957.558,500.016,800.930,219.997,744.327,431.116,490.885
573.656,957.486,499.711,801.841,220.129,744.892,431.016,490.681
573.514,957.851,499.814,801.832,220.348,744.753,431.298,490.431
573.497,957.365,499.633,801.414,220.055,744.919,431.545,491.431
573.442,957.623,499.315,802.072,220.314,744.874,431.921,492.445
573.575,957.665,499.525,801.739,220.036,744.929,431.958,492.804
573.554,957.733,499.050,801.793,220.164,744.980,431.490,492.708
573.539,957.608,499.365,801.762,220.070,744.776,431.049,492.353
573.531,957.445,499.277,801.906,220.038,744.777,431.060,492.887
573.565,957.596,499.046,801.953,220.316,744.711,431.007,492.519
573.587,957.360,499.217,802.244,220.359,744.759,431.452,492.710
573.642,957.526,498.983,802.599,220.542,745.003,431.573,492.583
573.593,957.303,498.722,802.634,219.814,744.881,431.805,493.329
573.610,957.249,498.952,802.560,220.103,744.746,431.513,492.866
573.644,957.658,498.922,802.455,219.826,744.792,431.470,492.861
573.623,957.582,498.674,803.002,219.997,744.466,431.334,493.230
573.558,957.181,498.668,802.901,220.376,744.877,431.076,492.486
573.519,957.099,499.054,802.138,220.150,744.769,430.959,492.776
573.470,957.353,498.386,803.164,220.177,744.766,431.014,492.508
573.450,957.321,498.298,803.607,220.322,744.796,430.914,492.079
573.545,957.285,498.743,802.657,219.886,744.308,430.952,492.476
573.545,957.384,498.569,802.836,220.233,744.950,430.943,492.585
573.544,957.503,498.247,803.172,220.040,744.672,430.928,492.252
573.535,957.547,498.499,802.639,220.147,744.881,430.968,492.446
573.471,957.367,498.598,802.508,220.318,744.783,430.775,491.949
573.541,957.292,498.730,803.352,220.462,745.156,430.822,492.517
573.552,957.441,498.751,802.674,220.446,745.120,430.928,492.872
573.483,957.521,498.511,802.969,220.225,745.137,430.550,492.754
573.462,957.310,498.324,802.960,220.413,745.064,431.205,493.279
573.525,957.507,498.206,803.486,220.133,745.106,431.225,493.673
573.481,957.445,498.082,803.714,220.098,745.069,431.348,494.089
573.493,957.362,498.634,802.910,220.264,744.512,431.396,494.297
573.563,957.392,498.304,803.186,220.242,744.815,431.026,493.852
573.417,957.596,498.322,803.440,220.366,745.372,430.890,493.377
573.505,957.254,498.431,803.187,220.343,745.049,430.829,493.273
573.564,957.545,497.822,803.558,220.424,744.957,430.913,493.111
573.495,957.523,497.574,804.314,220.262,744.785,431.017,493.087
573.513,957.550,497.246,804.592,220.287,744.946,430.975,492.794
573.646,957.796,498.590,802.605,220.284,744.814,430.930,492.692
573.518,957.755,498.304,803.085,220.339,745.009,430.935,492.977
573.483,957.578,497.211,804.973,220.242,744.795,431.358,493.043
573.516,957.495,498.115,803.314,220.286,744.852,431.221,492.873
573.630,957.691,497.879,803.499,220.126,744.755,431.290,493.152
573.559,957.771,497.171,804.651,220.175,744.611,431.389,493.054
573.557,957.632,497.996,803.772,220.332,745.049,431.747,493.809
573.583,957.710,497.961,803.730,220.343,745.023,431.468,492.848
573.519,957.486,497.345,804.927,220.288,745.065,432.145,492.834
573.555,957.470,497.341,805.154,220.284,744.863,432.387,493.120
573.653,957.617,497.353,804.971,220.051,744.888,432.371,493.893
573.540,957.631,497.503,804.359,220.112,744.365,432.063,494.320
573.623,957.643,497.758,804.379,219.826,745.006,432.124,493.937
573.620,957.563,497.782,805.297,219.731,745.134,432.122,493.693
573.544,957.468,497.225,805.038,219.757,745.093,432.075,493.241
573.462,957.443,497.299,805.326,219.838,744.838,431.366,494.127
573.493,957.509,497.576,805.167,219.874,744.811,431.082,494.602
573.551,957.575,497.550,805.005,220.037,744.824,430.881,494.481
573.511,957.630,497.877,804.341,220.009,744.740,430.967,494.639
573.598,957.143,497.362,805.201,220.115,744.846,430.665,494.828
573.606,957.294,497.396,805.296,220.108,744.904,430.967,495.797
573.599,957.535,497.686,805.269,220.305,744.881,430.807,496.208
573.634,957.638,497.586,804.641,220.278,745.130,430.781,496.043
573.598,957.434,497.292,805.064,220.393,745.276,430.583,496.688
573.567,957.634,497.740,805.140,220.266,745.088,430.755,496.514
573.558,957.622,497.851,804.808,220.401,745.322,430.772,496.870
573.491,957.511,497.623,804.429,220.494,745.218,430.983,496.607
573.598,957.557,497.817,803.991,220.540,745.496,430.722,496.527
573.454,957.347,497.047,805.079,220.345,745.262,431.055,496.709
573.618,957.705,497.668,804.841,220.232,745.095,430.984,497.057
573.472,957.517,498.282,803.312,220.249,745.039,431.130,496.599
573.536,957.371,498.159,803.071,220.367,745.093,431.155,496.961
573.366,957.290,497.532,804.063,220.345,744.772,430.995,496.685
573.519,957.408,497.437,804.686,220.364,745.075,431.056,496.676
573.445,957.510,497.743,803.974,220.147,744.830,431.212,497.145
573.481,957.327,498.325,802.994,220.111,745.165,431.113,497.232
573.494,957.509,498.491,802.808,219.955,745.183,431.163,496.945
573.421,957.388,498.201,803.147,219.762,744.435,431.203,497.109
573.499,957.619,497.728,803.861,220.173,744.684,431.127,497.099
573.544,957.674,496.995,803.739,220.072,745.116,431.107,496.899
573.639,957.543,498.257,803.056,220.041,745.173,431.230,496.749
573.329,957.831,497.262,803.895,219.853,745.075,431.333,497.127
573.492,957.636,497.955,802.725,219.936,745.255,431.415,497.077
573.476,957.682,497.835,802.663,219.986,744.898,431.325,496.986
573.553,957.675,498.344,802.731,219.844,745.233,431.544,496.339
573.611,957.761,498.326,802.648,220.106,745.099,431.579,496.787
573.656,957.584,497.035,804.182,220.165,745.071,431.694,496.903
573.473,957.192,498.325,802.910,220.238,744.933,431.845,496.506
573.518,957.343,498.266,802.705,220.235,744.922,431.705,496.506
573.252,957.584,497.172,804.308,220.215,744.579,431.613,497.168
573.545,957.456,497.357,804.129,220.094,744.651,431.258,496.970
573.426,957.799,497.337,804.002,220.096,744.773,431.195,497.688
573.508,957.666,497.553,803.330,220.179,744.732,431.386,497.634
573.539,957.638,497.136,804.398,220.211,744.819,431.163,497.720
573.576,957.734,498.059,803.037,220.090,744.464,431.352,497.297
573.535,957.457,497.465,803.720,220.152,744.692,431.535,497.018
573.687,957.842,497.085,803.746,220.100,744.729,431.474,497.277
573.569,957.717,497.395,804.918,219.971,744.403,431.358,497.184
573.595,957.693,497.651,804.288,219.985,744.751,431.495,497.295
573.552,957.898,497.768,802.815,219.976,744.769,431.405,497.545
573.592,957.816,497.364,803.579,220.086,744.848,431.443,496.863
573.579,957.455,497.512,803.721,219.991,744.736,431.508,497.031
573.447,957.406,497.164,803.021,220.253,744.796,431.439,497.057
573.416,957.393,497.784,802.395,219.908,744.960,431.343,497.256
573.490,957.456,498.047,802.949,219.964,744.532,431.361,497.457
573.538,957.599,497.147,804.293,219.906,745.043,431.405,497.516
573.535,957.666,497.501,803.230,220.214,745.030,431.227,497.516
573.516,957.734,497.666,802.969,220.122,745.153,431.385,497.470
573.552,957.682,497.721,802.736,220.228,745.041,431.335,497.247
573.509,957.401,497.285,804.010,220.170,744.805,431.670,497.029
573.452,957.381,497.928,803.233,220.207,744.943,431.642,496.672
573.579,957.325,497.699,803.185,220.273,744.863,431.386,497.402
573.583,957.281,497.377,803.509,220.182,744.745,431.661,496.654
573.593,957.411,498.069,803.196,219.941,744.793,431.534,496.621
573.517,957.450,497.970,803.224,219.953,744.805,431.436,497.129
573.299,958.006,497.637,804.109,219.984,745.096,431.381,497.143
573.349,957.819,497.651,804.403,219.954,745.045,430.840,497.160
573.274,958.216,497.651,804.030,219.918,745.107,431.255,496.966
573.611,957.811,497.536,804.105,220.006,745.593,431.192,496.905
573.666,957.721,497.544,804.102,220.015,745.371,431.241,496.952
573.464,957.747,497.484,803.945,219.912,745.122,431.055,497.202
573.578,957.660,497.804,803.881,219.876,745.152,431.078,497.211
573.501,957.612,498.565,803.406,220.028,745.352,431.314,497.153
573.514,957.703,498.666,803.208,219.943,745.263,431.361,497.167
573.660,957.556,498.713,802.546,219.848,744.619,431.130,497.030
573.506,957.494,498.329,802.967,220.149,745.120,431.371,496.719
573.485,957.662,498.291,803.075,219.880,744.514,431.518,496.489
573.497,957.714,498.401,803.045,219.812,745.049,431.343,496.749
573.497,957.597,499.003,803.049,220.043,744.462,431.203,497.174
573.581,957.389,498.585,802.757,220.056,744.500,431.389,497.155
573.530,957.473,498.828,802.623,220.022,745.375,431.326,497.437
573.500,957.387,498.823,802.338,220.157,744.916,431.125,497.230
573.513,957.196,498.717,802.683,220.202,745.098,431.291,497.365
573.492,957.697,498.927,803.055,220.135,744.762,431.196,497.639
573.448,957.748,498.832,803.050,220.135,745.127,431.223,497.500
573.446,957.677,498.504,803.020,220.138,744.717,431.155,497.615
573.431,957.751,498.467,803.103,219.957,744.757,431.335,497.093
573.549,957.685,498.904,802.845,220.086,744.982,431.576,496.816
573.566,957.663,498.817,802.693,220.186,744.956,431.634,497.010
573.540,957.752,498.605,802.834,220.110,744.907,431.788,496.841
573.498,957.669,498.813,802.692,220.185,745.069,431.667,497.239
573.336,957.994,498.885,802.640,220.192,744.941,431.815,497.021
573.466,957.745,498.605,802.707,220.111,744.773,431.677,497.045
573.372,957.911,498.235,802.842,220.432,745.112,431.639,497.291
573.552,957.612,499.105,802.613,219.991,745.371,431.549,497.349
573.350,957.959,498.958,802.675,220.008,745.385,431.608,497.488
573.466,957.670,499.141,802.879,220.043,745.296,431.766,497.096
573.252,957.630,499.154,802.796,220.048,745.309,431.748,497.171
573.574,957.525,499.097,802.875,219.821,745.208,431.727,497.365
573.480,957.416,499.094,802.898,219.868,745.169,431.703,497.421
573.559,957.612,499.009,803.016,219.940,744.822,431.788,497.546
573.613,957.373,499.104,803.027,220.138,745.209,431.805,497.424
573.216,957.848,499.098,803.049,220.023,744.901,431.844,497.831
573.278,957.808,499.095,803.034,220.015,744.712,431.749,497.968
573.522,957.631,499.020,802.889,220.036,744.985,431.840,497.483
573.470,957.510,499.294,802.782,220.171,745.040,431.944,497.994
573.552,957.642,499.043,803.309,220.325,744.915,431.535,498.205
573.433,957.730,498.981,803.594,220.303,744.877,431.280,498.821
573.482,957.815,499.200,803.265,220.300,745.122,431.344,498.471
573.424,957.897,499.134,803.857,220.042,745.250,431.723,498.836
573.445,957.653,499.138,803.971,220.080,745.069,432.291,498.828
573.544,957.532,498.998,803.587,219.927,744.592,432.669,499.178
573.444,957.637,498.900,803.244,220.028,744.897,433.334,499.572
573.501,957.524,499.082,803.363,220.261,745.025,432.989,499.374
573.507,957.674,498.779,803.717,220.238,745.071,432.547,499.086
573.522,957.501,499.027,803.572,219.969,745.019,433.283,499.267
573.543,957.568,499.061,803.486,220.010,744.801,433.243,499.504
573.489,957.665,498.873,803.491,219.874,745.036,433.300,499.526
573.471,957.606,499.114,803.120,220.271,744.629,433.457,499.065
573.426,957.317,498.867,803.691,219.852,745.125,433.539,500.146
573.458,957.510,499.033,803.380,219.893,744.991,433.536,500.389
573.415,957.514,499.063,803.418,219.867,744.722,432.967,500.633
573.436,957.494,499.244,803.448,220.033,745.258,433.154,500.448
573.468,957.243,498.874,803.482,220.209,745.010,433.090,501.036
573.452,957.631,499.003,803.484,220.029,744.707,433.721,501.009
573.483,957.670,498.881,803.278,220.035,744.847,433.651,500.403
573.447,957.855,499.067,803.312,220.165,744.869,433.799,500.974
573.447,957.709,499.143,803.237,220.169,744.851,433.997,500.544
573.488,957.730,498.960,803.168,220.001,744.916,433.793,500.780
573.490,957.579,499.013,803.499,220.167,745.075,433.512,500.487
573.465,957.351,498.871,803.110,220.037,744.638,433.377,500.727
573.402,957.533,499.043,803.383,220.132,744.357,433.927,500.490
573.432,957.543,499.311,803.627,219.993,744.566,433.613,500.919
573.499,957.702,498.825,804.391,220.126,745.011,433.121,501.319
573.486,957.546,498.488,804.925,219.891,744.802,433.071,501.382
573.479,957.650,498.444,805.584,220.173,744.609,433.098,500.817
573.515,957.714,498.667,804.140,220.328,744.474,433.619,501.140
573.432,957.627,498.509,804.425,220.026,744.926,433.763,501.969
573.408,957.586,498.253,804.376,220.053,745.049,433.810,502.398
573.383,957.485,498.585,803.975,220.113,744.633,433.147,501.833
573.556,957.714,499.198,802.909,219.997,744.825,432.803,501.559
573.489,957.547,499.084,803.366,219.987,744.969,433.381,501.433
573.457,957.763,499.048,803.265,220.164,745.030,433.976,502.666
573.530,957.561,498.739,803.707,220.036,744.665,434.265,501.768
573.559,957.592,498.116,804.412,220.093,744.866,433.977,502.062
573.522,957.599,497.973,804.606,220.139,745.114,433.855,502.146
573.551,957.780,498.270,804.221,220.449,746.055,433.765,503.093
573.482,957.682,498.227,804.276,220.425,745.963,433.358,503.364
573.485,957.527,498.279,804.192,220.387,744.977,433.109,503.500
573.504,957.609,498.155,804.059,220.273,744.865,433.944,501.782
573.509,957.564,498.016,804.217,220.321,744.848,433.321,502.407
573.462,957.571,498.300,804.164,220.350,745.117,433.088,502.477
573.453,957.675,498.691,803.433,220.142,745.199,433.183,502.684
573.446,957.596,498.533,803.573,220.111,745.165,433.286,502.642
573.449,957.752,498.143,803.645,220.064,744.847,433.549,503.359
573.438,957.661,498.175,803.836,220.152,745.072,433.641,502.181
573.453,957.551,498.215,803.680,219.945,744.485,433.810,501.500
573.440,957.532,498.447,802.978,220.326,744.933,433.596,502.460
573.466,957.738,498.812,802.171,220.198,744.754,433.304,501.835
573.518,957.869,499.110,801.875,220.217,744.770,433.067,501.067
573.466,957.591,499.122,801.084,220.159,744.537,432.270,501.343
573.464,957.669,498.885,800.501,220.084,744.857,432.191,501.435
573.498,957.596,498.586,800.122,220.068,744.335,432.131,501.693
573.504,957.748,498.367,799.871,220.240,744.948,432.418,501.643
573.523,957.820,498.213,799.380,220.308,744.872,432.509,502.511
573.483,957.807,498.461,799.135,220.347,744.840,432.342,500.908
573.436,957.638,498.619,799.732,220.398,745.058,432.532,501.130
573.666,957.575,498.465,799.548,220.237,744.599,432.979,501.478
573.566,957.621,497.892,799.303,220.129,744.511,433.205,501.786
573.486,957.581,497.645,799.324,220.054,744.928,433.020,501.946
573.440,957.847,498.052,799.440,220.064,744.906,432.996,502.126
573.506,957.625,497.434,799.670,220.081,745.250,433.146,502.371
573.468,957.360,497.372,798.946,219.999,744.755,433.202,502.214
573.556,957.707,497.376,799.038,220.028,744.887,433.282,503.251
573.489,957.399,497.450,799.118,220.006,744.855,433.283,502.522
573.436,957.600,497.726,799.228,219.970,744.797,433.027,502.558
573.533,957.643,497.564,799.281,219.859,744.678,433.385,502.745
573.531,957.812,497.590,799.487,219.954,744.943,433.410,502.838
573.616,957.723,497.616,799.464,220.288,744.789,433.633,502.259
573.476,957.748,497.691,799.291,220.160,744.770,433.820,501.834
573.514,957.637,497.559,799.328,220.212,744.808,433.860,501.038
573.645,957.562,497.656,798.982,219.962,744.733,433.532,500.781
573.554,957.632,497.519,799.113,220.326,744.660,433.862,501.032
573.505,957.720,497.715,799.186,220.120,744.600,433.793,501.992
573.445,957.611,497.676,799.154,220.195,744.025,433.488,501.737
573.481,957.634,497.655,799.396,220.212,744.784,433.259,501.388
573.526,957.674,497.627,799.386,220.177,744.616,433.225,502.513
573.483,957.478,497.894,799.146,220.200,744.685,433.089,502.097
573.499,957.619,497.713,799.265,220.258,744.951,433.618,502.322
573.464,957.581,497.693,799.192,220.271,745.099,433.611,501.792
573.366,957.602,497.392,799.398,219.996,745.147,433.277,501.554
573.586,957.654,497.980,798.914,219.979,744.896,433.379,501.108
573.444,957.421,498.148,798.837,220.026,744.881,433.621,500.975
573.466,957.342,497.842,799.076,220.309,744.900,433.483,500.912
573.530,957.619,497.863,799.045,220.195,744.855,433.490,500.443
573.469,957.528,497.855,798.973,219.800,744.391,433.848,500.355
573.553,957.265,497.762,798.870,220.146,744.455,433.826,501.035
573.517,957.591,497.801,798.989,219.952,744.849,434.026,500.794
573.435,957.414,497.697,798.916,220.357,745.094,433.870,501.038
573.446,957.546,497.367,798.878,220.487,745.391,433.891,500.599
573.615,957.679,497.571,798.961,219.939,744.610,433.849,500.716
573.497,957.423,497.768,798.603,219.871,744.682,433.790,500.708
573.445,957.513,497.850,799.104,220.208,744.949,433.691,501.663
573.441,957.462,497.608,798.921,220.238,744.952,433.653,501.675
573.359,957.541,497.144,798.943,220.222,744.832,433.822,500.665
573.422,957.460,497.305,799.324,220.086,744.830,433.842,500.788
573.477,957.519,497.698,798.888,220.262,745.114,433.891,501.215
573.444,957.525,497.794,798.689,220.304,745.210,433.964,501.303
573.530,957.560,497.764,798.567,220.173,744.790,434.068,501.344
573.476,957.763,497.591,798.578,220.094,744.785,433.783,501.092
573.511,957.652,497.699,798.439,220.049,745.273,434.015,501.542
573.605,957.775,496.930,798.463,220.144,744.973,434.061,501.370
573.621,957.924,497.383,798.493,220.210,745.183,433.985,501.551
573.562,957.650,497.038,798.651,220.157,744.275,433.966,500.688
573.481,957.599,497.597,798.342,220.166,744.936,434.092,501.086
573.533,957.793,496.985,798.458,219.889,745.199,434.198,501.217
573.586,957.897,497.550,798.276,219.961,745.430,434.138,501.028
573.367,957.619,497.360,798.317,219.849,745.425,433.957,500.473
573.431,957.759,496.980,798.514,220.051,745.190,433.752,500.769
573.451,957.694,497.276,798.161,220.015,745.121,433.937,500.847
573.494,957.632,497.101,798.350,220.241,745.011,433.992,501.175
573.443,957.433,497.198,798.294,220.131,744.925,434.081,501.868
573.381,957.604,497.402,798.149,220.288,744.990,433.947,501.701
573.314,957.577,496.635,798.322,219.940,744.888,434.016,501.520
573.356,957.546,496.813,798.416,219.992,745.080,433.835,501.504
573.420,957.487,496.789,798.497,219.887,745.074,433.710,501.450
573.418,957.890,496.529,798.837,220.103,744.723,433.942,501.299
573.405,957.647,496.557,798.815,220.209,744.853,433.910,501.837
573.450,957.554,496.645,798.679,220.203,745.023,434.095,501.179
573.438,957.461,496.664,798.924,220.254,744.944,433.837,501.509
573.442,957.591,496.690,798.781,220.168,744.808,433.846,502.116
573.348,957.512,496.557,798.470,220.307,744.946,433.895,502.207
573.505,957.819,496.623,798.780,220.312,745.296,433.631,503.196
573.441,957.807,496.679,798.793,220.279,745.110,433.996,502.336
573.476,957.759,496.834,798.580,220.381,745.135,433.246,504.111
573.462,957.652,496.723,798.775,220.272,744.805,433.040,506.560
573.443,957.602,496.601,798.931,220.245,744.817,434.547,501.443
573.400,957.930,496.621,798.719,219.992,744.662,434.956,499.891
573.370,957.873,496.602,798.687,220.206,745.108,435.030,498.767
573.530,957.729,496.497,798.598,220.327,744.832,435.178,499.530
573.615,957.679,496.673,798.497,220.014,744.656,435.146,499.234
573.391,957.230,496.755,798.602,220.266,745.088,435.289,498.801
573.461,957.525,496.976,798.456,220.323,745.210,435.171,498.731
573.465,957.791,497.377,797.960,220.345,745.055,435.005,497.678
573.439,957.568,497.314,797.999,220.257,744.927,434.749,497.947
573.452,957.786,496.679,798.474,220.349,745.349,434.964,497.277
573.506,957.660,496.421,798.339,220.244,745.136,435.036,497.222
573.389,957.405,496.535,799.147,220.273,745.113,434.389,497.698
573.372,957.565,496.558,799.435,220.231,745.047,434.445,497.421
573.328,957.393,496.405,798.765,220.146,745.441,434.283,497.738
573.260,957.409,496.854,799.301,220.065,745.492,434.063,497.838
573.407,957.619,496.996,798.728,220.083,745.186,433.797,498.045
573.392,957.567,496.604,799.191,220.046,745.048,434.088,497.976
573.474,957.656,496.631,798.869,220.236,745.136,433.865,497.926
573.408,957.469,496.620,799.198,220.279,745.288,433.669,498.273
573.408,957.353,497.014,798.795,220.176,745.156,433.373,498.908
573.330,957.318,496.559,799.072,220.164,745.291,433.504,498.609
573.395,957.547,497.167,798.682,220.140,745.167,433.400,498.848
573.365,957.360,496.977,798.441,219.923,744.949,433.368,499.042
573.339,957.554,496.627,798.398,219.845,744.985,433.444,499.112
573.434,957.585,496.605,799.087,219.913,744.606,433.395,499.188
573.357,957.459,496.535,799.137,219.772,744.847,433.755,498.634
573.329,957.506,496.695,799.813,220.016,744.981,433.931,498.352
573.265,957.291,496.823,798.923,219.937,745.217,433.898,498.543
573.336,957.480,496.607,799.170,220.114,745.084,433.746,498.461
573.435,957.658,496.870,799.205,220.205,744.840,433.668,498.759
573.355,957.548,496.982,799.115,220.152,744.849,433.844,498.593
573.435,957.530,496.948,799.088,220.029,744.869,433.756,498.861
573.518,957.742,496.656,799.671,220.015,744.998,433.600,499.242
573.479,957.691,496.323,798.832,220.068,745.121,433.487,499.146
573.430,957.687,496.467,798.882,220.107,745.158,433.389,499.174
573.500,957.625,496.874,799.270,220.185,744.832,433.493,499.267
573.501,957.600,497.157,798.897,220.122,744.846,433.627,498.966
573.602,957.367,496.960,798.703,220.220,744.825,433.507,499.100
573.589,957.238,497.198,799.402,220.333,745.047,433.314,499.359
573.527,957.317,496.885,799.217,219.934,744.583,433.513,499.006
573.548,957.630,497.185,799.274,220.232,745.351,433.425,499.170
573.478,957.192,496.723,799.594,220.043,744.931,433.593,498.786
573.423,957.623,496.597,799.533,220.097,745.179,433.490,499.039
573.488,957.507,496.797,799.464,220.134,745.209,433.529,498.899
573.522,957.692,497.141,799.332,220.132,744.947,433.695,498.721
573.505,957.674,497.112,799.207,220.221,745.261,433.837,498.624
573.590,957.714,497.057,799.368,220.199,744.547,433.546,498.893
573.548,957.626,497.030,799.492,220.046,744.414,433.743,498.460
573.590,957.786,496.877,799.364,220.213,744.616,433.629,498.553
573.570,957.792,496.876,799.236,220.218,744.431,433.479,498.502
573.458,957.668,496.800,799.767,220.331,744.850,433.591,498.375
573.612,957.346,496.414,799.422,220.299,745.191,433.626,498.225
573.422,957.457,496.024,799.174,220.310,745.096,433.793,498.192
573.265,957.602,496.392,798.983,220.333,745.227,433.682,498.618
573.332,957.188,496.540,798.770,220.135,745.089,433.698,498.444
573.515,957.543,496.753,799.073,220.425,745.428,433.873,498.529
573.491,957.503,496.486,798.999,220.156,745.485,433.656,498.341
573.573,957.197,496.441,799.379,220.080,745.533,433.660,498.476
573.507,957.225,496.529,799.477,219.949,745.383,433.670,498.208
573.413,957.457,496.662,799.295,219.990,744.950,433.591,498.435
573.453,957.292,496.862,799.241,220.102,745.207,433.638,498.335
573.434,957.603,497.045,799.262,220.298,745.368,433.715,498.531
573.519,957.487,496.854,799.555,220.244,745.269,433.345,498.770
573.502,957.435,497.184,799.235,220.172,745.074,433.422,498.337
573.561,957.437,496.906,799.194,220.136,744.764,433.096,498.586
573.343,957.559,497.043,799.152,219.971,744.743,433.210,499.157
573.483,957.553,496.828,799.080,219.964,744.720,433.223,499.107
573.466,957.620,496.880,799.084,220.169,744.695,433.378,498.734
573.402,957.884,497.185,799.032,220.043,744.939,433.365,499.493
573.451,957.721,497.055,798.857,219.792,745.487,433.510,498.710
573.473,957.621,497.118,798.928,219.496,745.831,433.501,498.689
573.564,957.704,497.119,798.924,220.140,746.235,433.618,498.767
573.375,957.345,496.968,798.883,219.898,746.209,433.584,498.571
573.505,957.633,497.040,798.917,220.004,746.394,433.455,498.432
573.442,957.626,496.585,798.969,220.235,746.312,433.742,498.384
573.428,957.646,497.119,798.900,220.111,745.998,433.564,498.282
573.391,957.063,496.890,798.787,219.978,745.477,433.503,498.545
573.329,957.355,497.491,798.630,219.803,745.334,433.634,498.526
573.464,957.236,497.143,798.705,220.080,745.502,433.485,498.773
573.485,957.179,497.315,799.231,219.797,745.653,433.372,498.730
573.543,957.456,497.095,798.906,219.901,745.660,433.529,498.588
573.477,957.467,497.254,798.649,219.824,745.363,433.424,499.351
573.427,957.635,497.190,798.841,219.738,745.159,433.465,498.825
573.552,957.297,496.973,798.764,219.720,745.259,433.559,498.671
573.153,958.170,496.966,798.677,219.696,745.175,433.523,498.294
573.375,957.404,497.405,798.643,219.863,745.489,433.754,498.051
573.393,957.356,496.891,798.800,219.830,745.446,433.511,498.441
573.343,957.363,496.957,799.048,219.926,745.210,433.645,498.506
573.325,957.430,497.003,798.858,219.874,745.229,433.769,498.427
573.537,957.332,496.634,799.181,219.783,745.292,433.706,498.482
573.427,957.459,496.459,799.234,219.676,744.670,433.675,498.468
573.586,957.227,496.771,799.257,219.955,745.375,433.497,498.578
573.449,957.468,496.735,798.773,219.496,744.771,433.558,498.508
573.565,957.463,496.730,798.837,219.604,745.104,433.766,498.645
573.517,957.550,497.020,798.629,219.823,745.103,433.374,498.753
573.593,957.475,496.979,798.727,219.616,744.992,433.291,499.136
573.412,957.672,496.859,798.695,219.872,745.055,433.515,498.815
573.494,957.786,496.827,798.745,219.859,745.200,433.514,498.837
573.510,957.361,496.670,798.582,219.818,745.025,433.477,498.699
573.555,957.496,496.848,798.575,219.700,745.148,433.533,498.479
573.446,957.685,496.912,798.531,219.837,744.835,433.623,498.473
573.506,957.436,496.740,798.597,219.897,745.297,433.707,498.286
573.588,957.412,496.275,798.619,219.663,744.941,433.515,498.669
573.503,957.187,496.865,798.560,219.875,745.090,433.506,498.577
573.445,957.401,496.996,798.444,219.658,744.757,433.445,498.707
573.441,957.640,496.891,798.526,219.675,745.079,433.265,498.870
573.428,957.327,497.055,798.651,219.596,744.832,433.291,498.953
573.339,957.324,496.785,798.817,219.791,744.690,433.401,498.722
573.452,957.539,496.600,798.529,219.841,744.968,433.433,498.681
573.561,957.587,496.292,798.758,219.855,745.172,433.368,498.740
573.579,957.733,496.439,798.730,219.747,744.941,433.506,498.565
573.340,957.681,496.620,798.782,219.782,745.096,433.192,498.827
573.297,957.825,496.531,798.932,219.677,745.089,433.292,498.782
573.560,957.760,496.626,798.621,219.447,744.992,433.176,499.139
573.517,957.483,496.669,798.269,219.833,744.792,433.258,498.846
573.532,957.884,497.047,798.317,219.909,744.981,433.212,498.797
573.511,957.802,496.877,798.746,219.997,744.653,433.005,499.117
573.461,957.686,496.690,798.581,219.832,745.331,433.126,498.565
573.391,957.120,496.918,798.563,219.685,745.070,433.368,498.425
573.399,957.428,496.638,798.667,219.416,745.262,433.498,498.189
573.446,957.528,496.746,798.707,219.716,745.322,433.471,498.264
573.485,957.427,497.014,798.761,219.588,745.069,433.545,498.153
573.496,957.238,496.473,798.997,219.836,744.959,433.542,498.133
573.420,957.427,496.613,799.127,219.646,745.076,433.649,498.365
573.266,957.535,496.461,799.213,219.689,745.248,433.647,498.093
573.482,957.369,496.209,798.774,219.878,745.274,433.685,498.442
573.368,957.590,496.936,798.758,219.695,745.447,433.535,498.627
573.342,957.352,496.689,798.718,219.709,745.493,433.412,498.720
573.365,957.460,496.741,798.305,219.849,745.349,433.310,498.913
573.474,957.482,496.973,798.425,219.820,745.266,433.377,498.901
573.412,957.796,496.738,798.707,220.019,745.273,433.331,498.803
573.331,957.752,496.559,798.567,219.639,745.106,433.319,499.062
573.381,957.626,496.898,798.501,219.695,745.453,433.157,499.134
573.483,957.780,496.765,798.599,219.699,745.419,433.137,498.867
573.423,957.818,496.442,798.862,219.980,745.354,433.195,499.064
573.370,957.728,496.122,799.047,219.721,745.486,433.389,498.962
573.440,957.741,496.025,799.152,220.002,745.316,433.353,499.312
573.386,957.620,495.994,798.752,219.923,745.137,433.200,499.372
573.472,957.734,496.276,798.979,220.022,745.503,433.305,499.259
573.383,957.435,496.551,798.887,219.850,745.205,433.459,498.499
573.408,957.668,496.402,798.765,219.764,745.193,433.792,498.083
573.522,957.724,496.297,798.975,219.523,745.215,433.834,498.254
573.398,957.870,496.359,798.897,219.851,745.302,433.689,498.348
573.391,957.902,496.881,798.791,219.578,745.545,433.660,498.361
573.542,957.782,496.667,799.032,219.603,745.304,433.362,498.690
573.499,957.866,496.654,798.555,219.608,745.327,433.193,498.749
573.342,957.480,496.758,798.758,219.717,745.734,432.347,499.097
573.416,957.387,496.427,798.733,219.664,745.698,432.189,498.793
573.462,957.479,496.992,798.742,219.747,745.652,432.263,498.544
573.416,957.604,496.973,798.761,219.892,745.690,432.462,498.214
573.396,957.662,496.564,798.732,219.828,745.318,432.354,498.206
573.512,957.547,496.941,798.655,219.829,745.281,432.137,497.996
573.472,957.640,496.985,798.795,219.673,745.454,431.157,499.253
573.384,957.562,496.822,798.857,219.801,745.218,430.858,500.381
573.485,957.699,496.366,798.740,219.564,745.041,430.509,499.601
573.418,957.661,496.493,798.418,219.792,745.007,431.134,498.200
573.497,957.799,496.256,798.820,219.634,744.744,431.265,497.442
573.489,957.444,496.834,798.731,219.558,745.050,431.235,497.366
573.474,957.845,496.909,798.945,219.562,744.956,431.201,497.917
573.426,957.771,496.612,799.319,219.548,745.120,431.123,498.425
573.424,957.749,496.212,799.214,219.525,745.174,431.330,498.332
573.512,957.744,496.669,798.849,219.944,745.308,431.315,498.527
573.542,957.562,496.522,798.825,219.937,745.287,431.779,497.932
573.506,957.651,496.621,798.917,219.790,745.343,430.896,498.630
573.497,957.501,496.490,799.049,219.868,745.003,431.449,497.593
573.496,957.446,496.804,799.060,219.767,745.106,431.105,497.787
573.444,957.582,496.409,798.763,219.926,745.489,431.378,496.607
573.430,957.224,496.531,799.073,219.939,745.337,431.544,497.014
573.405,957.610,496.647,798.797,219.770,745.159,430.725,498.344
573.451,957.630,496.262,798.776,219.851,745.502,431.376,496.914
573.500,957.258,496.491,799.063,219.831,745.477,431.373,497.152
573.640,957.373,496.434,798.766,219.800,745.462,430.627,498.626
573.509,957.573,496.848,798.841,219.570,745.016,430.858,498.222
573.488,957.551,496.601,798.809,219.625,745.168,431.399,497.194
573.446,957.478,496.665,798.784,219.448,744.700,431.060,497.452
573.402,957.556,496.611,798.473,219.533,745.038,431.125,497.531
573.315,957.232,496.600,798.535,219.461,744.777,430.763,498.128
573.323,957.252,496.710,798.558,219.513,744.906,431.016,497.679
573.272,957.405,496.789,798.536,219.624,744.953,431.542,497.467
573.352,957.477,496.568,798.592,219.606,744.792,431.163,497.619
573.448,957.506,496.623,798.937,219.677,745.362,431.596,497.440
573.500,957.484,496.821,798.861,219.510,744.938,431.266,498.304
573.399,957.646,496.547,799.134,219.824,744.306,431.601,497.422
573.361,957.469,496.686,799.020,219.682,745.365,431.398,498.291
573.524,957.472,496.390,798.893,219.882,745.507,431.722,497.717
573.433,957.373,496.752,798.775,219.874,745.167,431.640,497.694
573.503,957.577,496.757,798.778,219.813,745.485,431.561,498.016
573.313,957.393,496.605,798.884,219.707,745.144,431.208,498.663
573.347,957.362,496.844,798.829,219.824,745.313,431.765,497.790
573.484,957.615,496.721,798.963,219.819,744.961,431.580,497.343
573.408,957.689,496.499,798.987,219.831,745.127,431.263,498.359
573.486,957.561,496.505,798.893,219.953,745.447,431.414,497.786
573.470,957.598,496.581,798.912,219.670,745.559,431.308,497.668
573.325,957.499,496.916,798.237,219.506,745.222,431.424,497.850
573.351,957.310,497.093,798.169,219.566,745.333,431.263,497.925
573.377,957.381,496.844,797.953,219.649,745.251,430.671,499.063
573.348,957.243,496.866,798.926,219.846,745.209,430.508,498.624
573.251,957.330,496.499,799.782,220.004,745.282,430.885,498.950
573.277,957.284,497.456,799.604,219.596,745.050,430.796,499.253
573.246,957.197,496.871,799.458,219.726,745.179,430.808,499.118
573.328,957.124,496.620,798.573,219.482,745.166,430.760,498.905
573.404,957.343,497.267,798.802,219.715,744.911,430.726,499.090
573.411,957.404,497.124,800.259,219.754,745.158,431.005,498.410
573.301,957.330,497.097,799.542,219.674,744.979,431.143,498.413
573.286,957.303,497.524,800.050,219.787,744.656,431.141,498.545
573.194,957.334,496.949,800.025,219.611,745.253,431.160,498.788
573.316,957.434,496.764,800.556,219.654,744.788,431.170,498.199
573.240,957.541,497.017,799.833,219.875,745.349,430.633,499.112
573.450,957.334,497.227,799.287,219.731,745.053,430.623,498.959
573.330,957.130,496.892,799.890,219.721,745.268,430.456,498.919
573.288,957.093,496.946,800.182,219.829,745.320,430.514,498.785
573.349,957.366,497.056,799.778,219.670,745.195,430.627,499.121
573.269,957.183,497.481,799.366,219.532,745.092,430.860,498.082
573.332,957.297,497.455,799.803,219.669,745.442,430.545,499.030
573.361,957.352,497.481,801.205,219.634,745.379,430.697,498.857
573.313,957.308,496.744,800.573,219.656,745.007,430.620,499.088
573.300,957.381,496.928,800.881,219.675,745.360,431.158,498.157
573.230,957.400,496.973,800.881,219.704,745.597,430.948,498.890
573.291,957.579,497.317,800.103,219.651,745.637,430.451,499.315
573.301,957.184,497.290,800.385,219.675,745.260,430.838,498.947
573.491,957.281,497.206,801.037,219.579,745.577,430.737,498.703
573.395,957.351,496.843,801.493,219.469,745.794,430.529,498.833
573.261,957.314,496.884,801.396,219.643,745.530,431.039,497.877
573.291,957.394,496.659,801.371,219.611,745.441,431.167,497.693
573.363,957.349,497.038,800.828,219.507,745.486,430.825,498.676
573.390,957.445,497.166,800.911,219.554,745.412,430.959,499.073
573.416,957.255,497.031,800.548,219.572,745.600,431.270,498.929
573.364,957.249,497.165,800.578,219.483,745.383,431.636,499.054
573.350,957.534,496.930,801.601,219.619,745.561,431.689,498.718
573.205,957.294,496.919,802.293,219.736,745.704,430.987,499.208
573.380,957.190,497.514,801.585,219.697,745.238,430.585,499.315
573.381,957.274,498.080,800.478,219.570,745.350,429.838,500.359
573.368,957.185,497.478,800.584,219.583,745.233,430.993,498.987
573.361,957.311,497.185,799.969,219.627,744.915,431.053,498.725
573.262,957.333,497.300,800.017,219.828,744.848,431.019,499.269
573.313,957.481,497.552,799.661,219.599,745.381,431.336,499.012
573.442,957.389,497.762,799.296,219.577,745.780,431.313,498.797
573.406,957.381,497.487,798.744,219.808,745.140,431.504,499.269
573.424,957.417,497.419,798.624,219.893,745.416,431.932,498.497
573.414,957.099,497.063,799.148,219.840,745.127,432.068,497.936
573.261,957.445,496.827,798.846,219.851,745.082,431.894,498.107
573.436,957.371,497.227,799.285,219.598,745.248,431.537,498.046
573.457,957.451,497.829,798.079,219.676,745.272,431.683,497.889
573.352,957.177,498.098,797.542,219.660,745.077,431.787,497.932
573.380,957.144,498.051,797.487,219.596,744.941,431.520,498.552
573.368,957.518,498.582,797.240,219.695,745.240,431.386,498.823
573.342,957.218,498.437,797.059,219.676,744.955,430.953,497.994
573.412,957.545,498.186,796.494,219.550,745.098,430.889,498.241
573.230,957.147,498.090,797.088,219.699,745.184,431.000,498.279
573.303,957.119,498.143,798.079,219.740,745.068,431.239,498.256
573.416,957.380,497.814,797.734,219.785,745.490,431.438,498.081
573.358,957.458,497.834,797.788,219.760,745.481,431.591,498.746
573.345,957.334,498.402,797.706,219.630,744.949,431.171,498.815
573.222,957.530,498.933,798.458,219.774,745.173,431.109,498.791
573.387,957.511,499.238,798.453,219.602,745.227,431.013,498.850
573.380,957.589,498.635,798.458,219.814,745.350,430.738,498.586
573.453,957.509,499.120,800.480,219.991,745.132,430.923,498.178
573.418,957.636,499.430,800.613,219.931,745.095,430.973,498.484
573.413,957.491,499.290,799.603,219.767,745.126,430.988,498.574
573.338,957.446,499.673,799.418,219.751,745.020,430.895,498.857
573.410,957.692,499.597,800.205,219.634,744.854,430.606,499.058
573.476,957.555,499.537,799.975,219.887,745.146,430.425,498.777
573.441,957.595,499.296,800.488,219.882,745.145,430.741,499.048
573.404,957.711,499.316,800.792,219.795,744.644,430.999,500.128
573.340,957.790,499.491,801.202,219.900,744.826,431.033,500.558
573.435,957.280,499.437,801.000,219.821,745.157,431.033,499.947
573.462,957.717,499.243,801.382,219.655,744.995,430.693,499.115
573.444,957.362,499.407,801.881,220.008,745.474,430.601,498.973
573.439,957.294,499.615,801.396,219.778,745.565,430.503,499.032
573.401,957.626,499.337,801.399,219.973,745.180,430.433,499.767
573.476,957.672,499.561,801.221,219.872,745.242,430.143,500.648
573.446,957.415,499.092,801.274,219.767,744.942,429.992,500.666
573.388,957.544,499.024,801.510,219.900,745.478,429.623,501.043
573.358,957.479,499.190,801.654,219.861,744.942,429.259,501.214
573.344,957.673,498.949,801.827,219.927,745.378,429.608,500.221
573.413,957.644,499.171,801.670,219.956,745.175,429.797,499.880
573.387,957.565,499.262,801.574,219.947,744.964,429.858,499.578
573.379,957.469,499.148,801.429,219.683,745.056,429.665,498.931
573.328,957.475,499.342,801.269,220.023,745.243,429.985,499.899
573.340,957.455,499.168,801.466,220.181,745.463,430.724,499.625
573.248,957.671,499.227,801.293,219.879,745.109,430.668,498.970
573.422,957.473,499.160,801.406,220.098,745.042,430.583,499.166
573.301,957.638,499.506,800.503,220.124,745.616,430.582,498.721
573.367,957.676,499.425,801.163,219.989,745.507,429.544,500.264
573.136,957.343,499.333,801.270,219.830,744.757,427.877,501.405
573.337,957.692,499.310,801.428,220.086,744.877,426.862,502.205
573.265,957.442,499.008,801.553,219.535,744.838,427.025,501.066
573.297,957.329,499.015,801.288,219.607,745.115,429.411,499.378
573.488,957.912,499.341,800.803,219.870,745.092,428.983,499.422
573.458,958.035,499.422,800.957,219.883,745.354,428.686,499.744
573.508,957.570,499.206,801.034,219.988,744.906,428.961,499.446
573.513,957.769,499.026,800.930,219.921,745.095,429.315,499.519
573.499,957.712,498.917,801.189,219.827,745.087,428.184,500.500
573.420,957.783,499.127,801.319,219.479,745.114,428.318,500.096
573.380,957.567,498.932,801.419,219.425,744.938,428.651,499.376
573.431,957.219,499.255,801.678,219.948,744.926,428.544,499.510
573.387,957.405,499.070,801.772,219.876,744.831,428.708,499.128
573.354,957.166,499.132,801.896,219.978,744.996,428.299,500.044
573.384,957.420,499.054,801.942,219.901,744.522,428.051,500.209
573.366,957.565,498.891,802.135,219.846,745.093,427.242,501.388
573.396,957.199,498.891,802.110,219.883,745.176,428.412,499.949
573.312,957.277,498.885,801.979,219.927,745.275,428.329,499.713
573.426,957.332,498.763,802.118,219.687,744.905,428.423,499.495
573.363,957.386,498.799,802.308,219.684,744.783,427.744,500.297
573.297,957.650,498.999,801.574,219.631,744.724,427.562,500.735
573.374,957.642,498.826,801.159,219.620,744.957,427.472,500.806
573.394,957.682,499.287,801.396,219.720,745.134,427.318,500.574
573.431,957.773,499.085,801.368,219.751,745.250,427.256,500.765
573.404,957.775,499.062,802.185,219.903,744.994,427.318,501.310
573.330,957.553,499.355,802.609,219.917,745.089,427.234,501.334
573.377,957.506,499.504,802.927,219.691,744.726,427.317,500.921
573.365,957.444,499.163,802.763,219.679,744.955,427.753,500.793
573.506,957.440,499.004,803.070,219.697,744.898,427.584,500.994
573.425,957.662,499.087,802.927,219.613,744.828,427.495,500.948
573.508,957.697,499.302,802.878,219.755,745.035,427.915,500.303
573.374,957.353,499.202,802.697,219.699,745.169,427.603,501.370
573.447,957.340,499.205,802.546,219.689,745.090,427.833,501.093
573.426,957.814,499.094,802.497,219.565,745.174,428.290,499.811
573.287,957.783,498.876,802.485,219.801,745.252,428.448,499.794
573.384,958.020,498.914,802.141,219.910,744.853,428.070,500.656
573.316,957.757,498.907,802.340,220.063,745.550,427.839,500.681
573.412,957.431,498.692,802.257,219.912,744.919,426.887,501.415
573.412,957.378,498.980,802.264,220.099,745.132,427.372,501.287
573.368,957.489,499.065,802.394,220.126,744.615,428.154,500.463
573.333,957.191,499.089,802.655,219.626,744.570,427.648,501.072
573.427,957.801,499.163,802.619,219.710,745.158,427.472,501.668
573.491,957.661,499.084,802.624,219.733,744.949,427.848,500.878
573.404,957.769,499.094,802.677,219.726,744.926,427.686,501.135
573.344,957.689,499.173,802.701,219.776,744.887,428.291,500.130
573.309,957.624,499.314,802.566,219.806,745.041,427.875,500.490
573.384,957.688,499.288,802.576,219.834,745.186,427.440,501.049
573.327,957.631,498.928,802.777,219.816,745.008,427.204,501.650
573.427,957.516,498.874,801.983,219.697,745.156,427.636,501.640
573.386,957.650,498.854,801.909,219.935,745.060,427.312,501.396
573.356,957.640,499.040,802.179,219.929,745.189,427.146,501.193
573.407,957.635,499.091,802.125,219.829,745.152,428.141,500.515
573.413,957.404,498.839,802.918,219.989,745.411,428.276,500.307
573.464,957.628,498.697,803.106,219.880,745.212,427.172,501.360
573.414,957.562,498.917,802.703,219.794,745.089,427.915,500.293
573.392,957.414,499.179,802.643,219.368,745.173,426.962,502.186
573.366,957.560,498.864,802.736,219.501,745.160,427.457,501.189
573.335,957.387,498.823,802.732,219.681,745.428,426.854,502.051
573.328,957.235,498.797,802.547,219.708,745.390,427.048,502.281
573.289,957.286,498.607,802.825,219.926,745.187,426.697,502.743
573.347,957.582,498.632,802.969,219.900,745.221,427.542,502.092
573.343,957.462,498.613,802.684,219.757,745.172,426.972,501.878
573.354,957.444,498.839,802.917,219.844,745.314,426.800,502.287
573.312,957.738,499.240,802.658,219.692,745.353,426.533,502.386
573.405,957.582,499.175,802.746,219.703,745.446,426.782,502.203
573.370,957.718,499.050,802.805,219.646,745.187,426.924,502.102
573.376,957.588,498.823,802.853,219.884,745.377,427.392,501.151
573.303,957.689,498.517,803.001,220.052,745.224,426.899,501.895
573.280,957.811,498.469,803.048,219.933,745.258,424.659,503.733
573.386,957.662,498.363,803.032,219.853,744.955,423.362,505.035
573.470,957.807,499.150,802.677,219.821,744.841,424.646,500.977
573.305,957.494,499.010,803.003,220.099,745.113,425.509,500.868
573.373,957.329,498.788,802.987,219.916,744.866,425.879,500.620
573.494,957.659,498.789,803.100,219.717,745.101,425.758,501.546
573.440,957.806,498.575,803.061,219.864,745.325,425.751,501.299
573.353,957.613,498.507,802.973,219.737,745.310,425.986,501.423
573.354,957.750,498.628,803.217,220.021,744.801,426.044,501.522
573.349,957.660,498.790,803.478,219.854,745.100,426.370,500.381
573.358,957.485,498.652,803.247,219.567,744.862,426.097,499.968
573.402,957.577,498.525,803.087,219.627,745.233,426.198,499.921
573.446,957.395,498.384,803.353,219.577,745.235,426.488,499.572
573.389,957.319,498.486,803.139,219.787,745.525,426.867,500.042
573.358,957.334,498.462,803.421,219.948,745.432,426.331,500.404
573.496,957.672,498.739,803.920,219.775,745.223,425.850,500.915
573.339,957.486,498.417,803.754,219.674,745.150,425.930,501.377
573.372,957.566,498.350,803.734,219.457,745.325,425.996,500.787
573.295,957.530,498.442,803.383,219.529,745.150,425.969,500.526
573.465,957.382,498.452,803.998,219.620,744.993,426.199,500.193
573.445,957.326,498.438,804.044,219.574,745.020,426.083,499.795
573.409,957.429,498.365,804.017,219.544,744.829,425.978,500.684
573.304,957.317,498.414,804.041,219.474,744.872,425.164,501.099
573.297,957.544,498.282,803.511,219.640,745.167,425.759,500.117
573.328,957.575,498.482,803.798,219.643,745.263,426.023,499.950
573.260,957.501,498.769,803.842,219.572,745.358,425.656,500.275
573.404,957.559,498.559,803.917,219.778,745.007,425.798,499.240
573.482,957.721,498.616,803.483,219.913,745.029,425.314,500.042
573.267,957.482,498.651,803.129,219.808,745.076,425.334,500.204
573.335,957.436,498.329,803.275,219.811,745.046,425.539,499.943
573.384,957.386,498.540,803.720,219.498,744.964,425.483,499.926
573.270,956.848,498.618,803.836,219.875,745.121,425.632,499.735
573.427,957.472,498.413,803.984,219.924,745.035,425.375,499.846
573.402,957.334,498.486,803.601,219.857,745.025,425.717,499.482
573.339,957.362,498.145,804.047,219.643,745.069,425.142,499.932
573.489,957.255,498.306,803.734,219.890,744.933,424.804,500.533
573.293,957.408,498.148,803.708,219.616,745.058,425.102,500.384
573.451,957.236,498.091,803.881,219.629,745.074,425.029,500.501
573.234,957.672,498.284,804.130,219.538,745.095,425.253,500.420
573.297,957.079,498.111,804.103,219.901,744.900,425.892,499.104
573.333,957.295,497.783,804.344,219.575,745.093,425.429,499.646
573.439,957.511,497.928,804.198,219.488,744.993,425.131,500.809
573.407,957.635,498.068,804.480,219.617,745.445,425.272,500.972
573.306,957.606,497.905,805.122,219.582,745.026,425.915,499.363
573.259,957.459,498.015,804.550,219.485,744.891,426.207,499.604
573.346,957.502,498.219,803.999,219.594,744.826,425.730,500.545
573.360,957.395,498.283,803.758,219.610,745.202,425.507,501.075
573.405,957.451,498.360,804.224,219.823,745.438,425.646,500.813
573.240,957.391,498.569,803.645,219.765,745.329,425.390,501.510
573.252,957.407,498.493,803.969,219.742,745.115,425.506,501.247
573.311,957.260,498.274,804.212,220.031,744.960,425.373,501.376
573.449,957.546,498.502,804.261,219.939,745.098,425.396,501.222
573.333,957.421,498.590,803.938,219.842,745.095,425.655,499.899
573.445,957.636,498.600,804.018,219.970,745.195,425.459,500.212
573.420,957.654,498.600,803.589,220.028,745.214,425.398,500.345
573.440,957.731,498.415,804.420,219.856,745.049,425.968,499.796
573.319,957.378,498.263,804.262,219.780,744.882,425.949,499.655
573.399,957.556,498.185,803.936,219.877,745.124,425.464,500.209
573.421,957.697,497.942,804.203,219.980,745.001,425.163,500.002
573.505,957.528,497.970,803.975,219.935,744.818,425.180,500.739
573.329,957.587,498.040,804.065,219.403,745.033,425.042,501.031
573.375,957.540,498.295,804.071,219.409,744.852,425.667,500.268
573.339,957.390,498.310,804.465,219.463,744.705,425.898,500.195
573.366,957.405,498.227,804.195,219.677,744.939,425.600,500.778
573.469,957.220,498.268,803.742,219.636,744.804,425.912,499.989
573.337,957.427,498.498,804.224,219.656,744.876,425.894,499.831
573.409,957.453,498.265,804.534,219.726,745.010,426.065,500.478
573.320,957.613,498.394,804.057,219.850,745.315,425.988,500.182
573.350,957.443,498.693,804.014,219.823,744.962,425.739,500.902
573.395,957.412,498.547,804.209,219.768,745.111,425.569,500.979
573.355,957.235,498.136,804.426,219.741,744.776,426.088,500.422
573.295,957.398,498.252,804.402,219.695,744.840,425.965,500.897
573.263,957.377,498.155,804.464,219.907,745.105,425.164,502.278
573.312,957.075,498.041,804.363,219.803,744.827,422.161,506.683
573.169,957.144,498.143,804.538,219.853,744.949,423.837,502.779
573.455,957.205,498.286,804.315,219.730,745.219,424.129,502.825
573.348,957.211,497.912,804.752,219.631,745.043,424.746,501.426
573.372,957.560,498.185,804.382,219.728,745.298,424.834,501.976
573.189,957.778,497.956,804.452,219.655,744.978,424.813,502.561
573.251,957.793,497.828,804.917,219.806,745.015,425.178,502.350
573.418,957.265,498.067,804.481,219.923,745.171,425.205,501.526
573.465,957.418,498.274,804.400,219.647,744.748,425.219,500.895
573.291,956.891,498.117,804.699,219.792,744.865,424.898,501.330
573.262,957.387,497.916,804.670,219.795,745.126,424.783,501.786
573.398,957.356,498.032,804.171,219.617,744.951,424.519,502.446
573.390,957.525,498.213,804.427,219.680,745.137,424.291,502.979
573.325,957.362,498.327,804.324,219.606,745.250,424.498,502.998
573.323,957.346,498.232,804.197,219.669,745.185,424.609,502.833
573.184,957.227,498.080,804.572,219.743,745.187,424.930,502.221
573.219,957.428,498.154,804.523,219.693,745.005,424.600,502.660
573.147,957.068,498.135,804.042,219.573,745.160,424.874,502.253
573.204,957.449,498.296,803.923,219.765,744.782,424.552,502.533
573.208,957.377,498.449,803.834,219.925,744.232,424.995,502.185
573.404,957.477,498.448,803.663,219.727,744.332,424.613,502.788
573.388,957.637,498.066,804.244,220.111,744.532,424.573,502.461
573.339,957.410,498.102,804.287,219.854,745.164,424.142,502.953
573.359,957.485,498.412,804.039,219.833,745.180,424.413,502.774
573.295,957.214,498.612,803.846,219.706,744.540,424.605,502.721
573.369,957.427,498.088,804.426,219.903,744.837,424.809,502.006
573.478,957.206,498.110,804.320,219.957,744.729,424.544,501.642
573.483,957.242,498.287,804.157,219.826,744.840,424.698,501.867
573.370,957.531,497.768,804.959,219.586,744.847,424.384,501.844
573.320,957.613,498.134,804.347,219.473,744.715,424.329,502.321
573.368,957.341,498.109,804.097,219.587,744.620,424.184,502.361
573.414,957.604,497.796,804.583,219.605,744.822,423.429,503.615
573.383,957.685,498.193,804.389,219.518,744.484,424.167,500.925
573.338,957.441,498.424,804.424,219.582,745.166,424.518,502.069
573.334,957.380,498.322,804.301,219.498,744.772,424.680,501.972
573.401,957.662,498.703,804.085,219.470,744.865,424.776,501.133
573.395,957.665,499.114,803.467,219.667,744.769,424.475,501.465
573.367,957.509,498.818,803.841,219.634,744.311,424.626,503.019
573.413,957.558,498.996,803.594,219.286,744.059,424.588,502.842
573.303,957.393,499.004,803.940,219.490,744.616,424.561,502.568
573.303,957.565,498.879,804.027,219.432,744.586,424.170,503.321
573.369,957.166,498.638,803.565,219.613,744.475,424.083,503.654
573.320,957.413,499.075,803.112,219.772,745.073,423.986,503.977
573.261,957.307,498.978,802.523,219.717,745.340,424.946,502.167
573.332,957.415,498.979,802.890,219.764,745.086,424.803,502.302
573.331,957.213,498.535,802.648,219.887,744.809,423.961,503.765
573.389,957.294,498.672,802.724,219.620,745.196,424.271,503.711
573.328,957.413,498.849,802.406,219.747,745.140,424.168,503.374
573.321,957.565,498.341,801.928,219.712,744.907,424.394,503.371
573.401,957.529,498.255,801.686,219.902,744.907,424.327,503.355
573.335,957.622,497.956,801.889,219.878,745.151,424.990,502.387
573.325,957.692,497.923,802.346,219.969,745.277,424.291,503.549
573.318,957.631,497.552,802.696,219.886,745.055,424.611,503.481
573.288,957.695,497.705,802.382,219.901,745.043,424.255,503.839
573.303,957.771,497.905,802.331,219.678,744.874,424.516,503.451
573.349,957.831,497.895,802.706,219.401,744.661,424.680,503.118
573.218,957.575,497.796,802.814,219.735,744.815,424.636,503.512
573.314,957.535,497.839,803.050,219.621,744.918,424.648,503.698
572.920,957.681,498.160,802.705,219.585,744.974,424.350,503.785
573.127,957.423,497.801,802.833,219.619,744.791,424.633,503.324
573.188,957.645,497.663,802.746,219.548,744.697,424.692,502.347
573.144,957.292,497.877,802.842,219.638,744.961,424.691,502.077
573.314,956.985,497.583,802.777,219.642,745.148,424.752,501.925
573.267,957.242,497.856,802.869,219.536,745.120,424.665,502.179
573.299,957.305,498.018,802.732,219.584,745.218,425.131,502.356
573.365,957.261,497.966,802.635,219.465,744.661,424.853,502.352
573.264,957.436,497.699,803.061,219.535,744.861,425.068,502.470
573.215,957.213,498.042,802.788,219.588,744.963,425.426,501.839
573.296,957.452,497.945,803.043,219.618,744.988,425.480,503.182
573.281,957.356,497.963,803.253,219.968,744.942,425.333,504.526
573.222,957.390,497.801,802.821,219.806,744.975,425.580,503.922
573.261,957.494,497.788,803.090,219.888,745.200,425.481,503.634
573.207,957.499,497.636,802.985,219.966,745.205,425.874,504.194
573.283,957.401,497.755,803.080,219.666,744.629,425.970,504.454
573.235,957.402,497.764,803.209,219.727,745.410,425.962,504.715
573.212,957.373,497.827,803.100,219.829,745.114,425.807,504.955
573.267,957.461,497.746,803.091,219.933,744.974,426.146,504.850
573.243,957.274,497.671,803.068,219.873,745.166,426.335,504.867
573.120,957.434,497.780,803.100,220.007,745.186,426.011,504.745
572.851,957.805,497.799,802.474,220.031,745.234,426.181,504.503
573.317,957.726,497.663,802.850,219.814,745.299,426.209,504.917
573.297,957.570,497.714,803.247,219.937,745.627,425.830,504.836
573.275,957.303,497.729,803.101,219.837,745.517,425.685,504.846
573.297,957.528,497.784,803.142,219.831,745.060,425.888,504.710
573.277,957.532,497.669,803.113,219.836,745.047,425.973,504.503
573.152,957.425,497.692,803.195,219.770,745.140,426.008,503.615
573.202,957.422,497.537,803.268,220.076,745.177,425.880,504.028
573.174,957.301,497.698,803.084,219.896,745.545,426.199,504.399
573.275,957.137,497.680,802.623,219.947,745.467,425.867,504.145
573.176,957.489,497.830,802.939,219.906,745.084,425.944,504.605
573.275,957.338,497.707,803.245,219.827,745.089,426.044,503.881
573.253,957.571,497.580,802.472,219.338,745.064,426.013,504.098
573.308,957.576,497.509,802.902,219.465,745.213,426.121,504.108
573.335,957.579,497.158,802.864,219.655,745.153,426.362,503.802
573.239,957.286,497.112,802.748,219.925,745.115,426.453,503.549
573.289,957.451,497.071,802.819,219.935,744.799,426.570,503.878
573.290,957.532,497.226,802.422,219.850,745.145,426.456,503.957
573.250,957.640,497.469,802.329,219.915,745.240,426.347,503.545
573.298,957.344,497.540,802.208,219.756,745.166,426.257,503.575
573.418,957.122,497.490,801.976,219.840,744.984,426.534,503.924
573.312,957.459,497.316,802.109,219.633,745.097,426.291,504.023
573.207,957.326,497.513,801.959,219.886,745.120,425.996,503.920
573.264,957.603,497.618,802.446,219.788,745.264,426.137,504.421
573.323,957.248,497.744,802.291,219.654,745.242,426.236,504.156
573.243,957.553,497.945,802.502,219.771,745.252,426.465,503.988
573.124,957.325,498.239,802.927,219.769,745.237,426.629,503.833
573.246,957.394,497.617,802.084,219.981,745.391,426.628,503.976
573.293,957.265,497.541,802.504,219.918,745.234,426.182,504.177
573.258,957.686,497.725,802.326,219.860,745.154,425.849,504.518
573.064,957.352,497.506,802.382,219.809,745.227,426.128,504.533
573.212,957.288,497.746,801.275,219.863,745.404,426.383,504.411
573.297,957.362,497.553,801.788,219.802,745.281,426.429,503.928
573.225,956.953,497.088,802.083,219.944,745.195,426.304,504.587
573.348,957.597,496.968,802.155,219.688,745.126,425.867,506.727
573.302,957.432,496.929,802.212,219.806,745.238,426.303,505.350
573.289,957.523,497.024,802.079,219.719,744.880,426.332,505.148
573.324,957.193,497.217,802.160,219.763,745.005,426.480,504.872
573.269,957.493,497.084,801.987,219.708,745.310,426.299,504.806
573.282,957.503,496.922,802.200,219.667,745.322,425.973,504.376
573.331,957.449,496.942,802.582,219.476,745.042,426.219,504.948
573.333,957.441,497.091,802.280,219.711,745.463,426.183,506.251
573.260,957.405,497.126,802.362,219.884,745.166,426.426,504.796
573.263,957.308,497.215,802.413,219.894,745.176,425.989,504.994
573.350,957.505,497.068,802.190,219.982,745.468,426.262,504.423
573.330,957.404,497.197,802.374,219.911,745.144,426.127,504.981
573.310,957.260,497.129,802.235,219.697,744.943,426.177,504.800
573.205,957.441,496.927,802.436,219.834,744.978,426.209,504.235
573.288,957.433,497.168,802.409,219.813,745.052,426.095,504.367
573.293,957.395,497.372,802.482,219.651,745.081,425.905,504.401
573.403,957.263,497.436,802.184,219.562,744.972,426.079,504.849
573.248,957.454,497.372,802.363,219.493,745.054,426.258,504.436
573.241,957.626,497.515,802.399,219.427,745.071,426.201,504.138
573.351,957.524,497.603,802.263,219.460,744.868,425.996,505.824
573.356,957.492,497.921,802.102,219.768,745.002,425.481,505.370
573.319,957.503,497.654,802.083,219.841,745.069,425.356,505.065
573.285,957.613,497.348,802.307,219.792,745.277,425.254,506.741
573.248,957.620,497.508,802.117,219.690,744.959,424.926,506.845
573.339,957.650,497.518,802.255,219.976,745.199,424.787,506.986
573.274,957.456,497.379,802.227,219.876,745.010,424.884,506.594
573.292,957.375,497.479,802.071,219.955,745.425,424.795,506.266
573.273,957.472,497.460,801.574,219.946,745.341,424.880,506.339
573.292,957.758,497.404,802.316,220.122,745.204,424.503,507.016
573.223,957.460,497.468,801.188,220.025,745.123,424.953,506.065
573.279,957.892,497.687,802.650,219.999,745.096,425.621,504.410
573.270,957.620,497.503,803.055,220.005,745.099,425.593,506.017
573.218,957.407,497.429,802.043,220.023,745.583,426.142,504.146
573.289,957.594,497.499,802.354,219.818,745.225,426.037,503.990
573.286,957.642,497.526,802.470,219.740,745.622,425.680,505.779
573.267,957.657,497.234,803.287,219.754,745.079,425.822,506.186
573.338,957.454,496.856,803.320,219.711,745.117,426.047,506.288
573.309,957.569,497.419,803.562,219.543,745.049,426.035,505.968
573.362,957.656,497.280,803.811,219.515,744.875,426.127,505.024
573.271,957.264,497.168,803.288,219.707,745.162,425.693,506.152
573.152,957.559,497.088,803.135,219.610,745.176,426.071,506.185
573.264,957.449,496.814,803.352,219.404,745.087,426.331,505.316
573.227,957.558,496.643,803.250,219.381,745.253,426.129,505.535
573.314,957.331,496.693,803.288,219.471,745.027,425.912,506.073
573.294,957.369,496.920,802.947,219.419,745.172,426.135,506.219
573.323,957.492,496.946,803.031,219.582,745.020,426.053,505.273
573.320,957.371,496.948,802.717,219.684,745.061,425.815,504.573
573.326,957.370,496.888,802.727,219.632,745.275,425.724,504.854
573.274,957.590,496.196,802.904,219.550,744.965,426.000,506.080
573.334,957.762,496.075,803.040,219.581,745.211,425.960,505.153
573.233,957.534,496.425,802.596,219.539,744.931,425.981,504.780
573.236,957.078,496.923,802.975,219.545,745.144,425.770,504.659
573.235,956.963,496.604,802.643,219.583,745.046,426.002,505.040
573.332,956.844,496.483,802.946,219.368,745.043,426.385,504.205
573.252,957.076,496.156,802.649,219.369,744.837,426.538,504.023
573.410,956.926,496.367,802.493,219.329,744.846,426.539,505.556
573.337,957.113,496.816,802.453,219.550,744.993,426.829,505.374
573.326,957.378,496.763,802.619,219.575,744.948,427.081,503.993
573.363,957.441,496.502,802.977,219.780,745.045,426.748,505.349
573.389,957.374,495.982,803.047,219.695,745.178,427.322,503.529
573.333,957.242,495.351,803.721,219.763,744.961,427.644,503.188
573.337,957.518,495.916,803.312,219.648,745.033,427.546,503.401
573.284,957.194,496.076,803.386,219.486,744.660,426.841,504.309
573.312,957.215,496.544,803.118,219.427,745.020,426.516,504.593
573.325,957.382,496.288,802.874,219.414,744.936,426.022,505.383
573.328,957.499,496.277,803.021,219.526,744.809,426.430,505.608
573.308,957.356,495.320,803.385,219.679,744.693,426.394,505.542
573.223,957.634,495.208,803.773,219.517,745.047,426.628,505.407
573.226,957.344,495.455,803.226,219.522,744.917,426.215,506.191
573.347,957.595,496.333,803.175,219.164,744.839,426.615,505.257
573.181,957.406,495.945,803.133,219.352,744.922,426.546,505.249
573.178,957.233,495.855,803.223,219.429,744.811,426.780,504.565
573.222,957.247,495.572,802.889,219.500,744.816,426.686,505.066
573.372,957.488,496.175,802.897,219.884,745.040,426.574,506.783
573.211,957.509,496.897,803.437,219.604,745.133,426.487,504.721
573.316,957.252,496.508,803.658,219.466,744.941,426.520,505.067
573.286,957.077,495.590,803.969,219.768,744.899,426.239,506.349
573.267,957.028,495.343,804.136,219.779,745.025,426.444,506.264
573.352,957.507,495.687,803.709,219.562,745.153,426.573,505.134
573.389,957.446,496.140,803.904,219.613,745.184,426.457,505.056
573.197,957.457,496.437,804.091,219.665,745.046,426.521,505.033
573.318,957.584,496.490,804.010,219.876,745.231,426.769,505.096
573.391,957.616,495.731,804.035,219.757,745.197,426.455,505.112
573.355,957.741,495.131,804.359,219.717,745.098,426.650,504.509
573.072,957.533,495.153,803.649,219.729,745.150,426.749,504.874
573.217,957.605,495.977,803.598,219.670,745.232,426.618,504.916
573.122,957.699,495.727,803.033,219.656,745.058,426.340,504.615
573.098,958.011,495.645,804.314,219.624,744.984,426.420,504.710
573.234,957.559,494.605,804.107,219.720,745.249,426.507,504.600
573.307,957.490,495.330,804.390,219.376,744.909,426.481,504.538
573.277,957.420,495.556,803.555,219.731,744.782,426.449,504.812
573.166,957.583,496.362,803.628,219.719,745.010,426.266,504.977
573.233,957.561,495.728,804.067,219.783,745.004,425.643,506.762
573.348,957.650,495.177,803.562,219.522,744.629,426.485,504.560
573.306,957.337,494.640,804.248,219.351,744.780,425.891,505.939
573.314,957.589,494.921,804.514,219.756,745.031,425.995,505.389
573.224,957.435,495.096,804.681,219.660,745.019,426.197,505.430
573.267,957.606,495.987,803.656,219.858,744.980,425.744,505.632
573.152,957.453,495.993,802.812,219.706,744.718,425.979,505.133
573.320,957.656,495.377,803.607,219.822,744.776,426.241,505.229
573.332,957.697,494.930,803.646,219.947,744.895,426.267,505.039
573.333,957.541,494.756,804.125,219.645,744.778,427.250,503.276
573.235,957.666,494.940,803.985,219.739,744.669,426.748,503.955
573.221,957.509,495.842,803.946,219.526,744.959,426.604,504.147
573.200,957.858,496.571,803.142,219.527,744.998,426.746,504.362
573.253,957.831,496.124,803.735,219.525,745.056,427.011,504.020
573.307,957.398,495.621,803.811,219.759,745.265,426.941,504.013
573.307,957.429,495.378,804.216,219.657,745.005,426.847,504.330
573.337,957.625,495.217,805.055,219.828,744.886,426.760,505.218
573.303,957.616,495.085,804.878,219.523,745.100,427.001,505.008
573.169,957.662,495.778,804.173,219.429,744.919,426.408,506.190
573.303,957.491,495.463,803.345,219.480,744.822,426.416,506.521
573.288,957.402,495.369,804.088,219.567,744.978,426.437,506.535
573.204,957.309,494.903,804.348,219.626,744.611,426.632,505.410
573.173,957.287,495.262,804.179,219.725,744.737,426.566,505.226
573.260,957.468,496.359,804.791,219.764,744.858,426.776,505.778
573.253,957.664,495.859,804.224,219.686,745.026,426.464,505.849
573.294,957.656,494.975,804.436,219.567,744.901,426.749,504.296
573.299,957.810,494.493,804.049,219.570,744.738,426.916,504.613
573.326,957.389,494.517,804.308,219.877,745.125,426.616,504.459
573.297,957.213,494.739,804.773,219.778,745.069,425.921,504.911
573.305,957.556,495.022,804.424,219.558,744.850,426.063,506.258
573.311,957.416,495.640,803.532,219.795,745.045,426.380,504.530
573.296,957.285,495.320,803.540,219.906,745.164,426.279,504.561
573.353,957.235,494.133,803.674,219.935,745.259,426.190,504.738
573.309,957.363,494.408,804.656,219.535,744.847,425.836,504.665
573.178,956.703,494.609,804.301,219.513,745.004,426.601,504.631
573.381,957.002,495.596,803.599,219.387,744.767,426.752,504.847
573.335,957.635,495.298,803.639,219.546,744.915,426.711,504.587
573.361,957.343,494.362,803.833,219.532,744.825,426.733,505.136
573.267,957.485,494.172,804.479,219.438,744.920,426.778,505.555
573.340,957.509,494.172,805.039,219.527,744.950,426.397,504.851
573.272,957.557,494.877,804.611,219.588,745.602,426.342,504.973
573.230,957.196,494.319,804.349,219.493,745.549,426.213,505.607
573.243,957.390,494.217,802.669,219.412,744.988,426.144,505.230
573.281,957.579,494.094,803.298,219.751,744.805,426.422,504.608
573.296,957.678,493.749,804.279,219.368,744.830,426.566,504.536
573.352,957.571,493.870,804.126,219.550,745.078,426.403,504.176
573.215,957.519,494.642,803.770,219.509,745.226,426.487,505.020
573.222,957.614,494.731,803.728,219.491,744.911,426.098,504.642
573.292,957.814,494.970,804.096,219.489,744.942,426.068,504.564
573.324,957.560,495.051,804.197,219.579,745.157,426.065,503.901
573.321,957.301,494.581,803.813,219.504,745.062,425.898,503.766
573.315,957.446,494.804,803.891,219.488,745.163,426.022,503.906
573.357,957.674,494.659,804.087,219.740,744.977,426.154,504.456
573.276,957.220,494.096,804.979,219.571,744.737,425.977,504.545
573.273,957.224,493.948,804.961,219.511,744.678,426.104,504.542
573.189,957.440,493.916,804.911,219.443,744.420,426.544,504.285
573.245,957.257,494.302,804.116,219.361,744.519,426.544,504.338
573.205,957.179,493.773,804.338,219.610,745.194,426.636,505.465
573.295,957.473,493.938,805.543,219.466,744.949,426.494,505.632
573.134,957.328,493.847,805.714,219.732,745.302,426.372,505.472
573.225,957.525,494.214,805.316,219.578,745.227,426.438,505.636
573.201,957.137,495.072,804.570,219.505,745.094,425.850,505.469
573.236,957.253,494.090,804.352,219.655,745.511,425.520,504.609
573.269,957.357,493.716,804.322,219.757,745.473,425.817,505.187
573.242,957.263,493.630,805.242,219.480,744.975,425.844,506.775
573.209,957.401,493.487,804.977,219.861,745.113,425.479,507.444
573.251,957.247,494.290,804.977,219.802,745.003,425.629,506.371
573.265,957.294,495.698,804.394,219.808,744.789,425.549,506.415
573.219,957.384,495.019,804.128,219.836,745.210,425.738,505.970
573.227,957.415,494.500,804.803,219.708,745.184,425.374,505.509
573.242,957.556,493.675,806.165,219.642,745.265,425.297,505.619
573.116,957.405,493.646,806.131,219.835,745.236,425.448,507.493
573.229,957.490,494.226,805.392,219.521,745.155,425.376,507.663
573.356,957.322,494.072,805.236,219.656,745.204,425.526,506.746
573.383,957.343,494.242,805.700,219.839,745.244,425.512,507.184
573.243,957.614,493.465,806.706,219.938,745.167,425.522,506.569
573.314,957.435,494.160,806.474,219.720,745.260,425.358,505.790
573.274,957.451,493.294,806.896,219.530,745.041,425.543,507.143
573.283,957.398,493.546,807.124,219.514,744.987,426.192,506.520
573.217,957.356,493.137,807.928,219.534,744.899,425.624,507.530
573.228,957.476,493.008,808.204,219.499,744.835,425.719,507.355
573.364,957.248,493.434,807.947,219.539,744.914,425.402,506.877
573.220,957.209,493.219,807.731,219.475,744.918,425.178,506.557
573.364,957.290,493.040,808.538,219.745,744.930,425.647,507.037
573.301,957.244,493.185,809.006,219.873,745.036,425.854,507.485
573.361,957.360,492.721,809.153,219.760,744.809,425.641,508.387
573.389,957.359,492.711,808.174,219.784,745.172,425.852,507.532
573.331,957.245,492.844,808.182,219.855,745.084,425.530,507.363
573.306,957.286,492.996,808.006,219.673,745.332,425.530,506.835
573.286,957.564,492.838,807.431,219.513,745.570,425.478,506.981
573.236,957.375,492.157,807.538,219.889,745.229,425.507,508.326
573.214,957.449,491.412,807.164,219.998,745.365,425.443,508.055
573.295,957.468,490.512,807.197,219.738,745.288,425.604,507.639
573.271,957.441,490.380,807.306,219.894,745.106,425.356,507.316
573.336,957.306,490.826,807.557,219.515,745.425,425.208,506.971
573.260,957.655,491.163,807.841,219.834,745.632,425.145,506.848
573.348,957.657,492.232,808.294,219.746,744.984,425.535,507.882
573.281,957.564,492.256,807.766,219.991,745.442,425.297,508.658
573.316,957.544,492.353,808.326,219.874,745.190,425.206,508.377
573.343,957.551,491.439,807.896,219.731,744.828,425.627,507.551
573.311,957.408,492.004,807.075,219.650,744.935,425.419,507.787
573.275,957.476,491.861,807.398,219.825,744.907,425.628,507.125
573.307,957.237,492.723,806.378,219.597,745.154,425.572,506.677
573.251,957.626,491.173,807.506,219.674,745.036,425.695,506.894
573.203,957.660,490.171,807.812,219.453,745.028,425.603,505.490
573.348,957.397,492.405,806.057,219.758,745.266,425.926,507.319
573.311,957.472,491.100,807.556,219.672,745.229,426.362,507.883
573.225,957.470,491.163,807.917,219.399,745.051,426.466,507.316
573.292,957.592,491.338,807.290,219.499,745.106,426.305,506.381
573.291,957.349,490.912,807.845,219.645,745.029,427.230,505.484
573.259,957.544,491.124,807.539,219.470,745.113,427.756,505.526
573.216,957.964,491.270,807.604,219.752,745.480,427.368,506.081
573.183,957.697,490.969,807.444,219.576,745.091,427.019,505.222
573.133,957.677,490.460,807.376,219.752,745.051,426.696,506.298
573.205,957.457,490.928,807.592,219.752,744.792,427.073,506.698
573.224,957.604,491.348,806.868,219.731,744.867,426.343,505.911
573.156,957.378,491.997,805.531,219.716,744.849,426.221,505.787
573.234,957.658,491.341,807.752,219.923,745.096,426.208,506.482
573.116,957.461,490.846,808.035,219.820,744.774,426.899,507.280
573.235,957.481,491.590,807.492,219.802,744.989,426.952,506.342
573.238,957.426,492.559,807.883,219.491,744.976,426.902,506.620
573.158,957.287,492.374,806.503,219.537,745.191,426.974,506.595
573.294,957.219,491.011,806.497,219.540,745.258,426.315,506.811
573.266,957.494,491.548,807.347,219.610,745.395,426.698,506.499
573.246,957.226,492.219,807.547,219.787,745.289,426.702,505.789
573.259,957.443,492.403,807.718,219.757,744.759,426.827,506.568
573.330,957.411,492.035,807.404,219.777,744.847,427.730,507.264
573.193,957.592,491.857,808.376,219.815,744.829,427.050,506.671
573.179,957.751,492.296,808.951,219.782,744.814,427.017,506.728
573.333,957.427,492.024,807.867,219.715,744.943,427.405,508.147
573.284,957.453,492.503,806.947,219.694,745.092,427.586,506.712
573.267,957.390,492.347,807.039,219.661,745.323,426.128,506.793
573.205,957.259,493.068,806.278,219.664,745.137,425.712,506.079
573.282,957.392,493.286,805.673,219.573,745.363,425.831,505.456
573.204,957.361,493.257,805.395,219.551,745.006,426.815,505.876
573.347,957.389,493.263,804.907,219.568,744.798,427.352,504.224
573.352,957.236,493.172,805.113,219.702,745.200,427.051,507.057
573.309,957.683,493.296,804.831,219.743,745.062,426.927,506.815
573.306,957.564,493.762,804.770,219.830,745.457,426.525,506.135
573.301,957.594,493.587,804.486,219.738,745.354,426.645,506.986
573.290,957.429,493.283,805.137,219.789,745.126,426.787,506.386
573.292,957.474,493.020,804.928,219.709,745.164,426.525,505.219
573.344,957.447,492.914,804.969,219.820,745.326,426.264,505.693
573.333,957.459,493.177,805.356,219.884,745.177,427.174,505.527
573.213,957.246,492.496,805.814,219.903,745.425,427.579,505.716
573.220,957.485,493.043,806.488,219.884,745.416,426.817,504.874
573.275,957.559,493.193,805.453,219.828,744.844,425.847,505.472
573.267,957.513,493.840,805.395,219.923,744.855,425.903,505.818
573.320,957.411,493.200,805.400,219.922,745.163,426.413,504.738
573.277,957.238,492.704,805.075,219.921,745.139,426.783,504.900
573.213,957.474,491.741,805.916,219.640,745.301,426.898,505.631
573.285,957.591,492.189,805.984,219.454,744.743,426.633,505.601
573.307,957.669,492.761,805.045,219.394,744.680,426.448,506.142
573.282,957.288,492.029,805.710,219.792,745.217,425.675,505.963
573.203,957.731,491.248,806.023,219.681,745.218,425.301,505.537
573.183,957.596,492.013,805.514,219.547,745.396,425.627,504.832
573.246,957.585,492.678,805.135,219.476,745.417,426.085,505.286
573.301,957.154,492.010,805.720,219.545,745.327,426.341,504.425
573.321,957.546,491.959,805.313,219.498,744.985,426.362,505.775
573.144,957.428,491.848,806.032,219.608,745.233,425.516,505.978
573.183,957.496,491.725,804.822,219.652,745.232,426.021,506.498
573.372,957.650,492.479,804.236,219.626,745.009,426.008,506.251
573.266,957.233,492.036,803.932,219.655,745.128,425.563,505.213
573.296,957.526,491.433,804.069,219.470,744.867,425.559,505.335
573.291,957.972,491.797,804.447,219.685,745.036,425.260,505.604
573.271,958.014,491.954,804.005,219.663,744.967,425.160,506.103
573.330,957.580,492.202,803.101,219.509,744.614,425.217,506.936
573.307,957.476,491.161,803.828,219.732,744.467,425.079,506.610
573.268,957.298,491.751,804.209,219.543,744.876,425.190,506.403
573.214,957.394,492.499,803.698,219.569,744.934,425.464,505.642
573.220,957.324,492.712,803.216,219.460,744.950,425.485,505.539
573.209,957.376,493.219,803.440,219.445,745.077,426.023,505.451
573.152,957.633,493.090,803.518,219.819,744.948,425.182,507.109
573.221,957.337,491.373,804.809,219.755,744.887,424.809,507.501
573.289,957.466,491.384,803.929,219.646,744.806,424.435,507.342
573.286,957.284,492.174,803.065,219.819,744.881,424.981,506.202
573.270,957.170,491.731,803.562,219.731,744.840,424.539,506.636
573.214,957.375,491.491,803.413,219.425,743.855,424.582,505.713
573.321,957.562,491.002,803.692,219.144,744.403,424.258,505.203
573.320,957.663,491.014,804.137,218.927,745.097,424.786,504.477
573.324,957.543,491.130,804.293,219.031,745.826,424.740,504.077
573.402,957.422,491.499,804.032,218.735,746.645,424.987,503.491
573.339,957.506,490.971,804.607,218.827,746.999,425.404,502.237
573.337,957.321,490.308,805.829,218.743,746.546,424.745,502.890
573.317,957.379,489.673,806.473,218.777,746.665,423.916,503.251
573.270,957.543,489.402,806.687,218.947,746.568,424.643,503.244
573.209,957.486,490.512,806.711,219.045,746.531,422.935,505.006
573.268,957.570,490.940,807.236,218.732,746.368,423.606,503.856
573.230,957.365,490.783,807.583,218.825,746.493,424.735,503.553
573.404,957.626,489.770,808.852,218.996,746.463,424.250,505.223
573.242,957.597,491.078,808.437,218.872,746.173,423.591,505.676
573.264,957.660,490.296,808.568,218.787,746.259,423.693,505.567
573.237,957.391,490.536,809.927,218.795,746.212,424.294,503.702
573.237,957.329,489.884,808.710,218.863,746.280,423.594,504.032
573.282,957.624,489.965,807.610,218.896,745.880,422.726,504.736
573.244,957.491,490.287,806.836,218.807,745.838,422.784,504.111
573.354,957.600,489.359,806.605,218.704,746.258,424.307,503.636
573.193,957.411,489.059,806.568,218.787,745.778,423.483,505.336
573.328,957.567,489.982,805.200,218.934,746.199,423.474,506.858
573.313,957.715,490.237,803.593,218.926,746.269,423.608,506.890
573.367,957.578,490.520,802.691,219.146,746.152,423.681,505.840
573.388,957.762,491.114,802.503,218.906,746.079,423.155,504.920
573.270,957.499,491.754,801.981,219.344,746.014,422.950,505.314
573.267,957.840,489.804,804.275,219.167,745.912,423.136,506.495
573.312,957.659,489.673,804.667,219.180,746.203,422.798,507.244
573.353,957.594,489.393,804.201,219.163,745.870,422.385,506.702
573.397,957.630,489.826,803.419,219.139,745.702,423.461,504.686
573.372,957.779,490.609,805.108,219.356,745.921,423.185,505.539
573.392,957.694,491.156,804.102,219.415,745.883,424.103,504.331
573.326,957.872,490.698,804.004,219.244,745.838,424.147,504.267
573.288,957.876,490.128,803.664,219.269,745.746,424.182,503.876
573.279,957.599,488.989,804.855,219.378,746.033,424.089,503.629
573.279,957.845,489.041,805.538,219.356,746.014,425.193,501.196
573.371,957.646,489.384,805.149,219.244,745.811,424.397,503.265
573.198,957.394,491.058,805.225,218.965,746.026,423.804,504.128
573.385,957.621,490.334,804.656,219.288,746.278,424.270,503.931
573.306,957.517,491.024,806.162,219.033,746.104,424.281,504.654
573.311,957.561,490.042,807.235,219.062,745.952,424.974,504.237
573.304,957.531,490.837,806.335,219.183,745.714,425.363,504.357
573.272,957.547,491.283,805.731,219.008,745.884,425.376,505.212
573.162,957.647,491.086,805.516,219.059,746.196,426.007,505.379
573.106,957.444,490.766,806.022,219.125,745.888,425.849,505.005
573.085,957.656,491.491,804.053,218.866,745.706,426.535,505.036
573.113,957.609,490.780,804.075,219.022,745.841,425.932,505.227
573.104,957.786,491.817,803.877,219.053,745.842,425.705,505.671
573.115,957.899,492.045,803.574,219.040,745.804,426.358,505.323
573.049,957.779,491.129,805.268,219.036,745.993,425.725,505.784
573.126,957.266,490.113,805.172,218.994,745.867,425.196,506.579
573.059,957.361,489.714,804.759,218.972,745.979,425.383,506.661
573.130,957.719,490.710,802.958,218.919,746.064,425.447,506.837
573.059,957.584,489.354,803.449,219.219,745.799,425.426,505.711
573.047,957.905,489.729,803.387,219.098,746.178,425.615,504.310
573.065,958.056,489.755,803.460,219.014,746.002,425.628,504.361
573.094,957.882,489.854,803.910,219.117,746.047,425.299,505.390
573.091,957.628,490.056,804.968,219.082,746.105,425.461,505.347
573.012,957.876,491.016,805.445,219.071,745.617,425.601,505.114
573.071,957.756,490.261,805.625,218.887,745.779,425.675,505.199
573.076,957.580,490.959,805.881,218.992,745.695,425.503,505.210
573.081,957.436,489.468,805.801,219.087,745.700,426.282,504.180
573.161,957.845,489.880,805.664,218.994,745.504,425.096,505.131
573.130,957.678,490.605,806.974,218.783,745.748,425.397,505.307
573.136,957.799,489.745,806.817,218.950,745.737,425.356,505.370
573.097,958.007,490.012,805.019,219.186,745.574,426.112,504.757
573.060,958.059,490.423,804.631,218.931,745.919,426.021,505.239
573.115,957.403,492.116,803.044,218.959,745.605,425.809,505.999
573.259,957.129,491.790,804.049,218.886,745.598,425.448,506.859
573.126,957.817,489.773,805.667,218.990,746.058,425.478,506.200
573.039,957.813,489.401,804.705,218.867,745.839,425.338,506.787
573.075,957.540,490.392,803.867,218.938,745.871,425.508,506.646
573.100,957.637,490.878,804.587,218.806,745.486,425.431,506.678
573.031,957.759,491.502,805.095,218.865,745.808,425.320,506.584
572.998,957.799,492.244,804.386,218.936,746.025,425.485,506.454
573.107,957.641,490.364,804.516,218.795,745.622,425.749,506.418
573.197,957.737,490.405,804.749,218.867,745.807,425.319,506.718
573.138,957.963,491.569,804.511,219.156,745.528,425.828,506.122
573.143,957.665,492.778,804.864,219.272,745.837,425.497,506.611
573.163,957.597,492.174,805.569,219.263,745.798,426.073,506.756
573.043,957.609,491.423,806.191,219.169,745.934,425.822,506.587
573.111,957.724,490.223,807.220,219.132,745.765,425.843,506.519
573.058,957.722,490.360,807.152,219.262,745.755,425.777,506.608
573.128,957.726,490.436,807.499,219.135,745.742,425.668,506.539
573.152,957.972,490.612,806.722,219.420,745.883,425.788,506.094
573.089,957.630,490.483,807.345,219.221,745.744,425.963,505.483
573.172,957.196,490.683,807.253,219.025,745.560,426.045,505.499
573.138,957.623,491.010,807.198,219.033,745.302,425.629,505.021
573.165,957.780,491.594,807.138,219.263,745.488,426.108,504.817
573.146,957.901,491.484,806.760,219.083,745.588,426.444,504.605
573.244,957.803,491.606,806.367,219.103,745.783,426.953,504.251
573.229,957.425,492.358,806.174,219.226,746.250,426.286,505.416
573.100,957.797,492.371,805.838,219.150,746.202,426.474,504.529
573.111,957.857,492.570,805.763,219.159,746.097,426.028,503.623
572.954,957.641,492.537,805.801,219.034,745.934,426.126,503.858
573.052,957.373,492.352,806.492,219.196,745.885,426.143,503.998
573.071,957.721,492.384,806.438,219.074,745.865,426.045,503.847
573.184,957.546,492.495,806.046,219.225,745.580,425.885,503.650
573.021,957.483,492.663,805.731,219.165,745.743,426.068,503.299
573.072,957.903,491.913,806.384,219.179,746.043,425.827,503.853
573.118,957.881,491.530,806.616,219.132,745.945,425.887,503.959
573.297,957.199,492.276,806.582,219.262,745.963,425.668,504.016
573.198,957.449,492.470,806.289,219.361,745.855,425.669,503.900
573.161,957.501,491.996,806.438,219.069,745.891,425.882,504.105
573.179,957.738,492.200,806.418,218.891,745.846,425.550,503.784
573.213,957.865,491.992,806.613,219.002,746.148,425.542,503.871
573.189,957.788,492.446,806.361,218.876,745.593,425.846,503.479
573.130,957.824,492.261,806.517,219.046,745.695,425.963,503.775
573.125,957.891,492.420,806.252,219.166,745.569,426.205,504.025
573.185,957.724,492.274,806.252,219.141,745.702,425.913,504.357
573.186,957.807,492.286,806.231,218.977,746.007,426.602,504.377
573.089,957.758,491.539,806.577,219.225,746.506,426.196,504.764
573.122,957.689,492.233,806.322,218.772,745.900,426.157,505.370
573.167,957.337,492.282,806.248,218.888,745.858,426.181,505.138
573.101,957.633,491.655,806.611,219.156,746.181,426.259,505.241
573.143,957.722,491.770,806.271,219.091,746.370,426.178,505.394
573.048,957.892,491.979,806.697,218.983,746.090,426.079,505.275
573.160,957.918,492.059,806.491,219.098,745.559,426.198,505.011
573.161,957.969,491.921,806.411,219.220,746.169,426.236,505.132
573.128,957.744,492.232,806.453,219.185,746.181,426.034,504.974
573.164,957.484,492.107,806.719,219.355,746.030,426.249,504.655
573.202,957.619,492.041,806.423,219.320,745.699,425.744,504.904
573.203,957.777,492.103,806.286,219.290,746.067,425.941,504.936
573.066,957.624,492.366,806.321,219.178,745.604,425.334,505.005
573.040,957.659,492.590,806.198,219.311,745.839,425.564,505.429
573.156,957.448,492.731,806.052,219.270,746.083,425.636,504.963
573.151,957.648,492.465,806.138,219.326,745.931,425.715,504.948
573.215,957.431,492.553,806.290,218.991,745.883,425.887,504.987
573.186,957.707,492.347,806.590,218.831,746.155,425.659,505.256
573.243,957.847,492.388,806.339,219.360,746.374,425.612,504.933
573.201,957.898,492.488,806.212,219.281,746.108,425.627,504.876
573.225,957.980,492.289,806.196,219.090,746.059,425.371,505.331
573.150,957.840,492.509,805.945,218.923,745.733,425.649,505.326
573.219,957.580,492.516,805.876,218.942,745.722,425.624,505.358
573.147,957.816,492.393,806.345,218.933,746.322,425.717,505.129
573.136,957.760,492.225,806.282,218.992,746.097,425.417,505.896
573.152,957.436,492.355,806.239,219.098,746.066,425.201,505.912
573.073,957.628,492.338,806.245,219.119,746.184,425.382,505.475
573.099,957.893,492.396,806.114,218.980,746.235,425.195,505.989
573.098,957.922,492.993,805.329,219.042,746.080,425.285,505.595
573.237,957.645,491.863,806.349,218.973,746.028,425.162,505.600
573.156,957.485,492.251,806.296,219.032,745.734,425.310,505.692
573.269,957.665,492.072,806.380,219.489,746.384,425.412,505.803
573.155,957.421,492.208,806.423,219.341,746.461,425.425,505.210
573.134,957.355,492.407,806.350,219.306,746.493,425.705,503.696
573.209,957.551,492.312,806.151,218.931,745.855,425.865,503.837
573.211,957.616,492.575,806.120,218.940,746.053,426.114,504.287
573.134,957.811,492.535,805.859,218.931,745.770,425.974,504.683
573.075,957.514,492.782,805.975,218.940,746.053,425.499,504.922
573.140,957.600,492.580,806.098,218.897,745.833,425.878,504.630
573.099,957.835,492.570,806.103,218.864,745.910,426.123,504.475
573.171,957.649,492.731,805.954,218.992,745.656,426.163,504.907
573.095,957.578,492.753,805.728,218.851,745.709,426.003,505.103
573.234,957.433,492.955,806.254,219.029,746.087,426.626,504.242
573.329,957.636,492.511,806.098,218.943,745.871,426.225,504.808
573.342,957.772,492.273,805.837,219.076,746.197,426.255,503.817
573.354,957.689,492.552,806.028,218.880,745.821,426.193,504.106
573.380,957.875,492.973,806.221,218.896,745.847,426.225,503.995
573.193,957.759,492.780,805.507,219.225,745.919,425.483,505.528
573.152,957.920,493.347,805.551,219.109,745.773,425.817,503.865
573.280,957.654,493.228,805.043,218.982,745.682,425.251,505.447
573.305,957.746,493.054,805.067,219.071,745.802,425.323,505.478
573.248,957.679,493.129,805.357,219.119,745.924,425.463,504.525
573.182,957.907,493.580,805.337,219.044,746.037,425.458,504.437
573.315,957.711,493.543,805.136,219.127,745.987,425.805,504.362
573.310,957.825,493.949,804.915,219.088,746.070,425.634,504.375
573.227,957.326,493.539,804.771,219.433,745.893,425.807,504.537
573.231,957.540,493.023,804.996,219.182,746.127,425.590,505.165
573.024,957.921,493.422,805.113,219.402,746.020,425.772,504.868
573.119,957.702,493.705,805.167,219.198,745.639,425.469,505.377
573.294,957.573,494.073,805.377,219.354,746.008,425.666,505.018
573.157,957.455,494.005,804.620,219.271,746.132,425.635,505.548
573.142,957.510,494.052,803.974,219.337,746.130,425.949,504.838
573.136,957.609,493.475,803.496,219.154,745.916,425.602,505.411
573.211,957.370,493.880,803.766,219.267,746.178,425.868,504.860
573.168,958.036,493.828,804.017,218.776,745.903,425.762,505.114
573.173,958.137,493.915,804.025,218.967,746.180,425.635,505.468
573.157,957.556,493.430,803.768,218.884,745.886,425.568,505.247
573.163,957.560,494.280,804.131,218.874,745.861,425.413,505.631
573.197,957.853,493.982,803.803,218.952,746.018,425.244,505.785
573.250,957.737,493.951,803.900,219.063,746.376,425.218,505.625
573.272,957.692,493.536,803.764,218.958,746.063,425.654,505.051
573.263,957.891,493.979,804.014,219.163,746.160,425.431,505.331
573.284,957.773,494.140,803.999,219.192,746.068,425.982,503.516
573.244,957.931,493.866,803.511,219.219,745.733,425.653,504.834
573.197,957.920,493.966,803.475,219.233,745.832,425.718,505.071
573.238,957.676,493.903,803.719,219.015,746.114,425.688,504.939
573.274,957.931,493.597,803.834,219.145,746.292,425.708,503.048
573.202,957.857,493.956,804.047,219.055,745.906,425.415,504.420
573.168,957.757,494.042,803.953,218.982,745.813,425.670,503.501
573.251,957.979,494.115,803.869,219.126,746.277,425.885,504.022
573.153,957.868,494.085,804.324,219.139,746.060,425.922,503.884
573.195,957.932,494.237,804.351,219.090,745.819,426.129,503.524
573.173,958.023,493.659,804.331,219.124,745.878,426.429,503.404
573.185,958.007,493.756,804.278,219.207,745.998,426.361,504.035
573.213,957.786,493.693,803.991,218.822,745.901,426.375,503.751
573.220,957.755,494.134,803.232,219.045,745.921,426.349,503.987
573.118,957.750,494.280,803.295,219.252,745.794,426.448,504.326
573.115,957.625,494.747,803.201,219.073,746.345,426.408,504.487
573.244,957.988,495.018,803.036,219.346,745.932,426.430,503.250
573.264,957.865,495.167,803.410,219.074,746.343,426.076,503.606
573.097,957.787,494.797,802.955,219.183,745.919,426.013,503.514
573.110,957.746,494.192,803.239,219.267,746.083,426.131,503.803
573.240,957.866,493.886,802.641,218.964,745.835,426.053,504.061
573.200,957.830,493.894,803.279,218.893,745.698,426.134,502.978
573.154,957.792,493.430,803.361,219.113,745.908,425.591,504.139
573.351,957.546,492.910,803.005,219.067,745.931,425.703,504.383
573.138,957.800,492.870,802.227,219.322,745.857,425.950,503.893
573.126,958.070,493.521,800.584,219.258,745.906,425.828,503.854
573.164,957.988,493.537,800.166,219.110,745.759,425.941,503.685
573.197,957.818,493.877,800.599,219.174,745.860,425.640,504.096
573.180,957.583,494.124,800.328,219.462,745.837,425.860,503.787
573.204,958.043,494.436,800.490,219.480,745.531,425.727,503.726
573.293,957.656,494.878,801.035,219.545,745.659,425.646,504.133
573.241,957.786,495.046,800.597,219.430,745.760,426.068,502.542
573.196,957.855,495.520,800.704,218.991,745.872,425.937,503.166
573.272,957.708,495.635,800.556,219.055,746.068,425.510,503.827
573.154,957.710,495.615,800.591,219.105,745.703,425.606,503.917
573.225,957.721,495.735,800.376,219.291,745.928,425.853,503.888
573.187,958.117,495.745,800.553,219.221,746.025,425.948,503.180
573.139,958.041,496.836,799.177,219.345,745.640,426.189,503.370
573.186,958.184,497.184,798.614,219.145,745.890,426.139,503.709
573.240,958.218,496.933,799.025,219.263,746.055,426.260,503.068
573.199,957.855,496.886,799.072,219.163,745.792,426.081,502.624
573.194,958.103,497.123,798.983,219.196,745.963,426.559,502.999
573.208,958.096,497.108,798.522,219.082,745.646,426.523,502.945
573.227,958.267,497.228,798.671,218.991,746.090,426.534,502.946
573.212,957.814,497.662,798.332,219.103,745.636,426.467,503.122
573.248,958.043,497.754,798.367,219.048,745.703,426.725,502.267
573.206,957.906,497.852,798.429,219.142,745.926,426.667,502.108
573.247,957.776,497.786,798.508,219.099,745.933,426.730,501.687
573.125,957.542,497.812,798.571,219.075,746.087,426.894,501.522
573.264,957.341,497.831,798.479,219.054,745.699,427.005,501.519
573.121,957.721,498.062,798.434,218.969,745.816,427.603,500.931
573.335,957.879,497.979,798.511,219.026,745.489,427.357,501.325
573.299,957.687,497.986,798.468,218.935,745.624,427.723,501.419
573.242,957.643,498.042,798.584,219.014,745.928,427.686,500.845
573.250,957.426,498.079,798.626,219.013,745.978,427.682,500.576
573.264,957.692,497.876,798.521,219.214,745.906,427.668,500.387
573.296,957.730,498.029,798.346,219.031,745.796,427.727,500.625
573.177,957.562,498.051,798.699,218.925,745.872,426.928,501.495
573.260,957.412,497.992,798.388,219.187,746.014,427.395,500.867
573.318,957.334,497.914,798.470,219.312,745.482,426.921,501.321
573.402,957.555,497.899,798.670,219.195,745.784,427.151,501.035
573.192,957.935,497.911,798.600,218.976,745.800,427.538,501.268
573.148,957.807,497.781,798.697,218.933,745.902,427.075,500.721
573.212,958.115,497.999,798.398,219.195,745.995,427.009,501.298
573.181,957.791,498.050,798.443,219.098,745.958,426.611,501.459
573.179,957.784,497.892,798.463,219.389,745.863,426.323,501.708
573.194,957.789,498.121,798.274,219.282,745.663,426.743,501.496
573.105,957.810,497.968,798.481,219.233,745.812,426.574,501.464
573.234,957.760,498.026,798.046,219.392,746.115,426.122,500.842
573.250,957.892,498.112,798.333,219.293,746.020,426.313,500.802
573.197,957.710,498.115,798.105,219.344,746.064,426.554,500.927
573.175,958.012,498.041,798.057,219.276,745.987,426.792,500.894
573.131,957.658,498.051,798.052,219.031,745.988,426.841,500.681
573.027,957.768,498.214,798.096,219.189,746.089,427.232,500.990
573.158,957.912,498.164,798.425,219.036,745.887,427.479,500.888
573.111,957.748,498.206,798.418,219.201,746.287,427.159,500.672
573.193,957.893,498.264,798.438,219.138,746.064,426.870,501.736
573.267,957.686,498.144,798.477,219.278,745.911,426.619,502.018
573.212,957.782,498.087,798.559,219.227,746.094,426.573,501.842
573.167,957.505,498.244,798.422,219.075,746.120,426.546,501.166
573.192,957.614,498.247,798.363,219.034,745.957,426.327,501.742
573.233,957.693,498.280,798.126,219.287,746.205,426.415,501.613
573.179,957.404,498.251,798.150,218.979,745.993,426.155,500.830
573.287,957.673,498.035,798.243,219.221,745.836,426.083,500.829
573.207,957.654,498.184,798.291,219.163,745.592,426.030,501.214
573.362,957.922,498.263,798.234,219.510,745.859,425.688,500.727
573.261,957.965,498.101,798.045,219.585,746.117,425.817,500.711
573.090,957.669,498.463,798.349,219.163,745.905,426.743,500.109
573.255,957.600,498.429,798.141,219.487,745.955,426.737,500.417
573.273,957.650,498.209,798.307,219.212,746.082,426.939,500.791
573.248,957.674,498.388,797.937,219.176,746.086,426.954,500.511
573.257,957.804,498.308,798.384,219.081,746.285,426.890,500.509
573.195,957.917,498.251,798.421,219.471,746.278,426.751,500.752
573.245,957.939,498.143,798.475,219.220,746.524,426.418,500.749
573.214,958.065,498.211,797.979,219.117,745.850,426.848,500.019
573.190,957.886,498.227,798.029,219.074,746.100,427.030,500.203
573.217,957.612,498.045,798.111,219.387,745.705,427.864,498.909
573.187,957.922,498.185,798.113,219.311,746.009,428.391,498.536
573.165,957.905,498.176,797.929,219.106,745.976,428.496,498.338
573.185,957.956,498.057,798.082,219.108,746.149,428.101,498.361
573.158,957.387,498.173,798.175,219.367,746.690,428.738,497.688
573.133,957.639,498.273,797.942,219.235,746.154,428.831,497.633
573.197,957.451,498.361,797.926,219.269,746.289,429.102,496.948
573.061,957.354,498.224,798.406,219.186,746.392,429.058,496.776
573.080,957.511,498.182,798.109,219.230,746.190,429.097,496.772
573.148,957.492,498.220,797.960,219.201,746.359,429.221,496.327
573.190,957.479,498.291,797.935,219.471,746.471,429.330,496.401
573.228,957.305,498.330,797.962,219.385,746.553,429.302,496.249
573.155,957.565,498.298,797.980,219.315,746.249,429.703,495.816
573.229,957.790,498.207,797.966,219.348,746.610,430.116,495.692
573.221,957.869,498.338,798.387,219.176,746.428,430.199,495.908
573.151,957.642,498.422,797.850,219.198,746.711,430.121,496.179
573.131,957.470,498.344,797.947,219.210,746.654,431.003,496.068
573.301,957.346,498.387,798.007,219.443,746.212,431.682,496.262
573.279,957.582,498.204,797.892,219.187,746.375,433.007,496.372
573.135,957.461,498.241,797.950,219.165,745.962,433.710,497.097
573.158,957.471,498.390,797.807,219.193,745.875,435.232,497.887
573.109,957.584,498.371,797.872,219.200,746.354,435.871,500.379
573.223,957.406,498.334,797.812,219.298,745.906,434.652,502.226
573.226,957.245,498.157,797.923,219.396,746.231,434.868,501.885
573.144,957.610,498.186,798.048,219.464,746.498,434.950,501.288
573.099,957.754,498.276,797.992,219.060,746.185,435.098,500.597
573.091,957.501,498.086,798.122,219.223,746.325,435.522,501.351
573.152,957.720,498.122,798.064,219.189,746.308,436.239,501.792
573.155,957.538,498.208,797.993,219.197,745.994,435.944,504.967
573.161,957.377,498.239,797.946,219.335,746.104,434.458,512.257
573.262,957.455,498.280,798.021,219.341,746.012,431.441,513.766
573.146,957.588,498.244,797.947,219.279,745.942,432.419,513.354
573.153,957.469,498.339,798.024,219.273,746.004,433.658,512.382
573.147,957.407,498.233,798.026,219.376,746.549,434.538,510.764
573.083,957.393,498.284,797.868,219.329,746.547,435.697,510.141
573.112,957.453,498.111,798.058,219.422,746.279,436.403,510.202
573.125,957.608,498.233,797.973,219.486,746.614,435.685,510.784
573.259,957.639,498.238,797.983,219.198,746.082,435.622,512.635
573.194,957.630,498.245,797.973,219.187,746.278,435.102,513.911
573.185,957.523,498.172,798.089,219.249,746.196,433.986,517.188
573.173,957.311,498.327,798.000,219.292,746.344,433.312,517.253
573.263,957.423,498.180,798.005,219.240,746.453,433.067,517.809
573.211,957.529,498.163,798.146,219.128,745.983,433.125,518.571
573.104,957.548,498.217,798.056,219.151,746.026,432.931,519.381
573.162,957.554,498.154,798.213,219.128,746.366,432.137,519.772
573.067,957.398,498.282,798.018,219.456,746.370,429.730,520.947
573.182,957.558,498.285,798.072,219.274,746.434,429.258,522.920
573.212,957.542,498.438,797.947,219.351,746.522,429.799,523.317
573.168,957.869,498.324,797.874,219.180,746.293,426.045,525.719
573.152,957.641,498.389,798.022,219.194,746.464,423.914,526.565
573.145,957.884,498.379,798.140,219.068,746.037,425.650,528.892
573.126,957.602,498.353,798.085,219.201,746.277,429.828,528.229
573.207,957.797,498.351,798.005,219.247,746.312,430.729,524.539
573.135,957.677,498.223,798.062,219.423,746.254,430.019,523.250
573.077,957.923,498.321,798.257,219.097,746.174,429.751,520.617
573.130,957.511,498.384,798.132,219.241,746.393,429.954,521.639
573.230,957.778,498.228,798.053,219.244,746.437,430.509,522.960
573.124,957.743,498.340,797.953,219.105,746.155,429.477,524.985
573.104,957.858,498.152,797.993,219.519,746.357,428.569,526.820
573.092,958.217,498.303,798.107,219.473,746.129,426.909,529.506
573.170,958.001,498.339,797.971,219.211,746.325,425.798,530.823
573.199,957.356,498.346,798.067,219.200,746.334,424.376,531.433
573.278,957.330,498.502,797.918,219.499,746.399,424.219,531.049
573.244,957.645,498.347,797.900,219.249,746.411,424.009,530.845
573.178,957.527,498.336,797.976,219.801,746.503,423.461,532.543
573.130,957.312,498.249,798.029,219.510,746.341,423.535,533.153
573.213,957.469,498.206,798.153,219.603,746.191,422.099,535.605
573.046,957.844,498.198,798.125,219.515,746.289,420.724,537.397
573.134,957.509,498.260,798.199,219.611,746.527,419.920,540.023
573.193,957.531,498.320,798.049,219.262,746.060,420.134,540.613
573.225,957.482,498.266,797.941,219.322,746.084,419.683,541.072
573.174,957.586,498.094,798.223,219.295,746.141,419.573,540.004
573.089,957.661,498.245,798.188,219.421,746.168,418.928,537.823
573.017,957.586,498.238,798.158,219.324,746.098,418.500,537.028
573.097,957.916,498.140,798.102,219.393,746.115,418.947,535.040
573.086,957.535,498.292,797.935,219.468,746.364,419.433,534.410
573.089,957.663,498.299,797.919,219.368,746.280,419.718,534.185
573.020,957.709,498.314,797.965,219.481,746.492,419.584,534.223
573.212,957.846,498.147,798.159,219.471,746.741,419.749,534.109
573.102,957.868,498.200,798.132,219.412,746.742,419.457,534.623
573.213,957.836,498.308,798.137,219.567,746.559,419.598,534.476
573.238,957.705,498.323,798.018,219.537,746.657,419.557,534.380
573.072,957.720,498.124,798.278,219.265,746.071,419.893,533.672
573.210,957.295,498.164,798.247,219.069,746.005,420.170,533.554
573.116,957.883,498.333,798.504,219.200,746.053,420.333,533.139
573.087,957.738,498.240,798.265,219.099,745.959,420.302,532.875
573.121,957.700,498.263,798.254,219.169,745.944,420.708,532.853
573.152,957.717,498.409,798.234,219.302,746.065,420.903,532.763
573.190,957.599,498.280,798.183,219.370,746.012,420.964,532.524
573.116,957.861,498.220,798.267,219.231,746.061,421.111,532.332
573.119,957.904,498.238,798.274,219.096,746.022,421.115,532.629
573.141,957.869,498.312,798.309,219.134,746.130,421.279,532.409
573.211,957.845,498.280,798.339,219.246,746.209,421.324,532.338
573.091,957.624,498.151,798.333,219.211,746.504,421.213,532.274
573.068,957.580,498.299,798.260,219.075,746.057,421.202,532.170
573.172,957.785,498.456,798.155,219.049,746.081,421.221,531.882
573.154,957.840,498.319,798.225,219.089,746.088,421.633,531.576
573.111,957.904,498.411,798.205,219.288,746.684,421.224,531.703
573.217,957.919,498.180,798.256,219.266,746.601,421.401,531.941
573.166,957.742,498.284,798.237,219.539,746.404,421.402,531.991
573.211,957.693,498.443,798.172,219.316,746.349,421.474,531.787
573.083,957.790,498.391,798.232,219.275,746.220,421.795,531.414
573.118,957.553,498.253,798.163,219.223,746.250,421.733,531.569
573.119,957.705,498.442,798.137,219.407,746.608,421.730,531.625
573.160,957.842,498.390,798.356,219.336,746.534,421.834,531.705
573.198,958.045,498.348,798.258,219.351,746.551,421.834,531.884
573.102,957.776,498.306,798.229,218.924,746.236,422.003,532.073
573.170,957.848,498.347,798.143,218.892,746.345,421.940,532.192
573.209,957.747,498.477,798.048,219.035,745.975,421.976,531.929
573.186,957.779,498.432,798.136,218.955,746.033,422.264,531.547
573.030,957.551,498.376,798.100,219.026,746.189,422.309,531.496
573.112,957.534,498.306,798.272,219.257,746.274,422.455,531.206
573.133,957.530,498.277,798.281,219.291,746.432,422.667,531.239
573.282,957.396,498.196,798.438,219.158,746.366,422.991,530.721
573.262,957.591,498.235,798.379,219.256,746.506,423.000,530.661
573.173,957.685,498.299,798.139,219.426,746.439,422.981,530.812
573.272,957.509,498.416,798.097,219.248,746.573,423.068,530.587
573.226,957.319,498.323,798.166,219.161,746.120,423.134,530.397
573.186,957.137,498.284,798.152,219.195,746.246,422.631,530.969
573.283,957.555,498.322,798.267,218.984,746.020,422.705,531.087
573.197,957.278,498.361,798.173,219.141,746.122,422.843,530.639
573.124,958.079,498.172,798.165,219.124,746.330,422.715,530.638
573.252,957.294,498.227,798.166,219.266,746.118,422.274,531.425
573.260,958.008,498.252,798.071,219.219,746.162,422.648,531.191
573.165,957.642,498.187,798.111,219.143,745.998,422.490,531.169
572.999,957.842,498.272,798.277,219.178,746.031,422.718,531.030
573.178,957.760,498.454,798.120,219.230,746.342,422.747,531.232
573.087,957.776,498.417,798.299,219.107,746.394,422.876,531.183
573.145,957.735,498.188,798.454,219.076,745.985,423.158,530.834
573.127,957.934,498.276,798.258,218.963,746.065,423.257,530.438
573.156,957.995,498.237,798.282,219.289,746.060,423.243,530.304
573.158,957.748,498.267,798.136,219.285,745.958,423.031,530.763
573.159,957.655,498.326,798.134,219.236,745.955,422.867,530.848
573.150,957.301,498.281,798.167,219.251,746.051,422.974,530.872
573.153,957.895,498.304,798.336,219.013,746.117,423.433,530.947
573.317,957.615,498.434,798.202,219.124,746.100,423.624,530.769
573.122,957.767,498.180,798.349,219.016,746.134,424.112,530.034
573.096,957.810,498.037,798.397,219.061,746.044,423.899,530.036
573.156,957.543,498.223,798.268,219.180,746.392,423.848,530.626
573.226,957.518,498.350,798.212,219.112,746.314,424.147,530.176
573.169,957.599,498.316,798.077,219.042,746.327,424.113,530.222
573.151,957.613,498.315,797.951,219.294,746.213,423.647,530.707
573.183,957.606,498.423,798.027,219.145,746.177,423.799,530.655
573.118,957.544,498.270,798.218,219.161,746.073,423.906,530.692
573.128,957.324,498.315,798.307,219.132,746.142,423.916,530.645
573.227,957.743,498.406,798.152,219.288,745.858,423.743,530.734
573.198,957.557,498.390,798.143,219.563,746.131,423.962,530.916
573.281,957.646,498.491,798.175,219.184,746.351,423.984,530.802
573.191,957.582,498.582,798.159,219.137,746.260,424.036,530.818
573.187,957.561,498.361,798.258,219.113,745.282,424.613,530.442
573.175,957.560,498.144,798.281,218.984,745.532,424.105,530.701
573.110,957.574,498.306,798.245,218.730,745.567,424.048,530.941
573.191,957.717,498.391,798.188,219.025,745.619,424.303,530.864
573.202,957.529,498.319,798.205,218.952,745.526,424.242,531.043
573.155,957.862,498.446,798.127,219.090,745.957,424.045,531.119
573.196,957.590,498.382,798.269,218.914,745.823,424.410,531.198
573.271,957.371,498.321,798.053,219.046,745.962,424.720,531.467
573.263,957.294,498.374,798.128,219.079,745.965,424.578,530.897
573.303,957.532,498.364,797.975,219.147,746.073,424.328,531.274
573.237,957.509,498.423,797.995,219.090,746.060,424.866,530.938
573.194,957.479,498.345,798.089,219.108,746.004,424.749,531.198
573.137,957.479,498.294,797.971,219.081,745.903,424.823,530.824
573.128,957.438,498.207,798.146,219.154,746.103,424.737,531.103
573.141,957.673,498.403,798.173,218.937,745.913,425.444,529.890
573.188,957.650,498.196,798.230,218.962,746.015,424.528,530.518
573.161,957.703,498.265,798.286,218.833,746.449,424.565,530.859
573.086,958.043,498.267,798.365,218.794,746.190,424.447,531.123
573.136,957.833,498.356,798.188,218.828,746.167,424.540,530.866
573.090,957.580,498.094,798.386,218.929,746.091,424.671,530.531
573.207,957.553,498.306,798.264,219.054,746.085,424.939,530.372
573.035,957.525,498.262,798.236,219.051,746.115,424.850,530.168
573.115,957.729,498.360,798.117,219.119,746.211,424.127,531.573
573.100,957.809,498.369,798.186,219.067,746.326,424.788,530.588
573.155,957.717,498.317,798.256,219.011,745.970,424.470,531.159
573.203,957.669,498.318,798.283,219.113,745.976,424.902,530.502
573.154,957.768,498.421,798.336,219.055,745.963,425.174,530.572
573.123,957.690,498.202,798.307,218.978,745.905,424.702,530.945
573.057,957.575,498.311,798.213,218.995,745.867,424.727,530.915
573.129,957.900,498.307,798.388,218.959,745.845,424.900,530.393
573.156,957.446,498.352,798.355,218.928,745.917,424.973,530.506
573.152,957.743,498.442,798.134,219.242,745.914,425.216,530.376
573.191,957.632,498.445,798.224,218.907,746.161,424.931,530.476
573.193,957.431,498.369,798.211,219.146,745.947,425.579,530.227
573.178,957.739,498.276,798.298,219.126,746.337,425.145,530.614
573.155,957.757,498.348,798.370,218.964,746.251,424.587,530.749
573.117,957.752,498.343,798.302,218.976,746.203,425.263,530.018
573.170,957.543,498.379,798.141,219.167,746.092,425.718,529.281
573.208,957.446,498.253,798.265,219.026,746.031,425.206,529.958
573.210,957.592,498.428,798.195,219.054,746.115,425.528,529.490
573.325,957.303,498.344,798.358,219.016,745.894,425.906,528.917
573.148,957.886,498.246,798.375,219.086,745.987,425.132,530.275
573.251,957.353,498.409,798.234,218.998,746.197,425.721,529.221
573.115,957.363,498.377,798.163,219.039,746.024,425.724,529.481
573.114,957.295,498.424,798.137,218.881,746.044,425.935,529.319
573.161,957.296,498.322,798.278,218.922,746.243,425.508,529.463
573.222,957.420,498.410,798.315,219.024,746.344,425.877,529.033
573.133,957.636,498.377,798.315,219.030,746.188,426.317,528.927
573.148,957.992,498.397,798.257,219.258,746.322,425.998,529.059
573.221,958.146,498.444,798.217,219.216,746.438,425.680,529.422
573.357,958.038,498.341,798.207,218.972,746.206,425.788,529.586
573.299,957.914,498.376,798.254,218.803,745.964,426.153,529.140
573.432,958.450,498.139,798.320,218.790,746.226,425.865,529.614
573.332,958.795,498.366,798.271,218.703,746.173,426.086,529.476
573.296,959.132,498.243,798.262,218.621,746.039,426.023,529.039
573.467,959.598,498.316,798.179,219.144,746.003,425.433,529.971
573.255,959.869,498.473,798.519,219.111,746.050,425.412,529.733
573.514,960.267,498.316,798.323,219.113,745.972,425.246,530.043
573.596,960.137,498.466,798.074,219.060,745.889,425.437,529.600
573.482,960.278,498.450,798.219,218.803,746.075,425.684,529.805
573.412,960.126,498.537,798.006,218.732,745.917,425.449,530.087
573.519,960.741,498.215,798.127,219.052,745.916,425.736,529.147
573.382,960.861,498.266,798.080,219.190,745.946,425.549,529.843
573.247,961.557,498.292,798.209,219.063,745.938,425.361,530.096
573.473,962.369,498.414,798.114,219.116,745.849,426.227,528.797
573.462,962.624,498.196,798.381,218.887,746.516,426.179,529.211
573.829,962.732,498.286,798.252,219.044,745.836,425.427,529.763
573.450,963.362,498.234,798.294,219.043,745.904,425.445,529.723
573.361,963.740,498.211,798.409,219.127,746.286,425.859,529.505
572.876,964.254,498.293,798.382,219.124,746.136,425.704,529.370
572.821,965.125,498.343,798.346,218.988,746.049,424.823,529.838
573.084,965.502,498.356,798.248,218.906,745.918,425.343,529.639
573.267,965.290,498.490,798.199,219.055,746.364,425.454,529.335
573.465,964.629,498.397,798.314,218.952,745.947,424.911,530.511
573.330,965.587,498.399,798.355,218.852,746.094,425.016,530.556
573.357,965.868,498.534,798.215,218.836,746.043,424.718,530.686
573.637,965.575,498.280,798.110,219.028,746.050,425.075,530.107
573.612,965.584,498.313,798.104,219.039,746.149,425.038,530.153
573.527,965.554,498.208,798.249,219.076,746.346,425.316,529.793
573.083,965.539,498.231,798.255,219.080,746.212,425.479,529.528
572.934,965.496,498.236,798.309,219.069,746.206,425.503,529.600
572.770,966.651,498.388,798.080,219.162,746.098,425.434,529.698
573.085,967.123,498.386,798.136,219.122,746.188,425.645,529.208
572.685,966.902,498.293,798.244,218.959,745.957,425.625,529.282
572.554,966.619,498.279,798.371,218.943,745.899,425.394,529.678
572.491,967.338,498.198,798.345,218.987,745.706,425.479,529.679
572.743,967.070,498.330,798.248,219.018,745.974,424.867,530.052
572.836,967.480,498.399,798.203,219.150,746.184,425.028,530.079
572.915,967.499,498.435,798.208,219.142,746.259,425.225,530.058
572.851,967.116,498.361,798.170,219.102,746.261,425.049,530.250
572.897,968.355,498.340,798.254,219.013,745.871,425.253,530.192
573.186,969.509,498.259,798.321,218.866,746.141,425.175,530.028
572.563,969.114,498.332,798.317,219.393,746.745,425.195,530.110
572.895,969.810,498.332,798.297,219.085,746.581,425.370,529.807
573.357,970.300,498.246,798.366,219.253,746.412,425.266,529.868
572.733,970.267,498.221,798.396,219.261,746.384,426.033,529.185
572.384,969.800,498.357,798.317,219.218,746.223,426.160,528.921
572.786,970.631,498.404,798.351,219.235,746.042,425.953,528.894
572.754,970.470,498.175,798.254,219.217,746.196,425.653,529.495
572.744,970.276,498.278,798.362,219.283,746.288,425.896,529.411
573.445,970.910,498.322,798.190,219.178,745.951,425.228,529.551
572.711,970.589,498.318,798.312,219.253,746.118,425.304,529.628
572.907,970.174,498.402,798.255,218.884,745.981,425.693,529.606
573.446,970.406,498.514,798.355,218.855,746.113,425.350,529.770
572.843,970.736,498.555,798.304,219.033,746.282,425.522,529.581
573.023,971.090,498.403,798.207,219.070,746.080,425.585,529.623
573.059,970.415,498.307,798.211,219.190,746.119,425.592,529.326
572.891,970.448,498.236,798.234,218.970,745.980,425.901,528.786
573.058,970.586,498.331,798.448,219.118,745.971,425.422,529.749
572.755,970.891,498.288,798.316,219.079,746.100,426.019,528.941
572.555,970.650,498.327,798.241,219.182,746.116,425.856,529.117
572.808,971.164,498.475,798.064,218.959,746.077,425.638,529.787
572.849,971.061,498.405,798.029,219.065,745.994,425.471,529.851
573.138,971.396,498.382,798.237,219.222,746.343,426.043,528.693
572.410,970.613,498.371,798.191,219.029,746.055,425.228,529.948
572.216,970.719,498.287,798.332,218.994,746.163,425.957,529.002
572.576,971.078,498.349,798.337,218.970,746.142,425.993,528.903
572.833,971.256,498.385,798.204,219.113,746.281,426.294,528.677
572.883,970.243,498.311,798.166,219.024,746.135,426.412,528.605
572.845,970.459,498.381,798.188,218.979,745.977,426.191,528.921
572.960,970.258,498.421,798.204,218.935,746.378,426.046,528.924
573.261,970.209,498.457,798.178,218.841,745.989,425.688,529.484
572.946,970.122,498.248,798.195,218.757,746.126,425.812,529.376
573.128,969.248,498.339,798.202,218.911,745.836,425.896,529.070
573.455,969.748,498.286,798.261,219.166,746.354,425.956,529.054
573.471,969.541,498.305,798.139,219.197,746.337,425.805,529.322
573.603,970.635,498.323,798.212,218.688,746.156,425.420,529.408
573.173,969.652,498.408,798.201,218.998,746.182,425.538,529.395
572.647,969.301,498.382,798.285,219.052,745.931,425.561,529.409
572.422,970.143,498.431,798.271,218.941,746.016,425.600,529.019
572.457,970.178,498.379,798.233,219.329,746.613,425.904,529.043
572.800,969.598,498.388,798.324,219.193,746.405,425.612,529.393
572.575,969.673,498.400,798.369,219.173,746.447,425.373,529.624
572.682,970.323,498.344,798.365,219.156,746.343,425.076,530.207
572.286,970.708,498.356,798.379,219.174,746.555,425.685,529.413
572.163,970.564,498.440,798.324,219.049,746.105,425.751,529.516
572.519,971.395,498.464,798.356,218.988,746.013,425.040,529.713
572.752,971.792,498.469,798.245,218.831,746.162,425.460,528.819
572.878,971.740,498.293,798.302,219.133,746.062,425.592,529.155
572.803,971.770,498.270,798.319,219.026,745.951,425.449,529.266
572.790,971.581,498.251,798.437,219.168,746.102,425.396,529.154
572.932,971.518,498.345,798.303,219.214,746.198,425.995,528.210
572.810,971.580,498.315,798.278,219.244,746.240,425.648,528.440
572.653,971.479,498.299,798.353,219.243,746.032,425.700,528.851
572.708,971.540,498.081,798.530,219.046,745.941,425.524,528.793
572.649,971.614,498.198,798.393,219.023,745.855,425.465,529.221
572.692,971.714,498.131,798.382,219.134,746.073,425.853,528.697
572.719,971.293,498.093,798.317,219.056,746.118,426.018,527.729
572.952,971.466,498.160,798.311,219.038,746.330,425.779,528.564
572.825,971.235,498.179,798.307,219.057,746.329,425.994,528.172
572.747,971.294,498.318,798.265,219.296,746.619,426.035,528.039
572.830,971.485,498.115,798.359,219.208,746.301,426.529,527.795
572.840,971.531,498.233,798.318,219.326,746.483,426.902,527.233
572.711,971.568,498.327,798.239,219.329,746.539,426.628,527.593
572.674,971.285,498.238,798.284,219.238,746.293,425.833,528.635
572.864,971.139,498.202,798.452,219.188,745.950,426.851,527.670
572.443,971.401,498.329,798.143,219.254,746.106,426.632,527.349
572.464,971.179,498.582,798.014,219.056,745.838,426.817,527.277
572.540,971.127,498.387,798.074,219.132,746.195,426.986,527.433
572.713,971.337,498.433,798.309,219.160,745.856,426.891,527.610
572.758,971.577,498.290,798.249,219.198,745.943,426.769,528.185
572.587,971.408,498.427,798.220,219.328,746.230,426.610,527.982
572.206,971.338,498.368,798.298,219.273,746.158,426.152,528.535
572.961,971.545,498.261,798.248,219.184,745.806,425.880,529.425
573.238,971.497,498.351,798.302,219.135,745.828,425.765,529.386
572.642,971.604,498.341,798.361,219.051,745.928,425.690,529.794
572.743,971.461,498.413,798.289,219.273,746.000,425.450,529.732
572.575,971.067,498.504,798.454,219.200,745.907,425.658,529.478
572.894,971.760,498.305,798.516,219.136,745.826,425.629,529.483
572.452,971.695,498.375,798.504,219.314,746.057,425.458,529.579
572.399,971.445,498.348,798.344,219.327,746.111,425.492,529.502
572.707,971.787,498.282,798.322,219.349,746.428,425.524,529.402
572.521,971.754,498.247,798.450,219.748,746.608,425.323,529.646
572.699,971.842,498.189,798.382,219.397,745.929,425.154,529.715
572.734,972.220,498.209,798.291,218.955,745.681,425.324,529.577
572.692,972.360,498.257,798.227,219.250,746.445,425.431,529.406
572.691,972.501,498.232,798.312,219.268,746.627,425.479,529.212
572.160,971.660,498.283,798.361,219.231,746.418,425.512,529.116
572.070,971.658,498.200,798.466,219.240,746.466,425.504,529.255
572.534,972.103,498.157,798.461,219.258,746.319,425.677,528.892
572.443,972.038,498.245,798.284,219.265,746.290,425.576,529.073
572.115,971.618,498.321,798.369,219.364,746.371,425.522,529.089
572.059,971.550,498.213,798.253,219.321,746.296,425.645,528.885
571.864,971.612,498.176,798.519,219.047,745.906,425.889,528.900
571.944,971.326,498.114,798.420,219.165,745.928,425.406,529.048
572.424,971.854,498.359,798.361,219.154,746.033,426.075,528.156
572.222,971.686,498.270,798.241,219.010,746.133,425.858,528.589
572.225,971.563,498.190,798.218,219.190,746.345,425.199,528.951
572.323,972.069,498.243,798.304,219.156,746.224,424.761,529.302
571.983,971.555,498.226,798.284,219.291,746.235,425.324,528.758
572.508,971.848,498.245,798.481,219.251,746.239,425.491,528.575
572.678,972.083,498.228,798.424,219.016,746.308,425.444,528.836
572.978,972.195,498.341,798.362,219.016,746.165,425.333,528.802
572.272,971.793,498.292,798.354,219.211,746.236,424.965,529.381
572.330,972.484,498.338,798.386,219.176,746.258,425.160,529.218
572.450,971.783,498.264,798.345,219.051,745.789,425.266,529.008
572.484,972.138,498.260,798.239,219.090,745.837,425.557,528.800
572.597,972.235,498.286,798.277,219.060,745.710,425.235,529.475
572.767,972.383,498.499,798.186,219.078,745.670,424.740,529.328
572.256,971.814,498.194,798.199,219.030,745.662,424.762,529.157
572.242,972.021,498.251,798.306,219.115,745.790,425.382,528.323
572.379,972.785,498.296,798.312,219.015,745.772,425.498,528.346
572.258,974.168,498.251,798.173,219.230,745.879,425.238,528.481
572.306,971.209,498.294,798.199,219.099,745.802,425.309,528.251
572.264,971.346,498.141,798.363,219.157,745.803,425.555,527.954
572.166,971.991,498.189,798.279,219.125,745.834,425.329,528.506
571.993,971.459,498.321,798.306,218.838,745.997,424.937,529.145
572.154,972.498,498.189,798.430,219.107,746.153,425.191,528.737
571.907,972.629,498.399,798.293,219.070,746.297,425.271,528.876
571.780,972.930,498.111,798.700,219.122,745.965,425.318,528.304
571.940,972.309,498.254,798.488,219.103,746.142,425.403,528.296
572.136,972.696,498.295,798.353,218.742,746.015,425.370,528.599
572.089,972.223,498.270,798.293,219.180,746.015,425.539,528.441
571.750,972.718,498.291,798.401,219.102,746.218,425.344,528.800
572.154,973.237,498.259,798.430,219.115,745.981,425.122,529.033
571.940,972.751,498.200,798.289,219.079,745.691,425.847,527.362
571.943,972.751,498.350,798.307,219.042,745.817,425.633,527.746
571.927,973.502,498.185,798.363,219.126,746.027,425.672,527.892
571.900,973.320,498.207,798.404,219.179,746.088,425.586,527.880
572.116,973.687,498.123,798.516,219.067,745.978,425.670,527.377
572.079,973.734,498.226,798.343,219.099,745.819,425.653,527.653
571.803,972.894,498.231,798.265,219.143,745.889,425.483,527.800
572.383,974.048,498.206,798.212,219.106,745.805,425.251,528.039
572.317,973.961,498.092,798.245,219.190,745.871,425.410,528.193
572.209,973.701,498.249,798.127,219.263,745.637,425.609,528.131
572.433,974.985,498.229,798.283,219.147,745.718,425.667,527.722
572.417,973.666,498.345,798.243,219.253,745.658,425.652,527.602
571.947,973.338,498.293,798.286,219.093,745.546,425.306,529.108
572.154,975.078,498.110,798.209,219.116,746.082,425.460,528.718
572.394,974.144,498.130,798.160,219.149,746.398,425.360,528.496
572.392,974.787,498.229,798.121,219.037,746.252,425.320,528.867
572.207,974.100,498.150,798.190,219.005,746.076,425.173,529.724
572.251,975.025,498.230,798.318,218.963,746.178,425.834,528.139
572.108,975.274,498.503,798.222,218.790,745.901,425.548,528.391
572.015,975.326,498.282,798.450,218.929,746.286,425.619,528.326
572.234,974.663,498.226,798.201,218.967,746.075,425.464,529.031
572.174,974.908,498.182,798.324,218.886,746.078,425.547,528.633
571.655,975.057,498.180,798.326,219.012,746.238,425.425,528.682
572.257,974.700,498.322,798.281,219.022,746.313,425.670,528.644
572.641,975.674,498.210,798.237,219.092,746.249,425.769,528.759
572.037,975.249,498.114,798.335,219.028,746.275,425.821,528.587
572.223,974.867,498.124,798.164,219.041,746.158,425.702,528.921
572.147,975.435,498.127,798.249,219.125,746.049,425.884,528.449
572.003,974.290,498.310,798.252,219.220,746.430,425.786,528.422
571.935,975.384,498.170,798.331,219.208,746.534,425.738,528.362
572.128,975.455,498.258,798.270,218.863,746.469,425.779,528.309
571.820,974.576,498.182,798.332,219.117,746.239,425.927,528.259
571.950,974.717,498.209,798.196,219.213,746.331,426.053,527.557
572.334,975.678,498.372,798.191,219.322,746.525,425.716,528.052
572.198,975.632,498.293,798.140,219.268,746.429,425.676,528.214
571.452,975.049,498.377,798.127,219.349,746.292,425.802,528.110
571.643,975.709,498.385,798.057,219.265,746.460,425.749,527.932
571.515,975.477,498.442,798.072,219.349,746.446,425.956,527.856
571.943,975.762,498.196,798.095,219.460,746.541,425.918,528.036
571.828,974.563,498.431,798.098,219.470,746.420,425.728,528.030
571.685,975.664,498.206,798.155,219.390,746.391,425.699,528.197
571.829,976.170,498.242,798.166,219.168,746.283,425.746,528.153
571.867,975.849,498.275,798.191,219.421,746.427,425.726,528.411
571.969,976.360,498.334,798.217,219.205,746.327,425.805,528.106
571.658,975.810,498.212,798.137,219.231,746.401,425.758,528.131
571.994,976.430,498.432,798.017,219.214,746.473,425.849,527.726
571.892,976.366,498.401,798.121,219.250,746.403,425.843,528.016
571.818,976.148,498.380,798.078,219.129,746.615,425.804,528.149
571.883,976.348,498.269,798.247,219.017,746.461,425.725,527.950
571.822,976.584,498.321,798.253,219.022,746.253,425.925,527.834
572.181,976.070,498.275,798.259,219.021,746.266,425.687,528.022
572.275,976.585,498.324,798.161,219.066,746.088,425.688,527.978
571.935,976.622,498.347,798.210,218.900,746.413,425.871,527.920
571.835,976.270,498.319,798.170,219.120,746.371,425.805,528.187
571.975,976.107,498.378,798.255,219.179,746.199,425.862,527.937
572.250,975.475,498.380,798.205,219.086,746.026,425.948,527.928
572.058,976.348,498.400,798.176,219.105,746.429,426.130,527.769
572.033,976.153,498.295,798.142,219.194,746.430,426.022,527.545
571.993,976.162,498.329,798.130,219.244,746.467,425.908,527.520
572.163,976.368,498.423,798.094,218.910,746.160,426.087,527.398
571.966,976.350,498.477,798.125,219.081,746.323,425.762,527.829
572.095,977.074,498.374,798.173,219.158,746.066,425.714,528.008
572.168,976.668,498.414,798.141,219.142,746.061,425.450,528.201
572.450,975.995,498.435,798.206,219.183,746.230,425.411,528.267
572.123,977.310,498.290,798.293,219.181,746.346,425.729,527.567
571.923,976.820,498.244,798.322,219.026,746.066,425.956,527.323
571.810,976.473,498.428,798.241,219.057,746.017,425.821,527.755
571.770,976.283,498.444,798.209,219.121,746.304,426.122,527.058
572.024,976.566,498.531,798.138,219.120,746.485,425.987,527.385
571.951,977.029,498.265,798.270,219.031,746.063,426.042,527.231
572.058,977.096,498.286,798.209,218.926,745.999,426.191,526.794
572.311,977.382,498.041,798.388,219.078,746.291,426.500,526.297
571.964,976.904,498.163,798.386,219.047,746.259,426.273,526.799
571.550,976.385,498.197,798.379,219.100,746.419,426.255,526.966
571.379,976.294,498.326,798.170,219.111,746.441,426.369,526.798
571.772,977.081,498.339,798.151,219.086,746.532,426.441,526.712
571.747,977.340,498.192,798.255,219.231,746.533,426.052,527.336
571.869,976.920,498.267,798.183,219.253,746.589,426.201,526.968
571.954,976.958,498.134,798.341,219.099,746.339,425.974,527.425
572.322,977.288,498.188,798.211,219.138,746.458,426.150,526.510
572.259,977.374,498.293,798.237,219.279,746.541,425.226,528.711
571.777,976.742,498.240,798.148,219.287,746.746,425.627,528.457
571.668,977.095,498.341,798.138,219.035,746.564,425.389,528.431
571.668,976.775,498.430,798.035,219.184,746.637,425.597,528.083
571.185,976.036,498.429,798.011,219.100,746.337,425.706,527.884
571.433,976.010,498.421,798.111,219.101,746.235,426.226,527.120
571.707,976.970,498.336,798.142,219.243,746.468,426.149,527.367
571.624,976.935,498.373,798.164,219.169,746.383,425.841,527.359
571.627,977.076,498.308,798.125,219.176,746.403,425.870,527.317
571.362,977.022,498.368,798.138,219.080,746.186,425.554,527.530
571.640,977.145,498.365,798.204,219.118,746.235,425.842,526.912
571.907,976.690,498.326,798.089,219.049,746.200,425.863,526.961
571.730,976.816,498.447,798.168,219.135,746.385,426.089,526.519
571.514,975.999,498.449,798.153,219.064,746.427,425.700,526.408
571.768,976.634,498.420,798.040,219.073,746.468,425.696,526.645
571.738,977.012,498.181,798.081,219.541,746.964,425.331,527.196
571.560,976.513,498.409,798.142,219.518,747.286,425.839,527.305
571.347,975.328,498.362,797.930,219.490,747.282,425.130,528.661
571.230,975.733,498.220,798.201,219.152,746.399,424.320,529.628
572.029,977.664,498.144,798.358,219.078,746.447,424.285,529.314
572.126,977.365,498.051,798.327,219.327,746.439,424.163,530.283
571.941,977.165,498.218,798.341,219.335,746.509,424.260,530.183
572.149,977.063,498.341,798.023,219.174,746.198,423.898,531.333
572.512,977.624,498.173,798.105,219.259,746.106,423.926,531.083
572.081,977.093,498.275,798.154,219.266,746.067,423.462,532.196
572.293,977.639,498.301,798.174,219.169,746.099,423.429,532.304
572.148,978.328,498.165,798.176,219.095,746.322,422.953,533.117
571.978,976.972,498.243,798.167,219.045,746.098,422.840,533.155
572.123,978.156,498.288,798.232,219.159,746.266,422.639,533.258
572.267,978.122,498.331,798.140,219.159,745.913,422.711,533.121
572.134,976.488,498.296,798.101,219.117,746.286,422.660,533.166
572.056,977.021,498.181,798.156,219.198,745.944,422.662,534.069
572.136,978.113,498.371,798.172,219.029,746.124,423.149,533.810
571.842,977.033,498.210,797.958,219.140,746.199,422.993,533.993
571.749,977.039,498.232,798.192,219.140,746.524,422.913,534.109
572.052,978.325,498.132,798.422,219.153,746.175,423.010,534.635
571.969,977.652,498.289,798.166,219.231,746.467,422.565,535.201
572.081,977.660,498.231,797.945,219.144,746.200,422.558,535.299
572.042,979.076,498.329,798.100,219.234,746.417,423.111,534.166
572.006,977.684,498.248,798.113,219.121,746.351,423.674,533.155
571.939,978.255,498.284,798.065,219.144,746.333,424.479,530.976
572.242,978.878,498.202,798.038,219.204,746.034,421.024,541.414
572.268,978.073,498.149,798.012,219.397,746.256,421.578,539.664
571.954,977.118,498.261,798.074,219.249,746.317,420.954,539.607
572.074,977.887,498.261,798.032,219.084,746.332,420.433,539.711
572.411,978.557,497.973,798.219,219.170,746.281,420.270,540.466
572.176,978.831,498.186,798.070,219.115,746.133,420.234,539.763
571.917,977.482,498.162,798.098,219.044,746.006,420.610,539.391
572.204,978.717,498.286,798.088,219.305,746.005,420.464,539.382
572.268,979.367,498.232,798.200,219.183,746.259,420.154,539.507
571.764,977.491,498.239,798.232,219.156,746.249,420.548,539.104
572.038,978.383,498.183,798.261,219.139,746.414,420.567,539.475
572.369,978.903,498.265,798.160,219.158,746.292,420.636,540.465
572.338,979.292,498.288,798.102,219.032,746.129,420.490,540.230
572.031,978.646,498.290,798.303,219.304,746.364,420.264,540.519
572.312,979.277,498.263,798.133,219.193,746.356,420.419,541.141
572.353,978.465,498.267,798.146,219.188,746.489,420.460,541.594
572.038,977.805,498.173,798.165,219.190,746.424,418.311,542.403
571.756,977.426,498.255,798.167,219.104,746.291,417.193,543.931
572.334,979.661,498.236,798.267,219.151,746.396,416.091,546.007
572.405,979.538,498.127,798.376,219.147,746.400,415.465,546.048
571.955,978.255,498.200,798.225,219.051,746.345,415.067,546.889
571.893,977.763,498.178,798.393,219.106,746.448,415.306,547.223
572.186,978.413,498.027,798.371,219.289,746.651,415.315,548.126
572.392,979.170,498.067,798.428,219.248,746.645,415.274,547.281
573.058,979.473,498.317,798.117,219.124,745.930,415.285,548.427
572.808,979.365,498.251,798.072,219.187,746.288,415.401,547.404
572.359,978.659,498.279,797.949,219.012,746.118,415.460,548.705
572.279,978.769,498.244,798.079,219.161,746.526,415.483,548.899
572.732,977.935,498.348,798.147,219.315,746.490,413.405,549.438
572.708,978.235,498.357,798.130,219.137,746.451,414.153,549.058
572.394,977.619,498.259,798.260,219.125,746.316,414.781,548.729
572.292,978.154,498.345,798.202,219.008,746.148,414.799,550.603
572.735,978.774,498.263,798.161,219.031,746.139,415.121,551.172
572.391,978.099,498.252,798.192,219.172,746.320,414.828,552.606
571.522,977.751,498.177,798.263,219.222,746.423,414.629,552.161
572.441,979.525,498.087,798.378,219.180,746.464,414.238,552.065
572.210,979.717,498.120,798.408,219.111,746.600,413.891,552.734
572.306,979.090,498.157,798.300,219.211,746.256,413.461,554.060
571.924,977.821,498.244,798.207,219.139,746.197,413.879,554.237
572.384,979.311,498.257,798.201,219.402,746.293,413.826,554.649
572.930,978.463,498.187,798.169,219.219,746.330,413.700,555.221
572.362,977.500,498.285,798.137,219.427,746.266,413.551,555.318
571.801,979.220,498.115,798.226,219.161,746.116,413.328,556.858
572.169,978.292,498.425,797.883,219.220,746.628,413.308,557.573
572.619,979.076,498.206,798.054,219.173,746.464,412.595,558.258
572.215,978.524,498.258,798.192,219.310,746.608,411.035,559.436
572.624,979.660,498.175,798.172,218.962,746.094,410.499,559.924
573.013,978.917,498.195,798.023,219.234,746.184,411.513,560.354
572.341,978.923,498.187,798.287,219.368,746.242,410.295,561.864
572.242,979.145,498.245,798.102,219.285,746.227,408.939,562.899
572.533,978.376,498.176,798.063,219.267,746.539,409.555,561.767
572.647,979.069,498.255,798.077,219.340,746.397,410.038,561.791
572.058,979.152,498.188,798.115,219.243,746.335,410.478,561.022
572.532,979.275,498.239,798.079,219.099,746.031,410.240,561.974
572.520,978.881,498.248,798.184,219.312,746.709,410.315,562.113
572.357,978.041,498.342,798.080,219.212,746.311,410.365,561.458
572.670,980.300,498.295,798.048,219.175,746.374,410.643,561.371
573.125,980.708,498.278,797.956,219.319,746.371,410.350,561.678
573.109,979.358,498.286,798.029,219.277,746.529,410.034,561.309
573.130,978.603,498.267,797.951,219.237,746.516,410.399,561.934
572.566,978.632,498.327,798.017,219.501,746.418,409.727,563.161
572.868,979.979,498.283,798.153,219.144,745.971,409.657,563.161
573.100,979.788,498.323,798.079,219.230,746.001,409.725,563.014
572.958,979.170,498.373,798.024,219.162,746.025,409.715,563.233
572.721,978.675,498.400,797.944,219.066,746.039,410.096,563.370
573.156,980.336,498.279,797.918,219.074,745.880,410.337,563.266
573.487,980.140,498.277,797.942,219.220,746.471,409.619,563.631
573.253,979.380,498.215,798.258,219.270,746.561,409.943,562.720
573.305,978.350,498.249,798.161,219.276,746.020,409.954,562.740
573.100,980.203,498.270,798.104,219.206,746.006,410.556,561.714
573.271,979.170,498.528,797.984,219.291,746.362,410.012,563.321
573.360,979.800,498.406,798.031,219.260,746.075,409.995,563.204
573.328,979.289,498.235,798.114,219.384,746.234,409.890,563.336
572.960,980.097,498.206,798.261,219.106,746.292,409.939,563.297
573.290,979.766,498.314,797.918,219.456,745.788,409.927,563.292
573.104,978.391,498.186,798.010,219.584,746.410,410.244,562.936
572.937,979.100,498.385,797.936,219.454,746.403,410.216,562.853
573.058,979.663,498.329,798.085,219.595,746.606,409.997,563.020
572.986,980.356,498.342,797.998,219.268,746.257,409.882,563.270
572.588,980.120,498.278,797.981,219.431,746.108,409.811,563.383
573.029,980.428,498.208,798.084,219.367,746.550,410.020,563.005
573.415,979.417,498.217,798.114,219.100,746.124,409.787,562.938
574.565,978.993,498.262,798.084,219.183,746.300,409.912,562.850
573.244,978.073,498.158,797.893,219.480,746.665,410.377,563.022
572.604,977.776,498.280,797.983,219.287,746.414,410.443,563.111
573.283,980.228,498.177,798.096,219.410,746.125,409.030,563.997
573.544,979.567,498.312,798.008,219.468,746.376,408.388,563.365
573.218,978.488,498.147,798.021,219.394,746.402,409.922,561.079
572.852,978.681,498.310,797.918,219.263,746.148,409.973,560.445
572.655,979.139,498.231,798.264,219.267,746.443,410.753,560.575
573.212,980.747,498.264,798.171,219.302,746.238,410.052,560.461
573.547,980.333,498.296,798.061,219.168,746.405,409.250,560.144
573.518,979.299,498.092,798.272,219.064,746.118,409.383,559.958
573.133,977.941,498.280,797.995,219.348,746.528,409.676,559.756
573.689,980.461,498.395,798.001,219.415,746.659,409.370,559.879
573.499,979.285,498.433,797.938,219.309,746.573,409.678,559.595
573.652,978.232,498.206,797.965,219.280,746.614,409.492,559.626
573.318,978.491,498.364,797.928,219.312,746.660,409.336,559.349
573.073,979.676,498.315,798.036,219.153,746.148,409.385,559.593
573.143,979.097,498.309,798.081,219.194,746.364,409.504,559.615
573.929,978.518,498.383,798.024,219.128,746.109,409.051,560.044
573.978,979.418,498.450,797.934,219.222,746.015,409.170,559.271
573.206,978.979,498.306,797.901,219.228,745.780,409.124,559.382
572.964,979.774,498.404,797.824,219.229,746.127,409.177,559.427
572.509,978.073,498.171,798.101,219.488,746.262,409.100,559.906
572.960,977.204,498.376,797.978,219.524,746.585,409.217,559.278
573.967,979.251,498.353,798.026,219.607,746.844,409.462,559.214
572.357,977.904,498.390,798.037,219.217,746.505,409.606,558.950
572.298,979.286,498.353,798.066,219.172,746.435,409.530,558.886
572.869,978.808,498.379,798.056,219.202,746.180,409.982,558.956
573.718,980.637,498.383,797.984,219.199,745.886,409.822,558.653
573.374,980.603,498.304,798.108,219.477,746.286,409.789,558.320
572.938,978.595,498.144,798.178,218.976,746.267,410.283,558.054
572.390,977.325,498.138,798.233,219.179,746.332,410.310,557.727
572.918,979.365,498.179,798.229,219.124,745.987,410.122,558.186
572.891,979.771,498.417,797.981,219.328,746.120,409.620,559.236
572.059,978.470,498.231,797.993,219.278,746.300,408.883,559.294
571.880,977.695,498.067,798.132,219.111,746.221,409.463,558.669
572.090,978.835,498.175,798.315,219.269,746.128,409.411,558.640
572.421,979.179,498.221,798.299,219.277,746.378,410.040,558.745
572.298,979.223,498.351,798.235,219.145,746.038,409.826,558.451
571.599,978.508,498.321,798.178,219.212,746.313,409.579,558.804
571.213,978.317,498.176,798.073,219.247,745.960,409.768,558.977
571.766,977.812,498.273,798.051,219.423,745.991,409.676,559.529
571.917,978.565,498.447,797.994,219.349,746.014,410.295,558.960
571.741,978.669,498.395,798.002,219.340,746.033,409.787,559.054
571.670,979.235,498.354,797.963,219.212,746.325,409.754,558.839
571.795,979.077,498.298,797.962,219.235,746.185,409.768,558.544
571.457,978.630,498.326,798.084,219.448,746.289,409.622,558.911
571.899,978.067,498.404,798.032,219.509,746.184,409.717,558.923
572.047,978.724,498.276,798.053,219.091,745.866,409.517,559.208
571.376,978.597,498.287,797.938,219.093,746.364,409.549,559.660
571.277,977.478,498.448,798.139,219.196,746.697,409.447,560.327
571.242,977.008,498.218,797.990,219.230,746.247,408.817,559.759
571.243,976.685,498.215,798.213,219.172,746.013,409.288,559.510
571.954,976.886,498.263,798.025,219.248,746.234,409.357,559.559
571.648,976.062,498.340,797.982,219.230,746.395,409.383,559.062
571.380,975.406,498.239,798.160,219.167,746.282,409.456,559.483
571.411,975.965,498.147,798.164,219.143,746.129,409.198,560.228
571.508,976.044,498.296,798.121,219.234,745.974,408.801,560.815
571.454,976.326,498.388,798.056,219.097,745.769,408.313,560.982
571.359,976.844,498.432,798.090,219.156,746.051,408.448,560.940
571.556,976.992,498.224,797.980,219.185,746.100,409.025,560.487
571.752,976.723,498.284,798.056,218.996,746.097,409.261,560.090
572.056,976.752,498.187,798.226,219.156,746.360,410.170,559.594
571.970,976.731,498.322,797.998,219.093,746.207,410.651,559.816
572.197,976.381,498.393,798.104,219.231,746.181,410.734,559.211
572.344,976.379,498.337,798.057,219.293,746.210,410.658,559.819
572.526,976.070,498.299,798.049,219.291,746.072,409.369,560.569
572.488,976.453,498.191,798.247,219.172,746.197,409.541,560.357
572.385,976.364,498.195,797.967,219.124,746.219,410.258,559.860
572.255,975.981,498.359,797.930,219.239,746.328,410.451,559.852
572.188,976.699,498.238,797.978,219.273,746.239,411.041,559.545
572.175,976.800,498.181,798.070,219.338,746.514,410.632,560.164
572.383,976.626,498.200,797.952,219.278,746.101,410.634,560.339
572.329,976.505,498.157,797.845,219.252,746.156,410.561,561.404
572.328,976.444,498.071,798.042,219.658,746.079,410.351,561.683
572.427,976.433,498.098,798.066,219.456,746.780,410.073,561.097
572.474,976.491,498.300,798.029,219.498,746.374,410.305,560.795
572.355,976.588,498.208,798.274,219.178,745.947,410.505,560.880
572.250,976.470,498.153,798.389,219.063,745.890,410.250,560.297
572.226,976.452,498.303,798.099,219.224,746.360,410.552,561.619
572.209,976.426,498.232,798.237,219.270,746.346,409.392,561.502
572.300,975.573,498.306,797.931,219.143,745.945,409.122,561.904
572.284,975.996,498.362,797.988,219.143,746.004,409.886,560.457
572.130,976.276,498.234,797.993,219.131,745.958,410.148,560.122
572.238,975.954,498.389,798.116,219.096,745.913,410.402,560.733
572.281,976.215,498.249,798.052,219.289,746.149,410.761,560.219
572.230,976.008,498.310,798.043,219.230,746.202,410.585,560.602
572.583,975.425,498.445,797.995,219.194,746.209,410.141,561.665
572.408,976.082,498.248,798.195,219.206,746.155,409.497,562.432
572.451,976.246,498.058,798.092,219.288,746.837,409.478,562.029
572.243,976.415,498.276,797.977,219.109,745.947,409.682,561.818
572.437,976.356,498.305,798.021,219.086,746.060,410.512,561.958
572.527,976.200,498.377,797.966,219.219,745.994,410.957,560.438
572.387,975.787,498.302,798.114,219.212,746.465,410.642,560.583
572.349,976.832,498.409,798.000,219.213,745.991,410.596,560.748
572.879,976.223,498.446,797.973,219.136,746.058,411.308,559.824
573.395,975.789,498.243,798.039,219.294,746.642,410.982,560.528
573.214,975.657,498.271,798.034,219.214,746.333,409.425,560.987
572.430,975.093,498.245,798.071,219.314,746.641,410.169,560.913
571.853,974.913,498.384,798.017,219.332,746.565,409.973,561.840
571.957,974.631,498.271,797.999,219.408,746.481,408.894,562.618
572.981,975.138,498.157,798.045,219.324,746.487,409.089,561.990
572.603,974.685,498.235,798.133,219.362,746.454,409.618,561.385
572.846,975.120,498.365,798.005,219.274,746.454,410.240,561.741
572.940,974.540,498.336,798.104,219.314,746.340,410.224,560.914
572.845,974.009,498.274,798.051,219.244,746.295,409.313,562.121
573.303,974.795,498.392,798.073,219.289,746.270,408.604,562.692
573.262,975.099,498.094,798.105,219.096,746.129,407.705,563.318
572.844,975.105,498.165,798.004,219.180,746.365,408.672,561.904
572.304,974.263,498.313,798.128,219.239,746.428,409.683,560.654
572.773,974.876,498.290,798.118,219.329,746.368,410.118,559.991
573.159,975.202,498.263,798.056,219.387,746.319,410.288,561.266
572.909,975.385,498.224,798.076,219.390,746.352,410.351,561.896
572.441,974.258,498.226,798.112,219.294,746.387,409.684,561.481
572.679,974.837,498.291,798.075,219.463,746.179,409.117,560.922
572.923,975.210,498.095,798.115,219.317,746.225,408.788,561.516
572.779,975.814,498.172,798.195,219.216,746.228,408.390,561.822
572.602,975.031,497.996,798.357,219.541,746.227,409.391,561.743
572.394,975.128,498.367,798.055,219.261,746.382,408.742,561.696
572.170,975.693,498.321,797.956,219.157,746.213,408.408,561.604
572.232,976.072,498.203,798.066,219.126,746.306,408.907,561.608
571.955,975.588,498.204,798.108,219.251,746.355,408.278,561.228
572.599,975.879,498.268,797.952,219.355,746.447,409.463,561.519
572.183,976.756,498.335,797.935,219.515,746.192,409.011,561.089
572.222,977.168,498.352,798.088,219.267,746.185,409.295,561.407
572.445,977.434,498.450,797.998,219.173,746.369,409.599,562.157
572.069,976.764,498.250,798.015,219.103,746.222,409.230,561.938
571.978,977.230,498.307,798.045,219.119,746.018,410.003,561.815
572.258,976.911,498.254,798.394,219.230,746.092,409.293,562.190
572.164,975.749,498.323,798.166,219.295,746.011,408.635,561.374
572.167,975.107,498.236,798.116,219.253,746.304,409.454,560.973
572.269,975.623,498.206,798.181,219.205,746.238,410.713,560.263
572.221,976.206,498.153,798.136,219.092,746.127,410.416,561.401
572.094,976.521,498.330,798.020,219.290,746.614,409.455,562.763
571.940,976.239,498.244,798.040,219.250,746.481,408.267,562.056
571.968,976.165,498.356,797.974,219.169,745.903,408.944,561.529
572.000,976.200,498.367,798.056,219.154,746.108,409.749,561.278
571.904,976.752,498.212,798.006,219.276,745.939,410.637,560.167
571.858,976.659,498.327,798.095,219.275,746.030,410.742,561.469
571.823,976.351,498.285,798.044,219.190,746.122,409.444,561.273
572.102,976.967,498.257,798.093,219.275,746.240,409.120,561.030
572.245,976.605,498.194,798.102,219.436,746.257,408.939,560.310
572.385,976.395,498.452,798.049,219.186,746.171,409.303,560.159
572.303,977.255,498.417,798.003,219.155,745.953,409.942,560.909
572.327,977.280,498.292,798.110,219.260,746.397,408.638,561.341
572.234,976.709,498.215,798.013,219.278,746.321,409.126,559.196
572.343,976.733,498.202,798.021,219.235,746.112,409.727,558.759
572.159,976.097,498.235,797.888,219.262,746.083,408.975,560.308
572.096,976.551,498.374,797.991,219.232,746.011,407.746,560.389
572.247,976.678,498.366,798.096,219.221,745.947,407.532,561.331
572.233,976.368,498.365,798.165,219.381,746.098,406.697,561.299
572.307,975.798,498.420,798.033,219.449,746.184,407.177,561.561
572.240,975.582,498.202,798.163,219.398,746.646,408.280,560.571
572.034,975.300,498.266,798.019,219.308,746.366,408.507,559.685
572.044,975.157,498.304,798.011,219.251,746.351,408.815,561.125
572.239,976.079,498.241,798.131,219.322,746.101,410.727,558.225
572.095,975.700,498.338,798.219,219.255,746.138,408.688,559.292
572.276,976.070,498.506,797.945,219.311,746.359,407.915,561.244
572.162,976.141,498.551,797.920,219.286,746.288,408.332,559.949
572.116,976.197,498.407,798.155,219.449,746.101,404.795,563.433
572.077,976.381,498.515,798.157,219.298,746.012,405.556,562.301
572.101,975.776,498.381,798.112,219.370,746.259,406.662,562.634
572.070,975.750,498.337,798.140,219.261,745.900,407.621,562.453
572.092,975.968,498.253,798.152,219.451,746.133,409.115,562.508
571.866,975.992,498.226,798.086,219.462,746.270,410.523,562.084
571.592,974.047,498.164,798.171,219.398,746.048,409.340,562.564
571.665,975.128,498.160,798.300,219.254,746.228,409.600,562.397
571.103,975.117,498.282,798.216,219.420,746.089,409.794,562.253
568.659,974.363,498.184,798.257,219.430,746.662,410.096,562.346
568.251,973.353,498.176,798.208,219.491,746.361,409.652,562.491
567.717,972.722,498.171,798.372,219.512,746.006,409.957,561.355
566.462,971.842,498.129,798.335,219.483,746.231,410.660,560.664
565.791,971.103,498.267,798.257,219.084,745.838,409.102,562.083
565.691,970.949,498.206,798.393,219.400,746.044,408.987,562.220
565.627,971.046,498.290,798.114,219.504,746.145,407.604,562.651
565.244,970.673,498.220,798.145,219.397,745.972,407.796,562.965
562.974,969.876,498.405,798.106,219.470,746.056,408.086,562.892
561.262,968.952,498.397,798.154,219.579,746.113,407.194,563.579
560.990,968.883,498.254,798.361,219.466,745.865,408.188,563.301
560.678,968.495,498.088,798.365,219.662,746.208,408.233,563.178
560.740,969.670,498.206,798.341,219.358,746.307,408.503,563.040
560.819,971.025,498.361,798.327,219.398,746.312,408.971,562.755
560.096,971.198,498.348,798.245,219.472,746.196,409.386,562.713
560.127,970.933,498.256,798.234,219.295,746.130,409.017,563.327
560.828,970.825,498.204,798.370,219.406,746.051,408.379,564.217
561.072,970.320,498.301,798.076,219.266,745.957,408.686,564.028
561.273,969.727,498.286,798.123,219.414,746.286,408.070,565.468
560.500,969.713,498.303,798.226,219.197,745.439,408.056,565.749
560.112,969.432,498.338,798.250,219.355,745.690,407.890,566.020
560.006,969.128,498.242,798.196,219.295,745.890,407.910,566.126
559.922,968.821,498.210,798.271,219.382,746.170,407.924,566.116
560.178,969.109,498.369,798.403,219.412,746.189,407.931,566.116
560.110,968.837,498.305,798.282,219.400,746.209,407.934,566.253
560.009,968.979,498.358,798.326,219.567,746.547,407.678,566.613
559.979,968.715,498.466,798.201,219.657,746.559,408.081,566.074
560.002,968.780,498.418,798.271,219.565,746.289,408.405,565.772
561.136,968.614,498.369,798.228,219.446,746.488,408.564,565.682
561.009,968.523,498.498,798.233,219.828,746.487,408.854,565.413
560.895,968.571,498.464,798.131,219.565,746.332,408.552,565.878
560.776,968.617,498.431,798.175,219.605,746.069,408.533,565.075
560.878,968.520,498.408,798.217,219.386,746.404,408.580,565.919
560.994,968.412,498.457,798.247,219.379,746.403,408.543,565.215
561.125,967.452,498.333,798.310,219.259,746.158,408.744,564.989
561.191,967.265,498.224,798.223,219.462,746.305,409.094,564.792
561.006,967.230,498.289,798.263,219.257,746.165,407.969,565.851
561.049,966.835,498.531,798.063,219.206,746.092,408.057,565.760
561.143,968.162,498.520,798.224,219.234,746.398,409.021,564.879
561.257,967.847,498.473,798.203,219.259,746.138,408.545,566.163
561.023,967.515,498.472,798.208,219.281,746.232,408.696,565.714
561.012,966.136,498.459,798.157,219.355,746.463,408.885,565.050
560.808,965.457,498.527,798.131,219.391,746.568,408.807,565.058
561.163,966.744,498.278,798.260,219.519,746.545,408.875,564.964
561.653,966.548,498.333,798.183,219.525,746.669,408.984,564.919
561.572,966.209,498.381,798.229,219.528,746.280,408.496,565.747
561.546,965.847,498.363,798.387,219.438,746.166,408.762,565.613
561.499,966.566,498.404,798.195,219.257,746.289,408.540,566.119
561.443,966.299,498.406,798.246,219.490,746.421,408.821,565.625
561.551,967.144,498.466,798.265,219.307,746.161,409.422,564.497
561.450,967.343,498.463,798.196,219.286,746.239,408.788,565.720
561.580,967.636,498.340,798.359,219.305,746.208,409.242,565.349
561.679,969.307,498.356,798.319,219.386,746.413,408.760,565.988
561.440,969.163,498.329,798.310,219.348,746.346,408.346,565.975
561.146,968.803,498.125,798.485,219.438,746.171,408.152,566.347
561.378,969.194,498.186,798.395,219.392,746.233,408.158,566.292
561.252,968.885,498.174,798.397,219.519,746.284,407.947,565.805
561.134,969.026,498.220,798.387,219.380,746.089,408.282,565.999
560.837,969.288,498.261,798.436,219.558,746.214,407.510,565.959
559.858,968.964,498.255,798.457,219.582,746.228,408.075,565.878
559.395,969.273,498.280,798.473,219.344,746.295,407.429,565.772
560.082,969.516,498.116,798.535,219.454,746.495,408.504,565.204
560.307,969.884,498.116,798.522,219.579,746.851,408.310,565.141
560.402,970.113,498.174,798.421,219.500,746.321,408.533,565.457
560.785,970.074,498.205,798.433,219.403,746.309,408.658,565.095
560.076,969.673,498.177,798.611,219.262,745.786,408.556,565.537
560.239,969.945,498.178,798.459,219.360,746.125,408.545,565.571
560.168,969.953,498.372,798.302,219.340,745.973,408.234,565.650
560.056,970.223,498.339,798.394,219.311,745.918,408.401,565.962
560.370,970.340,498.335,798.271,219.389,746.308,409.318,564.829
560.519,969.943,498.366,798.203,219.313,746.012,409.290,564.947
560.890,970.183,498.344,798.163,219.222,746.180,409.329,565.089
560.862,970.603,498.327,798.182,219.281,746.128,408.998,565.514
560.861,970.486,498.232,798.417,219.341,746.147,408.962,565.089
560.812,970.371,498.273,798.319,219.440,746.321,409.083,565.146
560.739,970.505,498.076,798.611,219.353,746.382,408.764,564.468
560.783,970.338,498.114,798.400,219.448,746.742,408.649,564.509
561.032,970.661,498.091,798.522,219.445,746.553,408.942,564.853
560.915,970.482,498.160,798.522,219.363,746.372,409.550,564.609
560.842,970.541,498.294,798.449,219.424,746.337,409.273,565.303
560.912,970.811,498.179,798.424,219.438,746.272,409.705,564.353
560.956,970.671,498.243,798.420,219.447,746.541,409.907,564.226
560.718,970.717,498.353,798.460,219.496,746.514,409.764,565.797
560.791,970.591,498.227,798.425,219.461,746.549,409.769,566.543
560.882,970.606,498.386,798.454,219.429,746.385,409.429,566.150
560.878,970.554,498.402,798.384,219.389,746.424,409.593,566.038
560.732,970.605,498.265,798.481,219.444,746.246,409.125,566.000
561.011,970.962,498.254,798.442,219.290,746.314,408.634,565.322
560.859,970.574,498.302,798.488,219.460,746.312,408.949,565.691
561.167,970.711,498.320,798.384,219.442,746.214,408.620,565.864
561.160,970.976,498.383,798.240,219.748,746.711,409.508,565.010
561.211,970.983,498.442,798.178,219.550,746.432,407.985,566.802
561.014,970.924,498.307,798.237,219.550,746.487,407.864,567.862
561.185,970.799,498.175,798.431,219.465,746.370,408.446,567.300
560.888,971.008,498.257,798.439,219.480,746.321,409.628,565.866
561.194,971.116,498.206,798.589,219.660,746.252,410.267,565.750
561.250,971.276,498.200,798.516,219.556,746.273,410.437,565.100
561.120,971.182,498.403,798.448,219.555,746.356,409.983,565.227
561.495,971.268,498.344,798.465,219.527,746.261,409.908,565.465
561.129,971.546,498.258,798.470,219.502,746.439,409.755,565.425
561.129,971.545,498.221,798.476,219.454,746.220,410.374,564.591
561.156,971.080,498.210,798.490,219.288,746.195,410.317,564.425
561.092,971.125,498.294,798.414,219.267,746.145,409.827,564.647
561.153,971.024,498.146,798.269,219.414,746.640,409.160,564.867
561.209,971.239,498.271,798.555,219.329,746.186,409.005,566.041
561.168,971.152,498.327,798.432,219.349,746.365,408.756,566.376
561.013,971.148,498.371,798.411,219.759,746.845,409.171,565.542
561.055,970.968,498.316,798.322,219.595,746.407,408.744,566.405
561.057,971.454,498.232,798.492,219.571,746.828,408.814,566.176
561.147,971.400,498.288,798.413,219.497,746.734,408.843,566.151
561.104,970.968,498.201,798.504,219.396,746.387,409.574,564.435
561.441,971.050,498.309,798.474,219.438,746.470,407.980,566.719
561.529,970.615,498.412,798.339,219.512,746.589,408.634,566.623
560.838,970.479,498.180,798.324,219.397,746.578,408.863,566.296
559.915,969.815,498.190,798.566,219.290,746.186,409.622,564.757
559.258,968.910,498.108,798.505,219.404,746.337,409.620,564.378
559.160,969.458,498.328,798.409,219.399,746.630,409.740,564.451
559.182,969.606,498.385,798.444,219.341,746.351,409.169,566.354
558.505,969.411,498.275,798.556,219.397,746.578,408.486,566.797
557.505,969.495,498.416,798.216,219.367,746.305,408.382,566.741
555.472,969.115,498.437,798.253,219.219,745.994,408.408,567.090
555.461,969.306,498.391,798.181,219.356,746.252,408.802,566.751
555.531,968.988,498.467,798.276,219.292,746.154,408.331,567.003
555.297,968.876,498.533,798.235,219.206,745.978,408.974,567.037
555.521,969.084,498.468,798.273,219.196,745.852,408.625,566.604
555.585,969.439,498.413,798.379,219.479,746.305,408.410,566.991
555.668,969.617,498.353,798.579,219.263,745.716,409.203,566.536
555.526,969.462,498.263,798.535,219.441,745.909,409.746,564.972
555.151,969.909,498.320,798.316,219.457,745.929,408.972,565.727
554.906,968.901,498.383,798.321,219.548,746.391,409.228,565.801
554.409,967.654,498.265,798.449,219.476,746.277,408.669,567.168
552.799,965.982,498.254,798.570,219.378,746.016,408.747,567.144
549.184,964.872,498.231,798.642,219.371,746.013,408.698,567.258
548.717,964.178,498.038,798.695,219.377,746.191,407.728,567.580
548.204,964.219,498.186,798.449,219.409,746.121,409.404,565.181
547.483,965.162,498.203,798.462,219.355,746.147,409.289,565.570
546.322,966.408,498.264,798.352,219.274,746.292,408.804,567.097
545.995,966.288,498.116,798.493,219.437,746.574,409.256,566.902
545.539,967.836,498.118,798.480,219.319,746.254,408.696,566.750
545.234,968.322,498.245,798.415,219.731,746.529,409.088,566.532
545.309,968.573,498.295,798.350,219.635,746.250,408.962,567.441
545.130,968.732,498.133,798.515,219.573,746.330,409.050,567.652
545.513,968.480,498.310,798.415,219.556,746.151,408.626,567.317
545.802,969.344,498.347,798.438,219.546,746.321,408.903,567.711
545.863,969.541,498.278,798.490,219.514,746.233,409.238,566.911
545.723,970.258,498.122,798.523,219.459,746.210,409.805,566.265
545.291,969.808,498.250,798.310,219.545,746.442,410.562,566.615
545.282,970.349,498.224,798.411,219.502,746.000,410.611,565.712
545.225,969.634,498.368,798.462,219.191,746.124,411.045,565.130
546.180,969.860,498.475,798.520,219.369,745.891,411.189,565.220
546.682,969.830,498.416,798.446,219.316,745.919,411.040,565.828
546.243,969.495,498.358,798.541,219.466,746.137,411.604,565.014
546.212,969.586,498.466,798.466,219.541,746.316,412.022,565.365
546.189,969.724,498.063,798.523,219.545,745.955,412.512,564.471
546.272,969.758,498.084,798.664,219.542,746.056,412.342,565.416
546.282,969.278,498.198,798.681,219.554,746.027,412.186,566.187
545.871,969.273,498.153,798.723,219.696,746.220,411.681,565.969
546.226,969.741,498.209,798.573,219.764,746.158,411.997,565.587
546.096,969.236,498.228,798.592,219.450,746.172,412.241,564.362
546.032,968.899,498.149,798.627,219.449,746.434,411.899,564.105
545.902,969.348,498.264,798.647,219.539,746.407,411.867,564.886
545.567,969.282,498.180,798.544,219.530,746.520,411.884,565.186
545.600,968.877,498.090,798.691,219.474,746.301,411.882,564.545
546.131,969.700,498.222,798.570,219.496,746.326,412.361,564.073
546.494,970.115,498.344,798.549,219.445,746.301,412.141,564.509
545.989,969.912,498.350,798.492,219.372,746.080,412.208,564.336
546.170,969.402,498.191,798.550,219.310,746.369,411.995,564.756
545.909,969.171,498.185,798.597,219.431,746.164,411.849,564.875
546.507,970.357,498.415,798.331,219.598,746.727,411.844,565.275
545.799,969.646,498.432,798.321,219.797,746.581,411.894,565.179
545.918,969.122,498.449,798.403,219.306,746.533,411.465,565.789
545.860,969.619,498.243,798.576,219.348,746.562,410.187,565.383
546.877,970.844,498.426,798.470,219.447,746.613,410.220,564.828
546.025,969.549,498.401,798.454,219.695,746.567,410.875,564.601
545.915,969.428,498.323,798.489,219.550,746.500,411.543,564.488
546.110,969.833,498.250,798.449,219.581,746.345,411.750,564.559
546.552,970.743,498.305,798.333,219.517,746.265,410.323,565.120
546.088,970.411,498.300,798.514,219.457,746.231,409.721,565.043
545.877,969.464,498.167,798.652,219.415,746.159,410.230,564.827
546.250,970.377,498.169,798.676,219.434,746.195,410.739,564.522
546.584,971.010,498.327,798.410,219.391,746.299,410.802,564.276
545.935,970.639,498.067,798.558,219.580,745.817,410.895,564.212
545.907,970.211,498.110,798.696,219.509,745.366,410.605,564.311
546.062,970.360,498.090,798.734,219.350,745.399,409.608,565.037
546.461,970.807,498.245,798.637,219.753,746.152,409.887,564.652
546.034,970.750,498.259,798.625,219.784,746.322,410.381,564.441
545.865,970.642,498.349,798.596,219.647,745.987,410.422,564.021
546.648,971.037,498.201,798.610,219.434,746.099,410.520,564.338
546.693,971.666,498.182,798.558,219.458,746.204,410.631,565.239
546.185,971.440,498.353,798.658,219.412,746.161,410.280,564.840
545.893,970.560,498.448,798.542,219.529,745.636,410.593,563.312
546.093,970.733,498.400,798.557,219.562,746.271,411.417,563.497
546.049,970.799,498.245,798.683,219.652,746.307,411.449,563.611
546.361,970.715,498.212,798.612,219.559,746.337,410.616,564.187
546.649,971.402,498.330,798.560,219.611,746.337,409.766,565.156
546.499,971.550,498.311,798.580,219.578,746.266,410.099,564.941
546.365,971.763,498.261,798.559,219.637,746.230,410.455,564.123
546.269,972.406,498.203,798.576,219.822,746.620,410.815,563.827
546.054,971.163,498.411,798.361,219.885,746.611,410.527,563.742
546.151,971.482,498.322,798.475,219.655,746.608,409.857,564.533
546.527,971.714,498.378,798.466,219.847,746.516,408.727,565.880
546.621,972.140,498.238,798.625,219.612,746.729,409.669,564.789
546.569,971.492,498.438,798.568,219.525,746.400,409.786,565.296
546.802,971.699,498.364,798.635,219.557,745.859,410.262,564.507
546.704,972.293,498.359,798.537,219.621,745.865,410.306,564.639
546.560,972.268,498.258,798.628,219.463,746.546,409.704,564.915
546.667,972.755,498.289,798.776,219.339,746.463,409.172,565.408
546.848,972.854,498.153,798.738,219.412,746.625,409.978,564.659
546.997,973.122,498.228,798.532,219.516,746.669,410.293,564.525
546.929,972.772,498.232,798.603,219.471,746.385,410.632,563.844
546.732,972.384,498.115,798.696,219.471,746.560,410.375,564.599
546.797,972.347,498.248,798.845,219.485,746.528,410.314,564.670
546.845,972.822,498.311,798.620,219.554,746.429,409.806,565.128
546.983,972.276,498.332,798.805,219.540,746.802,409.744,565.190
546.885,972.542,498.411,798.505,219.732,746.199,410.006,566.405
546.870,972.306,498.430,798.468,219.773,746.447,410.498,564.464
546.607,972.490,498.418,798.505,219.389,745.692,410.947,563.152
546.366,972.636,498.522,798.393,219.560,746.223,410.515,563.972
546.623,972.608,498.344,798.580,219.424,746.187,410.782,564.447
546.543,972.881,498.356,798.699,219.545,746.207,410.189,565.701
546.723,972.850,498.327,798.652,219.413,746.162,409.058,566.416
546.862,973.070,498.224,798.693,219.667,746.153,408.864,565.902
546.846,973.043,498.325,798.649,219.427,745.922,409.063,566.102
546.625,972.974,498.450,798.475,219.218,745.792,409.572,565.543
546.565,972.522,498.419,798.525,219.296,745.982,409.720,565.113
546.520,972.909,498.377,798.587,219.600,746.191,408.636,566.061
546.999,973.587,498.375,798.579,219.482,745.933,408.725,565.811
547.418,973.662,498.285,798.590,219.554,745.695,409.125,565.599
547.289,973.886,498.102,798.685,219.537,746.068,409.477,564.625
547.286,974.078,498.284,798.552,219.457,746.176,409.232,565.861
547.664,974.077,498.390,798.516,219.677,746.087,408.547,566.712
546.568,973.607,498.270,798.561,219.493,746.062,408.416,566.490
546.651,972.207,498.499,798.495,219.701,746.345,409.126,565.648
547.006,973.039,498.562,798.277,219.717,746.254,409.675,564.915
547.396,973.477,498.349,798.632,219.641,746.748,409.431,565.416
546.375,972.417,498.167,798.808,219.602,746.488,408.596,566.202
546.686,972.934,498.487,798.489,219.540,746.425,408.206,566.140
547.008,973.445,498.425,798.500,219.502,746.608,408.782,565.828
546.834,972.845,498.315,798.580,219.416,746.061,409.726,565.106
546.888,972.019,498.224,798.628,219.350,746.116,410.067,564.902
547.020,973.126,498.340,798.599,219.418,746.401,409.517,565.457
546.660,973.012,498.323,798.627,219.724,746.950,407.543,567.401
546.551,972.652,498.257,798.637,219.517,745.932,407.561,567.205
546.488,972.452,498.314,798.659,219.576,746.195,409.646,565.379
546.919,973.539,498.484,798.376,219.393,746.074,410.889,563.470
546.759,973.663,498.411,798.476,219.644,745.763,410.083,567.291
546.868,973.773,498.555,798.327,219.664,745.904,410.110,566.715
547.081,973.615,498.371,798.734,219.454,746.116,409.987,566.645
547.010,974.485,498.363,798.805,219.370,746.006,409.470,566.740
546.738,974.444,498.471,798.579,219.487,746.411,409.781,567.138
546.714,974.028,498.340,798.732,219.569,745.995,409.821,566.190
546.903,974.315,498.263,798.638,219.740,746.396,410.127,566.263
546.953,974.184,498.474,798.657,219.785,746.305,410.506,565.775
546.715,974.474,498.484,798.560,219.514,746.353,409.754,566.065
546.900,974.748,498.387,798.652,219.490,746.432,408.225,565.516
547.106,975.234,498.441,798.657,219.435,746.084,408.168,566.789
546.751,974.891,498.403,798.618,219.531,746.145,408.296,564.441
546.947,974.856,498.374,798.461,219.558,745.978,409.502,564.898
547.051,975.177,498.157,798.579,219.551,746.169,409.489,564.811
547.352,975.739,498.446,798.565,219.559,746.453,410.008,566.486
546.869,975.265,498.593,798.545,219.617,746.432,408.850,567.193
546.289,974.243,498.419,798.566,219.526,746.285,409.056,566.779
546.956,973.914,498.249,798.624,219.457,746.135,410.013,565.594
546.561,974.261,498.332,798.535,219.307,746.150,409.945,565.919
546.733,973.559,498.429,798.504,219.335,746.141,409.837,565.636
546.480,973.817,498.423,798.553,219.322,746.234,410.845,565.961
546.845,974.414,498.433,798.665,219.719,746.111,409.388,566.376
546.611,974.349,498.405,798.671,219.707,746.023,408.335,564.756
546.604,974.413,498.365,798.746,219.660,746.434,408.889,563.921
547.092,974.930,498.487,798.601,219.747,746.159,409.547,565.008
546.809,975.306,498.446,798.460,219.753,746.638,409.239,565.500
546.578,974.793,498.473,798.468,219.577,745.769,408.093,566.567
546.528,974.733,498.314,798.553,219.703,746.654,408.332,566.218
546.330,974.684,498.579,798.475,219.827,746.663,408.269,564.779
546.189,974.534,498.321,798.488,219.865,746.602,409.218,564.450
546.527,974.660,498.447,798.473,219.947,746.124,408.008,565.370
546.469,974.881,498.425,798.468,219.816,746.181,409.966,563.630
546.784,975.287,498.580,798.574,219.633,746.224,409.480,563.483
546.994,975.370,498.351,798.616,219.771,746.096,409.266,562.471
546.779,975.117,498.353,798.693,219.831,746.426,409.073,564.303
546.858,975.169,498.385,798.710,219.817,746.230,409.953,563.514
547.491,976.325,498.356,798.687,219.625,746.350,410.867,561.804
547.541,976.274,498.401,798.605,219.341,746.156,410.709,563.777
547.262,975.796,498.361,798.707,219.394,746.211,409.885,562.024
547.192,975.467,498.486,798.575,219.361,746.060,408.067,562.455
547.058,975.025,498.294,798.624,219.534,746.796,407.448,564.237
547.005,974.760,498.339,798.592,219.582,746.286,408.060,564.194
547.140,974.997,498.375,798.661,219.620,746.225,407.566,564.552
547.170,975.047,498.355,798.596,219.421,746.121,410.089,563.023
547.367,975.692,498.270,798.685,219.380,745.921,408.448,564.244
546.859,974.736,498.360,798.730,219.284,746.029,407.062,565.817
546.952,975.200,498.264,798.620,219.605,746.020,407.378,565.994
547.035,974.946,498.408,798.475,219.369,745.990,407.524,566.368
547.026,975.179,498.335,798.596,219.451,746.089,406.484,566.351
547.520,976.059,498.336,798.708,219.706,746.528,407.804,563.486
547.123,975.911,498.324,798.584,219.649,746.309,407.118,564.177
547.358,975.898,498.365,798.506,219.549,746.450,406.482,564.337
547.218,975.651,498.269,798.601,219.347,746.429,406.716,563.906
547.336,975.767,498.344,798.535,219.655,746.407,406.977,562.702
547.060,975.460,498.362,798.563,219.365,746.393,406.532,563.917
547.990,976.139,498.286,798.594,219.556,746.290,407.898,562.939
547.644,975.864,498.384,798.446,219.451,746.716,408.470,563.903
547.907,976.015,498.330,798.517,219.336,746.417,407.283,562.867
547.211,974.751,498.324,798.526,219.460,746.512,410.224,561.404
547.604,975.331,498.194,798.629,219.478,746.512,408.234,561.033
547.488,975.692,498.047,798.845,219.496,746.730,408.178,562.128
547.337,975.451,498.163,798.783,219.332,746.441,407.072,564.455
547.810,975.631,498.179,798.845,219.392,746.332,408.136,563.059
547.299,975.242,498.186,798.831,219.488,746.419,408.038,563.624
547.338,975.139,498.417,798.662,219.404,746.152,409.894,563.848
547.435,975.195,498.333,798.609,219.417,746.459,409.612,564.588
547.712,975.449,498.417,798.628,219.382,746.055,410.266,565.097
547.392,975.588,498.418,798.620,219.568,746.217,408.225,567.576
547.570,975.305,498.555,798.578,219.465,746.447,406.750,568.293
547.631,975.680,498.359,798.628,219.288,746.166,404.713,567.906
547.857,976.726,498.535,798.598,219.297,746.260,404.561,567.352
547.245,975.247,498.449,798.588,219.502,746.560,406.946,566.763
547.422,975.381,498.379,798.661,219.449,746.392,407.083,566.729
547.274,975.917,498.212,798.543,219.284,746.148,408.908,567.461
547.113,975.808,498.481,798.383,219.428,746.372,407.593,568.220
547.107,976.182,498.482,798.487,219.451,746.644,408.196,567.601
547.621,977.158,498.454,798.423,219.358,746.453,408.026,566.944
547.495,977.138,498.303,798.635,219.472,746.630,409.000,566.052
546.822,976.070,498.162,798.752,219.480,746.565,409.092,565.938
547.331,976.961,498.223,798.719,219.420,746.340,407.922,566.616
547.461,977.441,498.241,798.567,219.533,746.377,407.651,567.108
547.673,977.288,498.255,798.732,219.501,746.322,407.693,567.420
547.750,977.603,498.310,798.494,219.610,746.230,407.506,567.691
547.341,977.145,498.115,798.794,219.667,746.169,408.043,567.279
547.432,977.484,498.225,798.680,219.344,746.170,407.692,567.652
547.071,977.542,498.420,798.535,219.496,746.500,407.701,567.584
547.282,977.204,498.360,798.803,219.585,746.201,407.965,567.641
547.190,977.279,498.325,798.762,219.499,746.240,407.962,567.785
547.265,978.317,498.289,798.752,219.417,746.065,408.113,568.003
546.996,977.652,498.258,798.638,219.496,746.120,408.279,567.908
546.934,976.024,498.271,799.062,219.265,746.215,408.269,568.421
547.660,977.467,498.349,798.737,219.331,746.232,408.328,568.183
548.088,976.813,498.531,798.499,219.360,746.302,408.545,568.221
548.336,976.330,498.534,798.725,219.371,746.277,408.844,567.780
547.385,975.212,498.353,798.878,219.291,746.170,408.972,567.845
546.927,974.797,498.289,798.702,219.381,746.402,409.079,567.987
547.017,975.178,498.209,798.762,219.368,746.493,409.138,567.807
547.085,975.938,498.234,798.734,219.539,746.647,408.751,568.204
547.543,975.344,498.338,798.564,219.589,746.747,408.750,568.071
547.017,975.124,498.308,798.611,219.586,746.635,409.074,567.700
547.777,974.864,498.203,798.659,219.298,746.255,408.865,567.850
547.508,973.825,498.252,798.548,219.340,746.292,408.949,568.078
547.270,974.423,498.363,798.538,219.539,746.168,408.976,567.991
547.578,974.870,498.241,798.719,219.708,746.566,409.680,567.365
547.409,975.472,498.333,798.584,219.605,746.532,409.902,567.516
547.769,974.771,498.449,798.515,219.336,746.213,409.834,567.337
547.214,974.029,498.316,798.582,219.234,746.588,409.753,567.260
547.834,974.658,498.341,798.452,219.378,746.850,409.557,567.247
548.131,974.978,498.335,798.507,219.385,746.194,409.328,567.224
548.818,976.411,498.182,798.555,219.383,746.490,408.935,567.522
549.611,976.806,498.289,798.713,219.605,746.431,409.278,567.150
549.126,977.544,498.331,798.543,219.504,746.089,408.961,567.533
548.081,977.009,498.426,798.486,219.483,746.321,409.006,567.420
549.801,978.508,498.353,798.589,219.628,746.227,408.883,567.397
549.581,979.174,498.336,798.541,219.542,746.311,408.738,567.533
548.682,979.159,498.443,798.391,219.514,746.226,408.783,567.707
548.052,978.490,498.341,798.524,219.436,746.440,409.199,567.076
548.360,979.348,498.483,798.353,219.510,746.569,409.805,566.795
548.339,979.597,498.394,798.444,219.491,746.329,408.692,568.224
548.519,980.555,498.340,798.450,219.622,746.302,409.469,567.514
548.504,980.996,498.294,798.544,219.711,746.291,408.594,568.046
548.262,980.971,498.301,798.645,219.662,746.756,407.697,567.905
548.226,980.216,498.307,798.615,219.537,746.876,408.102,568.360
548.333,982.115,498.309,798.574,219.511,746.492,408.294,568.029
548.085,982.813,498.498,798.410,219.616,746.242,407.702,568.083
547.761,982.085,498.260,798.500,219.672,746.702,407.589,568.076
548.149,982.630,498.103,798.752,219.626,746.443,408.062,568.472
548.800,983.317,498.275,798.772,219.458,746.415,407.769,568.935
548.932,983.684,498.164,798.779,219.718,747.086,407.823,569.072
548.745,983.359,498.310,798.640,219.319,746.397,407.638,568.342
548.197,982.885,498.403,798.569,219.488,746.821,408.599,568.380
548.574,982.530,498.450,798.636,219.513,746.705,408.993,568.802
549.081,981.822,498.463,798.602,219.507,746.658,408.455,568.710
549.059,982.618,498.385,798.701,219.556,746.693,409.129,568.647
549.065,982.736,498.326,798.659,219.510,746.387,409.458,568.532
549.727,983.256,498.448,798.674,219.440,746.489,409.014,568.828
549.177,982.852,498.544,798.457,219.396,746.513,409.163,569.068
548.809,982.880,498.574,798.367,219.505,746.618,409.150,568.842
549.057,983.347,498.274,798.577,219.344,746.573,408.833,569.086
549.055,983.603,498.260,798.619,219.328,746.544,409.412,568.587
548.764,982.881,498.482,798.436,219.242,746.344,409.017,569.029
549.392,983.099,498.568,798.604,219.249,746.327,409.330,568.622
550.212,983.296,498.425,798.617,219.519,746.788,409.188,568.767
549.541,982.683,498.236,798.760,219.507,746.559,409.226,568.710
549.817,983.942,498.329,798.619,219.415,745.539,409.168,569.051
550.373,984.360,498.287,798.790,219.510,746.579,409.152,568.884
549.957,984.022,498.375,798.817,219.531,745.857,409.424,568.333
550.038,983.824,498.471,799.060,219.045,745.879,409.577,568.994
550.261,984.070,498.444,799.368,218.835,746.277,409.895,568.951
550.234,984.134,498.420,798.745,218.709,746.113,410.404,568.546
550.401,983.310,498.419,798.602,218.883,746.187,410.986,567.873
549.644,983.054,498.586,798.636,218.825,745.924,410.909,567.351
550.257,983.869,498.422,798.701,218.827,746.151,410.956,567.551
550.356,983.739,498.445,798.793,218.922,746.459,411.000,567.823
550.070,983.064,498.425,798.843,218.967,746.246,410.907,567.707
549.613,982.802,498.427,798.811,219.018,746.600,410.716,567.350
550.388,983.745,498.520,798.749,218.864,746.305,410.768,567.560
550.851,983.449,498.543,798.770,218.886,746.008,411.018,567.679
549.721,983.518,498.565,798.720,218.956,746.326,411.002,567.252
549.600,982.961,498.706,798.766,218.837,746.204,410.929,568.346
550.351,983.482,498.607,798.666,218.900,746.258,411.226,567.235
550.210,983.936,498.488,798.804,218.854,746.252,411.240,567.132
550.190,983.775,498.499,799.041,218.816,746.045,411.132,567.236
549.798,983.218,498.462,798.825,218.815,745.882,411.146,567.332
550.012,984.109,498.580,798.587,218.837,746.077,411.418,567.282
550.044,983.261,498.486,798.733,218.866,746.180,411.445,567.383
549.810,983.507,498.453,798.543,218.858,746.449,411.385,567.214
549.160,983.522,498.386,798.664,218.894,746.207,411.308,567.219
549.288,983.066,498.479,798.815,219.141,746.381,411.397,567.225
549.130,982.918,498.305,798.821,219.075,746.470,411.206,566.233
550.078,983.257,498.482,798.813,218.820,746.073,411.228,567.522
548.871,980.434,498.627,798.619,218.840,746.368,411.352,567.304
548.267,979.214,498.485,798.774,218.851,746.672,411.203,566.156
548.319,979.206,498.654,798.728,218.658,746.337,411.446,567.113
548.474,978.762,498.585,798.805,219.048,746.996,411.547,567.386
548.883,979.391,498.498,798.827,219.302,748.251,411.321,568.119
548.881,978.614,498.561,798.845,219.213,747.815,411.637,566.708
549.086,979.689,498.510,798.694,219.412,748.016,412.114,566.715
548.382,978.239,498.479,798.758,219.478,748.066,411.939,568.211
548.029,977.596,498.593,798.640,219.540,748.398,412.247,567.455
547.971,977.662,498.459,798.763,219.889,749.567,412.391,567.740
547.757,977.861,498.569,798.949,219.275,747.701,412.440,567.496
547.682,978.293,498.587,798.884,219.042,747.498,412.359,567.838
547.754,978.550,498.585,798.704,219.060,747.153,412.281,567.850
547.853,977.482,498.501,798.852,219.201,747.562,412.318,567.541
548.669,979.395,498.561,798.762,219.020,747.335,412.397,567.714
548.607,979.286,498.492,798.728,218.830,746.993,412.087,568.591
548.486,979.260,498.268,798.927,218.736,746.855,412.109,568.402
548.879,979.751,498.332,798.941,218.850,746.914,411.968,568.188
549.112,980.373,498.299,798.980,219.325,747.326,412.242,568.215
549.143,980.142,498.272,799.003,219.579,747.968,412.352,568.771
548.924,978.948,498.267,798.925,219.305,747.556,412.183,568.959
548.740,979.336,498.484,798.774,219.506,747.913,412.447,569.232
548.657,978.808,498.531,798.719,219.582,748.232,412.176,569.589
548.286,977.834,498.360,798.879,219.775,748.285,412.857,569.215
548.282,978.257,498.365,798.864,219.530,747.885,412.096,568.950
548.235,978.267,498.353,798.793,219.217,747.404,411.859,568.711
548.474,978.556,498.429,798.843,219.547,747.691,412.065,568.942
548.326,978.606,498.440,798.822,219.413,747.711,411.650,568.789
548.838,979.968,498.526,798.837,219.445,747.582,410.743,569.283
548.827,979.303,498.504,798.866,219.194,747.327,410.978,569.102
549.075,980.093,498.407,798.827,219.230,747.513,411.012,569.588
549.036,979.866,498.523,798.880,219.144,747.234,410.654,568.757
549.154,979.804,498.535,798.716,219.397,747.636,410.991,569.319
549.206,980.155,498.535,798.546,219.044,747.118,411.216,568.377
549.320,980.056,498.538,798.752,219.454,747.537,411.071,568.388
549.209,979.640,498.549,798.744,219.334,747.180,411.562,568.980
549.229,979.954,498.374,798.883,219.632,747.529,411.640,568.488
548.859,979.019,498.541,798.828,219.290,747.216,411.524,568.145
549.006,979.074,498.567,798.822,219.299,747.906,410.461,569.268
549.408,980.008,498.599,798.715,219.787,747.850,410.499,568.822
549.258,979.592,498.690,798.732,219.606,747.504,410.336,569.805
549.598,979.981,498.595,798.682,219.447,747.651,410.183,569.876
549.334,979.682,498.613,798.822,219.429,747.680,410.445,569.433
549.244,980.053,498.516,798.929,219.495,747.779,410.609,568.151
549.401,979.882,498.314,799.010,219.259,747.225,411.037,568.076
549.310,979.630,498.552,798.754,219.311,747.318,410.935,567.866
549.604,979.923,498.501,798.815,219.440,748.015,411.341,569.329
549.511,979.796,498.354,798.788,219.350,747.325,410.997,569.237
549.794,980.645,498.196,798.863,219.382,747.505,409.971,569.469
549.781,979.958,498.583,798.762,219.417,747.419,410.011,569.303
550.277,980.154,498.382,798.954,219.212,747.369,410.652,568.561
550.288,980.321,498.429,798.969,219.372,747.156,410.382,568.383
550.347,980.280,498.341,798.846,219.197,746.873,410.963,567.466
550.533,980.115,498.176,798.964,219.133,746.569,410.688,567.653
550.707,979.390,498.264,798.921,219.459,747.253,409.825,569.131
550.037,979.701,498.167,798.981,219.538,747.432,409.895,569.138
550.110,980.240,498.377,798.816,219.196,746.528,410.597,568.794
550.201,979.073,498.446,798.768,219.000,746.149,410.371,568.201
550.625,978.096,498.489,798.731,219.111,746.511,411.107,568.752
550.785,979.030,498.511,798.662,219.189,746.339,410.925,567.724
550.779,979.559,498.491,798.764,218.880,746.168,410.460,568.383
550.555,979.663,498.581,798.701,218.918,746.428,410.446,569.565
549.633,978.380,498.422,798.812,219.142,747.012,409.703,569.940
550.096,977.049,498.497,798.703,219.461,747.463,409.929,569.394
551.026,979.139,498.513,798.944,219.295,747.239,410.321,568.650
551.089,979.385,498.688,798.952,219.642,746.925,410.175,567.970
550.563,979.274,498.392,799.091,219.145,746.480,410.074,568.788
550.560,978.151,498.486,799.065,218.969,746.777,409.757,569.817
550.271,977.667,498.564,799.038,218.946,746.506,410.004,569.720
550.825,978.992,498.513,798.768,219.039,746.693,410.047,568.966
551.362,979.030,498.527,798.729,219.445,747.091,410.287,568.700
551.116,978.441,498.419,799.006,219.502,747.244,410.771,567.889
551.866,979.981,498.367,798.977,218.951,746.379,411.168,569.016
551.749,980.234,498.594,798.711,219.102,746.963,411.841,569.971
551.180,979.130,498.546,798.725,218.984,746.968,411.917,568.384
550.876,979.105,498.456,798.781,219.324,747.073,412.178,568.879
551.297,980.016,498.526,798.648,219.464,747.781,412.621,567.400
551.124,980.287,498.419,798.737,219.120,746.701,411.861,567.655
551.419,980.797,498.430,798.742,219.090,746.566,411.601,568.193
551.229,979.424,498.572,798.788,219.102,746.909,410.499,570.326
551.082,980.753,498.350,798.870,219.164,746.849,409.801,570.661
551.657,980.709,498.475,798.837,219.169,746.834,410.620,569.908
550.829,979.515,498.592,798.649,219.221,746.756,411.670,569.620
551.001,979.716,498.362,798.754,219.527,747.323,411.816,570.065
551.120,979.396,498.640,798.595,218.989,746.198,412.145,569.969
551.170,980.480,498.547,798.644,219.202,746.852,410.883,569.511
551.427,980.193,498.422,798.653,219.413,747.275,410.861,569.296
551.869,980.477,498.562,798.560,219.219,746.721,411.079,570.671
552.176,980.236,498.580,798.608,219.329,746.940,410.302,570.139
550.541,977.519,498.562,798.742,219.150,746.400,409.831,569.664
551.192,978.972,498.513,798.570,219.413,747.160,410.011,569.127
551.299,980.304,498.555,798.966,218.939,746.241,410.305,569.112
550.159,980.732,498.595,798.677,219.355,746.863,409.490,569.069
550.243,979.116,498.275,798.916,219.260,746.646,409.448,569.846
549.312,978.036,498.636,798.815,219.091,746.361,410.311,569.986
549.964,979.195,498.506,798.765,219.178,746.624,411.358,569.782
549.552,979.559,498.458,798.783,219.271,746.887,410.015,570.727
549.644,981.002,498.227,798.895,219.397,747.070,411.454,569.740
549.832,981.339,498.339,798.943,218.871,746.168,412.473,569.460
549.171,978.253,498.472,798.707,218.859,745.995,412.184,569.890
549.609,978.405,498.502,798.810,218.984,745.933,409.761,568.612
549.213,978.870,498.574,798.755,218.921,746.428,409.383,569.696
548.956,979.797,498.443,798.711,218.983,746.375,409.488,570.481
548.685,979.848,498.460,798.838,218.978,746.714,409.511,570.128
548.873,979.515,498.530,798.779,218.989,746.823,409.811,570.013
548.828,978.301,498.339,798.930,219.062,746.951,410.225,570.535
549.132,979.313,498.336,798.782,219.153,746.772,410.815,570.228
548.828,978.847,498.343,798.870,219.040,746.673,409.718,573.232
548.414,979.184,498.294,798.831,219.078,746.667,410.333,571.274
549.066,980.146,498.308,798.828,219.078,746.637,410.462,571.690
548.620,979.807,498.458,798.800,218.776,746.458,411.415,570.484
549.002,979.486,498.483,798.857,219.003,746.667,411.461,571.574
549.656,980.221,498.489,798.863,218.944,746.384,412.197,570.937
549.640,979.391,498.463,798.827,219.103,746.414,413.125,571.973
550.039,980.416,498.498,798.700,219.135,746.725,412.955,571.889
550.153,980.367,498.504,798.693,219.027,746.237,412.734,572.031
550.566,980.616,498.428,798.819,219.139,746.374,411.377,571.724
550.498,980.516,498.227,798.861,219.115,746.396,411.118,570.602
550.528,980.438,498.363,798.832,219.035,746.762,411.330,571.031
550.646,980.630,498.336,798.753,219.089,746.316,411.613,570.412
550.060,980.080,498.373,798.776,219.232,746.460,411.539,570.899
549.765,979.987,498.179,798.889,219.313,746.654,410.906,571.018
549.869,980.065,498.273,798.811,219.309,746.678,411.818,571.217
549.886,979.774,498.338,798.817,219.140,746.239,411.766,571.349
549.733,979.909,498.364,798.772,219.216,746.375,413.146,570.807
549.571,979.506,498.214,798.837,219.624,747.419,412.131,572.668
549.452,979.413,498.464,798.677,219.651,747.561,412.250,573.572
549.669,979.860,498.273,798.872,219.308,747.198,413.432,571.781
549.318,979.251,498.512,798.751,219.557,747.578,412.903,573.313
549.519,979.651,498.325,798.884,219.296,746.914,413.279,573.160
549.581,979.527,498.352,798.836,218.936,746.726,412.962,574.030
549.512,979.357,498.549,798.752,219.273,747.144,413.467,574.440
549.487,979.747,498.566,798.739,219.443,747.267,413.617,573.214
549.566,979.997,498.485,798.799,219.462,747.220,413.620,573.301
549.828,980.009,498.523,798.739,219.586,747.240,413.100,572.997
549.655,979.959,498.609,798.737,219.563,747.116,413.018,572.099
549.679,979.808,498.577,798.899,219.429,747.161,413.639,572.070
549.651,979.519,498.599,798.779,219.476,747.228,412.837,571.418
549.710,979.811,498.535,798.812,219.391,746.913,412.770,569.707
549.583,978.865,498.530,798.883,219.138,746.931,413.594,571.850
549.447,977.989,498.530,798.804,219.505,747.138,412.376,571.649
549.557,978.966,498.381,798.860,219.462,746.966,411.719,572.498
549.761,978.457,498.351,798.889,219.230,747.037,412.329,573.353
549.785,975.727,498.486,798.776,219.395,747.294,412.872,572.522
549.430,974.682,498.241,798.910,219.092,746.658,412.816,572.148
549.533,974.432,498.473,798.819,219.610,746.997,412.465,574.123
549.253,973.821,498.623,798.702,219.204,746.714,415.173,573.515
549.370,974.088,498.391,798.911,219.428,746.952,412.270,575.914
549.272,973.830,498.564,798.652,219.456,747.221,410.096,576.017
549.393,974.103,498.446,798.767,219.285,746.829,408.355,575.186
549.377,973.936,498.387,798.822,219.506,747.168,408.421,574.326
549.651,973.921,498.405,798.885,219.019,746.746,411.568,573.065
550.047,974.305,498.442,798.834,219.164,746.613,411.679,572.876
550.163,974.568,498.515,798.708,219.238,746.503,411.628,572.760
549.738,973.479,498.325,798.772,219.306,746.859,411.674,573.550
550.519,974.894,498.544,798.793,218.807,746.147,411.561,573.556
550.161,974.467,498.421,798.872,219.184,746.784,411.403,573.055
550.155,974.363,498.362,798.839,219.893,748.533,411.155,573.401
550.109,974.353,498.474,798.730,219.702,747.912,410.988,573.556
550.333,973.895,498.443,798.725,219.833,748.448,410.774,573.729
549.997,973.877,498.417,798.830,220.028,748.866,410.686,573.788
549.557,973.150,498.417,798.928,219.615,748.079,410.207,574.372
549.434,972.832,498.547,798.803,219.583,747.938,410.163,574.470
549.486,972.834,498.461,798.879,220.080,748.903,409.699,574.738
549.587,973.008,498.549,798.870,219.661,748.367,409.718,574.013
549.568,972.939,498.485,798.775,219.475,747.835,410.527,574.328
549.472,972.835,498.437,798.824,219.689,748.176,409.017,574.658
549.722,973.641,498.597,798.800,219.421,748.884,410.018,574.224
549.841,973.751,498.370,798.770,219.161,747.248,410.112,574.029
549.807,973.476,498.429,798.790,219.485,748.323,409.416,574.155
549.900,973.811,498.490,798.763,219.573,748.819,409.887,574.081
549.996,973.886,498.524,798.806,219.648,748.648,409.806,573.970
549.827,973.674,498.465,798.825,219.917,749.463,409.868,574.200
549.965,973.663,498.533,798.731,218.834,746.648,409.878,574.126
549.908,973.367,498.500,798.703,218.876,747.002,410.043,573.995
549.685,972.641,498.452,798.913,218.581,746.640,408.575,573.725
549.588,972.502,498.502,798.811,218.145,745.770,410.095,573.698
549.477,972.726,498.604,798.724,219.287,748.006,410.345,573.732
549.471,973.216,498.605,798.761,218.791,747.008,410.346,574.048
549.444,973.089,498.500,798.905,218.379,745.402,410.181,574.431
549.508,972.795,498.599,798.823,219.246,747.695,410.157,574.311
549.910,973.415,498.510,798.826,219.378,748.362,410.372,573.899
549.512,972.576,498.532,798.864,219.375,748.030,410.291,574.289
549.481,972.788,498.520,798.838,218.647,745.656,409.718,574.498
549.669,973.168,498.584,798.671,218.510,745.214,409.983,574.111
549.749,973.159,498.569,798.711,219.026,746.756,409.853,574.430
550.059,973.764,498.629,798.710,218.878,745.892,410.222,574.172
550.035,973.704,498.637,798.624,218.819,745.736,409.958,574.302
549.905,973.402,498.523,798.618,219.046,746.019,409.713,574.294
549.961,973.497,498.413,798.743,218.879,745.862,409.112,574.292
549.955,973.530,498.574,798.623,219.025,746.457,410.730,573.429
549.670,972.902,498.470,798.697,218.745,745.540,410.580,573.122
549.942,973.293,498.444,798.707,218.824,746.083,410.264,574.451
549.545,972.663,498.482,798.736,218.654,745.688,410.451,573.946
549.898,973.231,498.601,798.936,218.797,745.406,410.725,573.566
549.791,972.990,498.612,798.546,218.614,745.399,410.451,573.881
549.877,973.345,498.561,798.599,218.985,745.746,410.169,573.979
549.891,973.425,498.588,798.526,219.651,747.455,410.082,574.443
549.649,973.007,498.625,798.636,218.898,745.833,410.358,574.363
549.538,972.581,498.762,798.729,219.252,746.542,410.780,574.067
549.602,972.506,498.677,798.697,218.968,746.402,410.056,573.865
549.631,973.029,498.607,798.564,218.659,745.691,410.837,574.024
549.830,973.275,498.745,798.582,218.464,745.223,411.254,573.827
549.864,973.006,498.563,798.800,219.110,746.335,410.926,573.250
549.820,973.144,498.541,798.814,218.655,745.753,410.822,573.773
550.012,973.294,498.724,798.729,218.963,746.122,411.510,573.170
549.869,973.035,498.484,798.848,219.066,746.377,411.036,573.374
549.868,973.048,498.391,798.803,219.133,746.042,410.796,573.298
549.774,973.008,498.603,798.945,219.247,746.203,410.761,573.478
549.751,972.936,498.498,799.016,219.066,745.910,410.853,573.480
549.928,973.232,498.551,798.797,219.108,746.118,410.662,573.913
549.926,973.008,498.508,798.788,218.825,745.620,410.787,573.625
549.760,972.863,498.420,798.673,218.940,745.599,410.798,573.324
549.777,972.975,498.404,798.757,219.039,745.426,410.937,573.220
549.877,973.084,498.684,798.701,218.757,745.391,411.319,572.830
549.796,973.116,498.229,798.945,218.664,745.336,411.034,573.687
549.812,973.052,498.588,798.696,218.914,745.337,410.869,573.347
549.990,973.015,498.398,798.849,219.405,746.189,410.975,573.579
549.898,973.058,498.353,798.795,218.960,746.099,410.299,573.391
549.964,973.000,498.535,798.798,219.142,746.272,410.530,573.736
549.905,972.793,498.536,798.795,218.926,745.716,409.923,574.111
549.423,971.956,498.465,798.797,218.940,745.474,410.061,574.299
549.792,972.870,498.422,798.854,219.153,745.771,410.010,574.356
549.762,972.895,498.494,798.854,219.072,746.010,410.671,574.002
549.834,973.047,498.570,798.753,218.883,745.850,409.866,573.650
549.756,972.725,498.576,798.659,219.299,745.832,409.920,573.895
549.756,972.828,498.677,798.721,219.648,746.846,409.258,574.577
549.826,972.919,498.570,798.810,219.127,746.205,409.210,573.988
549.958,973.072,498.173,798.919,219.444,746.503,409.425,574.654
550.038,973.163,498.416,798.710,219.570,746.834,409.383,575.347
549.912,973.008,498.435,798.716,219.596,746.751,409.445,574.984
549.921,973.004,498.714,798.737,218.889,745.594,409.554,575.148
549.949,973.083,498.633,798.742,218.961,745.743,408.442,573.970
549.791,972.916,498.583,798.777,218.895,745.719,409.493,575.069
549.495,972.027,498.591,798.710,219.107,745.968,409.466,574.807
549.420,971.834,498.454,798.794,219.077,745.942,408.742,574.976
549.960,973.080,498.536,798.709,219.153,746.315,408.269,574.711
549.979,973.001,498.491,798.753,219.049,746.283,408.788,575.777
549.715,972.389,498.618,798.662,219.232,746.747,409.364,575.208
549.998,972.986,498.533,798.778,219.998,748.442,409.388,575.119
550.088,973.252,498.443,798.773,219.989,748.720,409.919,575.056
549.995,973.130,498.480,798.927,219.726,747.928,409.960,574.789
549.546,972.130,498.527,798.849,219.476,747.807,409.746,574.227
549.678,972.134,498.440,798.822,219.552,748.030,410.111,574.132
550.051,972.718,498.488,798.755,220.016,748.727,409.686,574.336
549.725,972.330,498.584,798.829,219.329,747.226,409.739,574.000
549.947,972.724,498.668,798.742,219.174,746.716,409.927,573.860
549.965,972.887,498.704,798.630,219.505,747.231,410.707,574.885
549.961,973.086,498.766,798.500,219.313,747.128,410.702,574.568
550.108,973.288,498.585,798.699,219.444,747.010,410.447,574.335
550.073,973.247,498.524,798.798,219.945,748.145,409.962,574.454
550.023,972.895,498.813,798.366,219.282,746.983,409.611,574.295
549.957,972.998,498.684,798.606,218.881,746.030,408.797,574.663
550.052,973.230,498.979,798.721,219.367,747.096,408.780,574.255
549.932,973.255,499.020,798.772,219.506,747.449,409.120,571.406
550.036,973.146,498.843,798.722,219.826,747.648,407.985,572.712
550.133,973.268,498.925,798.586,219.632,747.918,407.808,573.002
549.987,972.937,499.119,798.703,219.313,747.183,408.214,572.611
549.993,972.951,498.888,798.633,219.132,746.867,409.244,572.059
549.897,973.046,499.022,798.684,219.438,747.214,408.534,573.077
549.795,972.592,498.857,798.644,219.462,747.128,409.145,571.667
549.643,972.187,499.055,798.615,219.094,746.386,409.435,570.817
550.064,973.112,498.867,798.693,218.843,746.076,409.212,570.514
549.952,972.865,498.835,798.679,219.670,747.408,409.509,570.887
550.133,973.137,498.696,798.657,219.536,747.311,408.413,572.943
550.085,973.031,498.781,798.643,219.152,746.255,408.542,572.493
550.195,973.212,498.877,798.746,219.451,746.895,408.409,572.957
550.183,973.135,499.049,798.861,219.090,746.313,407.625,572.721
550.067,973.101,498.873,798.931,218.635,744.938,408.072,572.018
550.125,973.132,498.961,799.027,219.408,746.471,408.810,571.542
550.072,973.152,498.838,799.432,219.304,746.904,408.688,572.553
549.908,973.004,498.799,799.779,219.026,746.189,408.100,572.920
550.099,973.013,498.651,799.903,219.211,745.829,408.063,572.931
549.947,972.843,498.406,799.847,219.241,746.018,408.569,572.526
549.900,972.863,498.644,799.699,219.095,745.973,407.844,572.554
549.976,972.920,498.432,799.786,218.516,744.945,408.041,571.739
550.106,973.493,498.363,799.834,218.581,744.697,408.102,572.912
550.090,973.176,498.694,799.616,218.843,745.419,408.408,573.344
550.131,972.903,498.759,799.558,219.145,745.911,407.427,573.499
550.015,972.824,498.459,799.544,218.925,745.549,408.088,572.153
549.966,972.799,498.702,799.488,218.442,744.528,408.675,571.377
550.020,972.901,498.941,798.977,218.607,744.708,408.579,572.052
550.025,973.033,498.946,798.870,218.654,744.668,408.780,573.065
549.745,972.241,498.930,798.846,218.554,744.308,408.629,572.694
550.027,973.047,498.905,798.856,218.584,744.505,408.055,572.695
550.014,972.986,498.914,798.800,218.299,743.999,408.028,572.098
549.901,972.914,498.814,798.727,218.716,744.413,408.835,571.950
549.879,972.860,498.798,798.865,218.437,743.824,410.410,571.079
549.909,972.847,499.066,798.597,218.656,744.672,409.969,572.123
549.860,972.903,498.976,798.537,218.538,744.098,410.083,573.790
549.907,972.866,499.015,798.506,218.509,744.128,409.685,573.263
549.905,972.777,498.938,798.540,218.613,744.280,410.231,572.003
550.045,972.747,499.069,798.343,218.915,744.537,410.706,571.911
550.104,972.952,498.973,798.269,218.803,744.189,410.391,572.110
550.005,973.035,499.111,798.124,218.889,744.497,409.389,573.132
549.914,972.853,498.906,798.095,218.918,744.586,409.577,573.347
549.926,972.819,498.770,797.908,219.202,744.627,409.226,574.259
549.869,972.654,498.751,797.797,219.254,744.940,408.493,575.016
549.836,972.492,498.618,797.828,219.062,744.561,407.684,574.664
550.021,972.715,498.754,797.622,219.079,744.666,407.614,572.413
549.980,972.966,499.049,797.611,219.124,745.086,408.570,572.816
550.073,973.151,499.160,797.500,218.768,744.532,408.813,572.423
550.026,972.925,499.232,797.453,219.194,744.864,407.314,573.395
549.715,972.400,499.670,797.253,219.303,745.285,407.060,573.584
550.072,972.896,499.558,797.134,219.009,744.784,407.825,574.110
549.869,972.869,499.059,796.821,219.194,745.367,407.917,573.841
549.854,972.871,499.609,796.713,218.894,744.767,407.715,574.085
549.825,972.671,499.278,796.897,219.226,744.544,407.122,573.975
549.938,972.862,499.121,796.757,219.121,744.364,407.718,573.624
549.826,972.851,499.472,796.791,219.030,744.478,408.299,574.021
550.023,972.848,499.531,796.843,218.997,744.501,405.945,575.459
550.065,973.240,499.548,796.754,218.946,744.864,407.551,574.898
549.908,972.799,499.227,796.833,218.771,744.386,407.281,573.729
549.927,972.871,499.469,796.702,219.377,745.213,407.741,573.502
549.678,972.158,499.623,796.534,218.934,744.517,406.569,574.547
549.647,972.230,499.391,796.734,218.816,744.057,406.172,574.226
549.752,972.418,499.442,796.745,219.204,744.140,405.711,574.899
549.790,972.647,499.700,796.698,219.041,743.553,405.960,574.452
549.815,972.687,499.162,796.785,219.003,744.060,406.569,573.921
549.720,972.255,499.396,796.864,219.168,744.319,405.118,574.669
549.784,972.491,499.459,796.753,219.354,744.926,404.986,574.477
549.687,972.212,499.236,796.814,219.157,744.905,405.616,574.345
550.046,972.958,499.337,796.710,219.032,744.085,405.939,573.485
549.947,972.820,499.482,796.505,219.186,744.989,406.831,573.921
549.597,972.074,499.404,796.429,219.725,746.872,405.948,574.173
549.910,972.964,499.535,796.531,219.417,746.097,406.590,572.507
550.056,973.065,499.433,796.498,219.414,746.314,406.788,572.455
549.974,972.941,499.319,796.654,219.271,745.787,405.594,573.788
549.827,972.468,499.482,796.389,219.675,746.779,404.129,573.021
550.087,972.892,499.450,796.389,219.650,746.915,404.542,573.352
550.027,972.805,499.694,796.426,220.054,747.635,405.580,573.830
549.830,972.921,499.696,795.991,219.136,745.399,405.480,574.970
549.956,973.063,499.437,796.421,219.133,745.914,404.797,576.140
550.140,972.824,499.375,796.290,219.068,746.121,405.244,574.469
550.216,972.723,499.514,796.320,218.910,745.647,405.122,574.571
550.019,972.614,499.752,796.196,218.673,745.841,405.219,574.334
550.015,972.697,499.195,796.513,218.382,744.497,405.106,574.188
549.846,972.560,499.459,796.207,219.310,746.883,404.501,573.766
549.957,972.804,499.593,796.086,219.496,746.637,404.844,574.484
549.835,972.646,499.553,796.266,219.226,746.044,405.155,574.089
550.042,972.784,499.427,796.209,219.709,746.669,405.407,574.012
550.017,972.704,499.650,796.089,219.670,746.918,404.858,574.209
549.903,972.499,499.764,795.848,219.199,745.998,404.290,574.376
550.015,972.779,499.766,795.863,219.022,745.728,404.247,574.619
549.925,972.899,499.818,795.768,218.974,745.815,403.831,574.154
549.904,972.610,499.768,795.941,218.977,745.901,405.057,572.676
549.678,972.008,499.683,795.893,219.058,745.687,406.587,572.028
549.937,972.521,499.766,795.773,218.910,745.484,403.839,573.174
549.684,972.200,499.993,795.661,219.302,746.141,402.866,573.615
549.690,972.174,499.783,795.944,218.589,744.452,404.185,572.594
550.054,973.204,499.976,795.721,218.702,744.908,405.031,572.494
550.059,972.858,499.784,795.754,218.804,744.849,404.476,572.929
549.976,972.798,499.837,795.841,218.528,744.306,407.743,572.350
549.961,972.763,499.783,795.679,218.922,744.883,404.269,573.042
549.957,972.533,499.511,795.807,218.542,744.297,404.279,572.899
549.937,972.661,499.575,795.942,218.557,744.151,405.103,572.015
549.985,972.870,499.523,795.926,218.452,743.790,406.370,572.620
549.804,972.351,499.736,795.658,218.195,743.435,404.659,573.548
550.044,972.657,499.833,795.774,218.039,742.999,404.540,573.645
549.866,972.443,499.721,795.421,218.333,743.256,404.524,572.872
549.575,971.647,499.691,795.732,218.144,743.089,403.968,572.698
549.911,973.040,499.961,795.504,218.152,743.449,405.074,572.661
549.729,972.646,499.618,795.602,217.775,743.137,402.806,573.264
549.615,971.791,499.598,795.799,218.276,743.617,403.856,572.465
549.505,971.720,499.951,795.130,218.220,743.345,403.723,572.586
549.695,971.904,499.831,795.184,218.102,743.238,403.316,573.635
549.750,972.316,499.648,795.718,218.257,743.934,402.992,571.950
549.732,972.244,499.129,795.812,217.955,743.221,404.491,573.154
549.884,972.489,499.634,795.700,218.477,743.560,405.395,573.018
549.681,972.220,499.513,795.762,218.709,743.835,404.120,572.216
549.754,972.261,499.642,795.604,218.558,743.458,406.100,570.362
549.647,972.024,499.682,795.459,218.863,744.414,404.923,570.604
549.556,971.935,499.616,795.409,218.573,743.450,404.690,572.083
549.510,971.754,499.776,795.510,218.183,743.397,403.329,572.416
549.927,972.403,500.103,795.167,218.440,743.375,405.005,570.705
549.729,972.084,499.948,795.250,218.481,743.508,405.200,571.351
550.020,972.534,500.059,795.211,218.577,743.418,406.348,570.804
549.519,971.833,500.183,794.848,218.596,743.318,407.028,569.832
549.573,971.936,499.792,795.062,218.493,743.175,404.453,570.939
549.859,972.743,500.335,795.013,218.717,743.455,405.973,569.653
549.799,972.514,499.955,795.531,218.638,744.400,404.938,571.560
549.593,971.843,500.249,794.860,218.599,744.203,403.033,571.964
549.843,972.663,500.346,794.665,218.825,744.501,402.822,572.282
549.690,972.147,500.233,794.958,218.614,744.284,403.799,571.546
549.786,972.257,500.364,794.761,218.714,744.532,403.837,572.197
549.576,971.826,500.174,794.909,218.386,744.065,403.917,573.186
549.670,972.016,500.303,795.127,218.262,743.790,404.254,573.683
549.665,972.188,500.103,795.213,218.200,743.704,405.184,573.075
549.782,972.122,499.495,795.787,218.405,743.985,404.847,574.812
549.709,971.811,499.775,795.351,218.378,743.416,404.051,575.677
549.701,972.523,499.686,795.403,218.462,743.644,403.901,576.476
549.730,972.247,499.646,795.485,218.390,743.571,403.930,577.030
549.945,972.812,499.930,795.514,218.477,743.797,403.787,576.909
549.976,972.817,499.926,795.312,218.610,743.709,403.843,577.012
549.978,972.752,499.962,795.170,218.306,742.983,404.193,576.907
549.986,972.702,500.337,794.846,218.440,743.363,404.473,576.695
550.039,972.726,500.343,795.088,218.341,743.610,405.298,576.391
550.011,972.512,499.829,795.233,218.521,743.709,405.108,575.917
549.957,972.729,500.006,795.386,218.501,743.992,405.900,575.259
549.964,972.553,500.544,794.772,218.422,743.652,405.386,575.799
549.562,971.645,500.169,795.034,218.585,744.381,405.721,575.116
550.079,972.751,500.308,794.847,218.523,744.247,405.598,575.235
550.053,972.805,500.437,794.531,218.315,743.739,405.895,574.727
549.588,971.919,499.908,795.065,218.494,744.078,405.922,574.869
549.978,972.669,500.088,795.068,218.488,744.312,406.228,575.027
549.772,972.236,500.736,794.363,218.626,744.215,405.670,574.949
549.721,972.044,500.124,794.807,218.577,744.178,405.300,575.708
550.029,972.837,500.115,795.026,218.481,743.970,405.364,575.823
550.114,972.769,500.771,794.339,218.803,744.346,406.184,574.985
550.305,973.100,500.380,794.652,218.885,744.696,406.290,574.915
550.201,972.867,500.366,794.952,218.606,744.228,405.817,575.408
550.170,972.928,500.731,794.772,218.546,744.098,405.298,575.923
550.282,972.934,499.879,795.096,219.033,744.930,405.824,575.368
550.255,972.847,500.438,794.702,218.588,743.976,405.697,575.583
550.039,972.604,499.787,794.978,218.592,744.159,405.763,575.517
550.138,972.660,500.435,794.719,218.840,744.252,406.214,575.429
550.150,972.556,500.488,794.501,218.681,744.601,406.466,575.090
550.199,972.563,500.454,794.723,218.449,743.898,406.356,575.603
550.097,972.082,500.085,794.653,218.282,743.478,405.539,575.736
549.851,971.906,499.920,794.647,218.501,743.655,405.384,575.825
550.243,972.697,499.789,794.342,218.559,743.871,405.346,576.137
550.079,972.720,500.163,794.088,218.361,743.101,405.199,576.032
550.450,972.929,500.573,794.008,218.414,743.260,405.220,576.069
550.312,972.840,499.993,794.214,218.379,743.789,405.312,575.920
550.415,972.925,500.608,793.853,218.574,743.943,405.297,576.145
550.263,972.669,500.460,793.905,218.571,743.891,405.566,575.899
550.237,972.739,500.598,794.018,218.498,743.768,406.389,575.816
550.139,972.343,500.608,793.958,218.182,743.434,405.859,575.599
550.208,972.829,500.333,794.093,218.479,744.273,406.139,575.527
550.303,972.728,500.463,794.041,218.384,743.685,406.041,575.574
550.283,972.387,500.637,794.030,218.578,743.885,406.187,575.532
550.635,972.768,500.488,794.286,218.710,744.100,405.909,575.590
550.774,972.978,500.505,794.199,218.634,743.792,405.415,576.002
550.789,973.202,500.357,794.097,218.564,743.904,405.779,575.662
551.180,973.469,500.524,794.151,218.993,744.429,405.921,575.630
551.711,973.183,500.490,793.897,218.993,744.252,406.149,575.029
551.728,973.707,500.544,793.776,219.029,744.061,406.626,574.524
551.075,973.160,500.915,793.542,219.096,744.179,406.654,574.468
551.043,973.828,500.403,793.766,218.963,743.657,406.977,574.438
551.286,974.531,500.506,794.029,218.964,744.088,407.280,573.236
551.684,974.778,500.686,793.588,218.714,743.784,407.177,572.280
551.388,974.373,500.450,793.702,218.870,743.742,406.922,572.343
551.529,974.256,500.427,793.835,218.873,743.853,406.740,572.041
550.820,974.525,500.042,793.758,218.949,743.102,406.715,571.763
551.181,974.848,500.593,793.891,218.902,744.032,406.729,571.556
551.625,975.746,500.399,793.756,218.518,743.517,406.830,571.554
551.907,975.652,500.676,793.582,218.536,743.382,406.938,571.140
552.031,975.286,500.862,793.644,218.552,743.395,406.930,571.238
551.940,975.853,500.278,793.922,218.489,743.287,406.810,571.143
551.748,975.804,500.263,794.092,218.530,743.390,406.718,571.171
551.846,975.927,500.783,793.875,218.804,743.460,407.179,571.123
551.920,976.433,500.521,794.180,218.771,743.448,407.412,571.131
551.791,974.869,500.957,793.973,218.561,743.047,407.310,571.111
551.372,974.876,501.120,793.663,218.666,743.376,407.166,571.869
551.525,975.185,500.632,794.194,218.636,743.237,407.726,571.809
551.555,976.051,500.667,794.129,218.472,743.326,407.448,572.421
552.451,976.293,500.829,793.757,218.434,743.251,407.081,572.792
552.434,975.873,500.405,794.254,218.617,743.621,406.771,572.431
551.907,974.880,500.328,794.319,218.504,743.394,407.092,572.297
551.554,975.458,500.251,793.943,218.782,743.664,407.562,571.866
551.895,975.622,500.153,793.955,218.875,743.159,407.647,571.353
552.627,976.189,500.526,793.436,218.750,742.982,407.526,571.858
552.119,976.140,500.351,793.417,219.006,742.902,406.964,571.223
551.974,975.543,500.628,793.690,219.115,743.108,407.454,571.145
551.478,975.784,500.510,793.862,218.795,742.286,407.359,571.310
550.946,975.877,500.645,793.650,218.642,741.967,407.326,571.911
551.137,974.995,500.593,793.842,218.492,742.187,406.995,571.672
551.300,975.018,500.024,794.194,218.919,742.558,406.767,572.043
550.573,974.857,500.327,794.112,218.719,742.838,406.862,572.456
550.438,975.364,500.585,793.919,218.187,742.525,406.637,572.633
550.825,973.985,500.582,793.631,218.839,743.866,406.806,572.851
550.899,974.828,500.532,793.836,219.170,743.991,407.044,572.762
550.863,975.646,500.684,793.694,218.842,743.252,407.295,572.842
550.292,974.737,500.364,793.776,218.750,743.255,407.204,572.861
550.387,974.196,500.810,793.686,218.949,742.962,406.901,572.936
550.811,974.006,500.568,793.688,219.299,743.702,406.737,573.359
550.957,974.979,500.245,793.892,219.522,742.901,407.056,572.937
550.564,975.277,500.556,793.607,219.347,743.001,407.246,572.909
550.177,974.530,500.261,794.000,219.444,742.500,407.551,571.751
549.836,974.192,500.518,793.887,219.418,742.617,407.920,571.983
550.153,974.030,500.545,793.824,219.460,742.805,407.922,572.154
550.998,975.299,500.417,793.776,219.548,743.119,407.919,571.747
551.095,975.174,500.614,793.861,219.665,743.425,407.818,571.813
550.361,974.154,500.683,793.456,220.039,744.107,407.577,571.851
550.693,973.920,500.580,793.625,219.826,744.330,407.105,572.218
551.037,974.555,500.548,793.888,219.299,743.665,406.692,571.904
551.154,975.273,500.699,793.665,219.045,743.985,407.103,572.064
550.292,974.826,500.572,793.835,218.985,743.906,406.718,572.967
550.329,973.893,500.328,793.927,219.216,743.791,406.945,572.472
550.532,974.468,500.855,793.576,219.565,743.889,406.777,572.072
550.276,974.919,500.743,793.492,219.216,743.147,406.635,572.433
550.719,974.381,500.470,793.761,219.363,743.359,406.597,572.362
550.195,975.140,500.815,793.629,218.923,742.748,406.736,572.812
550.511,975.291,500.223,793.867,219.120,743.316,406.040,573.724
550.691,974.854,500.729,793.610,219.045,743.396,406.053,573.388
550.748,975.186,500.454,793.726,218.804,743.562,406.291,572.973
551.023,976.067,500.144,793.911,218.735,743.314,406.573,572.315
551.272,976.818,500.316,793.695,218.536,742.801,406.742,572.365
550.787,976.881,500.739,793.391,218.587,742.887,406.812,572.627
550.671,977.074,500.790,793.534,218.525,743.111,406.734,572.942
551.315,976.848,500.831,793.373,218.572,742.972,406.434,572.662
551.762,977.271,500.384,793.702,218.568,742.928,406.505,572.305
551.372,977.057,500.511,793.843,218.541,743.092,406.323,573.145
551.024,977.201,500.550,793.778,218.557,743.023,406.792,572.303
551.444,978.898,500.473,793.899,218.669,743.566,406.960,572.444
551.319,979.186,500.257,793.843,218.477,743.524,406.583,572.823
551.074,978.114,500.364,793.958,219.109,744.105,406.300,572.941
551.222,978.386,500.609,793.932,218.594,742.882,406.079,573.336
551.401,978.751,500.626,793.779,218.891,743.250,406.285,573.244
551.340,979.203,500.542,794.361,218.551,743.111,406.743,573.042
550.565,977.727,500.558,794.165,218.575,742.699,406.902,573.204
550.697,979.891,500.715,794.212,218.847,742.401,407.398,572.082
551.175,978.590,500.881,794.213,218.703,742.747,407.196,572.454
550.888,976.888,500.972,794.362,218.743,742.806,407.083,573.009
550.887,977.535,500.778,794.157,219.106,742.617,407.235,573.071
551.264,978.999,500.079,794.809,218.705,742.751,406.716,574.669
551.646,979.298,500.016,794.947,218.730,743.446,406.431,574.129
551.260,979.718,499.830,794.994,219.022,743.041,406.873,573.389
551.225,979.887,499.269,794.942,218.937,743.600,406.726,572.826
551.886,979.669,499.202,794.775,218.242,742.053,406.760,572.498
551.235,979.603,498.966,794.818,218.978,744.278,407.004,572.900
550.739,980.453,498.862,795.069,219.138,744.325,407.159,572.652
551.416,980.225,499.394,794.442,218.581,743.315,406.636,573.203
551.169,979.068,499.191,794.414,218.765,743.740,406.995,573.077
551.112,979.385,499.656,794.362,218.787,743.473,406.824,573.473
550.877,979.631,499.675,794.084,218.740,743.559,406.889,573.300
551.244,979.291,499.760,794.375,218.985,743.471,407.315,572.686
551.431,979.945,499.562,794.459,218.875,743.613,407.358,571.774
551.173,980.291,499.663,794.250,218.715,743.051,407.697,572.857
550.959,979.502,499.736,794.092,218.837,743.246,408.092,574.164
551.677,979.571,499.980,794.078,218.769,743.175,406.701,573.600
551.101,979.801,499.960,794.202,218.688,743.288,406.176,574.091
551.531,980.197,499.610,794.515,218.646,743.298,405.922,573.931
551.411,979.376,499.951,794.395,218.830,743.532,406.251,573.492
550.426,977.941,500.023,794.278,219.276,743.956,406.122,573.291
551.328,979.822,500.144,794.184,219.503,743.534,406.640,573.566
551.247,980.378,500.112,794.238,219.407,743.076,406.429,573.012
551.295,979.642,500.257,794.118,218.902,742.991,406.099,573.681
550.653,979.271,500.303,793.988,219.110,742.586,405.991,573.548
551.558,980.439,500.101,794.067,219.275,743.114,405.963,573.898
550.583,979.225,500.206,794.062,218.761,743.302,406.064,573.624
551.535,980.404,500.203,794.094,218.624,743.540,405.976,573.432
550.413,978.946,500.339,794.070,218.824,743.608,405.970,573.333
550.486,979.523,500.808,793.556,218.846,743.026,405.698,573.863
550.733,979.374,500.788,793.683,219.158,743.193,405.621,574.013
551.010,980.509,501.647,792.780,219.013,742.336,405.629,574.595
550.994,980.921,500.930,793.439,219.030,742.769,405.992,573.696
551.192,980.588,501.263,793.349,218.872,742.362,406.107,573.021
550.966,980.687,501.118,793.116,219.155,743.060,406.665,573.022
551.113,980.587,501.234,793.059,219.213,743.534,406.147,574.017
550.521,979.260,501.288,793.099,218.743,743.065,405.761,573.920
550.474,979.530,501.347,792.940,218.908,743.223,405.706,574.411
550.360,979.289,501.452,792.800,218.872,743.011,405.728,573.583
550.966,980.368,501.561,792.980,218.604,742.588,406.310,572.989
550.091,978.641,501.301,793.129,218.655,742.553,407.250,572.167
549.999,979.000,501.293,793.086,218.775,742.731,406.983,571.830
551.163,981.779,501.075,793.216,218.748,742.582,406.747,572.463
550.846,980.553,501.281,793.089,218.759,742.750,406.017,573.884
550.199,979.219,501.216,793.050,218.739,742.927,405.793,574.664
550.956,980.878,501.431,792.695,218.811,743.032,405.822,574.523
550.843,980.144,501.014,792.909,218.797,742.806,405.881,573.229
551.167,980.290,501.055,793.102,219.344,743.690,407.174,572.440
551.282,980.698,501.115,793.129,219.179,743.955,408.078,573.015
550.984,980.673,501.716,792.205,218.938,743.386,407.807,573.982
551.425,982.061,501.184,792.706,218.955,743.555,408.924,574.546
551.264,981.053,501.318,792.711,218.867,743.271,408.928,573.630
551.129,980.843,501.422,792.706,218.881,743.113,407.760,572.513
551.268,981.253,501.245,792.789,218.813,743.053,406.711,573.736
551.306,980.147,501.351,792.861,218.819,743.103,406.879,574.312
551.443,981.565,501.406,792.715,218.653,742.951,406.167,574.070
550.430,979.595,501.608,792.621,218.967,743.210,406.259,573.698
550.842,980.192,501.283,793.229,218.774,742.554,407.532,574.397
551.568,982.448,501.175,793.109,218.727,742.534,407.809,573.665
550.871,980.952,501.178,793.124,218.677,742.587,407.337,573.429
550.781,980.963,501.502,792.581,218.917,743.341,408.932,572.776
550.672,980.825,501.445,792.467,218.918,743.265,408.624,573.114
550.830,981.678,501.363,792.819,218.929,743.213,406.070,574.845
550.877,981.206,501.440,792.620,218.956,743.200,406.778,573.576
550.797,980.869,501.069,792.850,218.758,742.926,406.273,574.922
550.883,981.500,501.280,792.920,218.679,742.931,405.783,574.721
550.670,980.986,501.371,792.575,218.758,743.329,405.490,575.911
550.276,980.818,501.054,793.108,218.634,742.959,404.721,577.001
550.063,980.437,501.309,792.743,218.829,743.461,405.145,576.696
550.997,981.463,501.232,792.824,218.670,742.952,405.297,577.514
551.156,981.200,501.036,792.979,218.574,742.654,405.289,574.981
550.616,981.107,501.406,792.943,218.628,742.970,405.477,576.274
549.990,979.708,501.376,792.965,218.663,742.901,406.042,575.568
550.627,981.643,501.556,792.451,218.505,742.798,406.046,576.497
550.994,982.886,501.757,792.602,218.567,742.819,405.906,578.917
550.852,981.169,501.693,792.427,218.451,742.701,407.314,577.420
550.815,981.417,501.048,792.779,218.588,742.956,408.168,577.298
550.838,980.645,501.730,792.545,218.543,743.094,408.656,577.462
550.873,982.516,501.732,792.378,218.586,743.407,408.986,577.412
551.391,982.710,501.212,792.891,218.817,743.264,410.300,577.522
551.219,981.453,501.057,792.775,218.563,743.283,409.261,577.896
551.029,982.499,501.860,792.343,218.624,743.116,407.634,576.962
550.542,980.655,501.342,792.681,218.719,742.765,409.572,577.111
550.738,981.124,501.259,792.706,218.707,742.721,410.198,575.698
550.783,982.513,501.404,792.806,218.618,743.202,409.041,576.253
550.574,981.605,500.998,793.057,218.607,743.268,408.393,576.934
550.213,980.411,501.029,793.123,218.647,743.011,408.443,575.880
550.350,980.679,501.354,792.927,218.642,743.238,406.805,576.214
550.908,982.418,500.891,792.984,218.838,743.403,406.402,577.860
550.953,981.446,501.429,792.747,218.838,743.210,406.152,575.081
550.148,980.400,501.633,792.482,218.835,743.531,405.947,577.807
550.637,981.483,501.354,792.963,218.889,743.663,405.847,576.246
550.862,981.708,501.588,792.985,218.701,743.421,405.674,576.291
551.081,982.534,501.866,792.485,218.835,743.485,406.080,574.696
550.818,982.396,501.593,792.488,218.454,742.974,405.557,578.400
551.052,982.544,502.144,792.289,218.399,743.099,406.065,578.192
551.060,982.596,502.281,791.932,218.339,743.175,405.431,578.254
550.807,982.799,501.351,792.875,218.749,743.699,405.122,578.553
551.025,982.728,501.787,792.449,218.581,743.518,405.576,578.095
551.108,982.388,502.079,792.277,218.495,743.313,406.136,575.817
550.772,981.180,501.404,792.839,218.505,743.085,406.169,578.401
551.033,981.458,501.742,792.509,218.590,743.313,407.392,576.845
550.884,981.404,502.142,792.179,218.574,743.535,408.490,575.138
550.265,981.085,500.397,794.028,218.656,743.603,406.800,578.102
550.665,982.580,500.795,793.703,218.637,743.343,407.684,577.529
551.174,982.282,501.887,792.555,218.638,743.488,408.938,579.198
550.484,980.927,501.187,793.086,218.592,743.419,409.358,578.164
550.162,980.114,501.272,792.960,218.836,743.274,408.838,577.556
550.699,982.969,501.595,792.893,218.758,743.265,408.477,579.495
550.861,982.448,501.083,793.151,218.666,743.044,407.932,580.642
550.694,981.428,501.649,792.882,218.770,743.120,407.105,579.307
549.874,980.199,502.079,792.367,218.967,743.485,408.785,580.755
550.029,980.404,501.511,792.437,218.777,742.882,408.691,580.096
550.137,980.745,501.949,792.382,218.844,742.942,408.240,580.528
550.648,981.822,502.025,792.221,218.799,743.111,407.704,580.368
550.576,981.531,501.326,793.213,218.879,743.208,406.050,580.157
550.603,981.696,501.881,792.841,218.771,743.118,406.469,581.591
550.181,980.290,502.147,792.531,218.951,743.179,407.167,579.862
550.175,980.296,501.152,793.340,218.782,743.422,408.143,576.865
550.819,982.919,502.334,792.150,218.746,743.155,406.951,576.558
550.615,981.372,502.064,792.229,218.704,743.125,405.908,576.683
550.700,980.501,501.687,793.037,218.727,743.293,405.426,579.226
551.792,983.062,502.903,791.507,218.724,743.495,405.346,578.402
551.755,981.933,502.107,792.452,218.749,743.075,407.230,576.665
552.199,982.807,501.655,792.659,218.757,743.228,406.001,577.099
552.436,983.364,502.647,791.665,218.746,743.297,404.704,578.255
552.087,983.231,502.244,792.043,218.666,743.154,404.780,578.209
551.523,983.110,502.254,792.106,218.710,743.332,404.467,578.353
551.075,981.739,502.745,791.618,218.817,743.340,404.689,578.318
550.950,982.723,502.114,791.956,218.649,742.419,404.620,578.090
550.366,980.839,502.952,791.097,218.766,742.639,404.827,577.519
550.987,982.962,503.050,790.948,218.808,743.601,404.624,577.987
551.480,982.525,502.513,791.781,218.773,743.625,404.848,577.741
550.994,981.577,502.855,791.448,218.859,743.192,404.829,577.699
551.157,983.222,503.375,790.652,218.908,743.427,405.023,577.562
551.579,982.762,502.648,791.615,218.786,743.332,404.925,577.588
551.256,981.768,502.759,791.425,218.902,743.141,404.915,578.213
551.222,982.962,502.680,791.884,218.732,743.027,404.610,578.138
550.770,981.053,502.545,791.814,218.621,743.050,405.234,577.600
551.126,982.539,501.517,792.482,218.641,742.884,404.764,578.125
550.769,981.121,502.367,791.682,218.922,743.412,404.293,578.080
550.153,979.918,501.645,792.089,218.862,743.326,404.642,577.899
550.667,981.242,502.951,791.036,218.705,743.436,404.914,577.761
550.593,980.821,502.956,791.306,218.785,743.413,404.776,577.832
550.570,980.237,502.030,792.161,218.782,743.325,404.388,578.240
550.580,979.944,502.974,791.151,218.700,743.017,405.207,577.382
550.392,979.651,502.699,791.578,218.834,743.324,404.977,577.669
550.506,980.086,502.636,791.497,218.783,743.445,405.370,577.938
550.534,980.033,503.123,791.332,218.725,743.752,405.306,577.984
550.478,981.046,502.206,791.720,218.749,743.140,404.991,578.471
550.480,980.681,502.883,791.295,218.727,743.062,404.963,578.405
550.583,980.527,503.148,791.363,218.839,743.601,405.090,577.810
550.562,980.808,502.544,791.354,219.094,744.023,405.533,577.274
550.656,981.173,503.220,790.887,218.879,743.856,405.218,577.663
550.172,980.193,503.263,791.150,218.815,743.803,405.090,577.834
549.868,979.942,502.268,791.199,218.775,743.719,405.177,578.205
550.606,982.082,502.276,791.232,218.570,743.233,405.714,577.430
550.648,981.332,501.882,791.835,218.629,742.971,405.795,577.165
550.443,982.851,502.118,791.714,218.853,743.427,405.685,577.216
550.685,982.863,502.626,791.583,218.851,743.882,406.245,576.034
550.569,983.569,502.910,791.306,218.875,744.136,406.033,575.740
550.041,983.593,502.489,791.616,218.982,744.578,406.172,575.549
549.946,983.252,502.733,791.383,218.903,744.517,406.192,576.561
550.111,983.355,502.852,791.265,218.991,744.740,406.199,576.582
549.999,983.633,502.509,791.616,219.207,745.674,406.664,575.405
549.762,983.377,502.376,791.841,219.098,745.927,407.171,575.053
549.506,982.377,502.672,791.443,219.011,746.519,406.990,574.940
550.078,984.043,502.478,791.548,219.062,746.452,407.591,575.018
549.977,983.277,502.764,791.427,219.152,746.424,407.931,574.910
549.819,983.192,502.510,791.609,218.862,745.830,407.319,574.594
550.629,983.702,502.655,791.154,219.001,746.025,406.940,575.588
550.108,983.484,502.878,791.234,218.903,746.029,406.843,575.702
550.421,983.528,502.731,791.348,218.814,745.859,406.684,575.768
550.678,983.901,502.614,791.474,218.796,745.847,406.540,575.793
550.376,983.637,503.041,791.101,219.158,746.002,406.687,575.162
549.604,983.164,502.546,791.338,219.054,745.753,407.115,573.918
550.162,983.249,502.781,791.246,219.173,746.081,407.423,574.487
550.441,983.413,502.331,791.813,219.174,745.774,406.807,574.684
550.094,983.515,502.624,791.390,219.117,745.732,407.478,574.646
550.851,983.897,503.341,790.851,219.180,745.686,406.549,574.822
550.706,983.698,502.597,791.523,219.030,745.988,407.059,575.466
550.336,983.140,503.117,791.293,219.156,745.976,406.899,575.066
549.991,983.513,502.590,791.559,219.132,746.076,406.909,575.325
550.538,983.831,503.347,790.873,219.061,745.694,407.268,574.335
550.652,983.923,503.061,791.253,219.061,745.766,407.452,573.857
550.628,983.770,502.226,791.508,219.022,745.344,407.181,574.241
550.062,983.345,503.145,790.833,219.003,745.354,406.728,574.207
550.631,983.526,502.522,791.488,219.072,745.161,406.142,574.298
550.866,984.057,502.438,791.420,218.609,745.099,406.549,574.233
550.393,984.119,502.696,791.250,218.647,745.103,406.280,574.180
550.980,983.984,502.211,791.399,218.841,745.232,406.367,574.006
550.784,983.461,502.254,791.486,218.860,745.398,405.986,574.254
550.465,983.197,503.135,790.545,219.028,744.898,406.135,574.156
549.864,982.877,502.464,791.192,219.238,745.437,406.082,574.287
550.591,983.725,502.358,791.511,218.944,745.104,406.299,574.443
550.783,983.107,502.827,790.867,219.015,745.408,406.197,574.424
551.220,983.562,502.678,790.982,218.989,745.042,406.491,574.125
550.731,983.686,502.689,790.952,219.176,745.371,405.694,573.838
550.600,983.346,502.937,790.674,218.974,745.258,405.227,574.287
550.455,983.621,502.046,791.601,219.011,745.203,405.566,573.866
550.763,983.078,501.936,791.582,219.263,745.381,405.618,574.308
550.505,982.952,502.693,790.861,219.121,745.286,405.664,574.880
550.366,983.635,502.303,791.208,219.158,745.461,406.213,573.984
551.114,983.438,501.771,791.902,219.106,745.591,405.984,574.322
550.053,982.623,502.590,791.215,219.060,745.503,405.892,574.367
549.977,982.422,502.464,791.383,219.170,745.898,405.515,574.148
550.820,983.455,502.268,791.546,219.655,747.236,405.289,574.050
550.531,983.409,502.774,791.271,219.757,747.874,406.036,573.788
550.251,982.918,502.726,791.105,219.912,748.281,406.340,573.586
550.329,983.074,501.791,791.828,219.352,747.239,406.353,574.329
549.992,983.286,502.252,791.496,219.634,747.454,405.522,575.220
549.755,983.060,502.582,791.387,219.500,746.861,405.568,574.597
549.779,983.212,502.423,791.512,219.018,745.822,405.682,574.503
550.267,983.295,502.656,791.353,219.711,747.075,405.661,574.856
550.020,983.890,502.908,790.941,219.170,746.296,405.550,574.260
549.703,983.524,502.005,791.850,218.846,745.521,405.818,574.032
549.503,982.974,502.330,791.567,219.724,747.256,406.284,573.865
550.013,984.079,502.392,791.648,219.283,746.428,406.394,574.284
549.550,984.253,502.395,791.694,219.056,746.083,405.710,574.816
549.557,983.743,501.976,791.684,218.325,744.069,405.573,574.927
549.264,983.212,502.810,791.113,219.255,746.664,405.588,574.245
549.861,983.383,502.143,791.646,219.104,746.046,405.540,574.271
549.740,983.849,501.894,791.761,218.933,746.141,405.956,574.495
549.504,983.365,502.147,791.537,219.441,746.781,405.874,574.927
549.709,983.382,502.844,791.004,218.655,744.695,405.829,576.119
549.943,983.534,502.106,791.610,219.244,746.220,405.659,575.818
550.182,984.684,502.586,791.339,219.027,746.097,405.666,575.107
550.000,983.661,502.325,791.308,218.810,745.625,405.230,574.494
550.252,983.892,502.517,791.197,218.905,745.707,405.913,574.550
550.469,984.468,502.036,791.346,218.769,746.007,405.332,575.474
550.615,986.290,502.135,791.483,218.790,745.288,405.668,575.258
550.305,985.742,502.949,790.893,218.368,743.988,406.536,575.061
550.477,984.833,502.501,791.041,218.554,744.026,406.373,574.665
550.278,984.506,502.106,791.180,218.446,744.497,406.544,574.588
550.406,984.364,503.226,789.699,218.786,744.590,406.591,573.994
550.302,984.160,503.202,790.059,218.263,744.259,406.541,574.921
550.891,984.544,503.032,790.179,217.886,743.339,406.267,574.341
550.405,984.635,502.610,791.092,218.097,743.519,406.433,575.195
550.135,984.167,501.572,791.406,218.222,743.818,405.894,575.645
550.632,984.796,502.129,790.893,218.185,743.836,405.715,575.912
550.309,984.763,502.290,790.453,218.060,743.617,406.100,574.629
550.643,984.460,502.552,790.327,217.710,742.979,405.876,573.621
550.479,984.768,502.773,790.025,218.418,744.059,405.905,573.963
550.759,984.731,502.340,790.522,218.488,743.980,406.047,573.109
550.489,984.751,502.572,790.551,218.557,743.960,406.624,573.235
549.993,984.703,502.538,790.707,218.365,743.627,406.160,573.980
550.134,984.293,502.171,790.986,218.405,743.673,406.202,574.743
551.084,984.968,502.500,790.570,218.256,743.449,405.485,574.531
550.412,984.858,502.190,790.753,218.235,743.216,405.595,574.734
549.991,983.715,502.335,790.541,218.616,743.792,406.277,573.514
549.977,983.608,502.577,790.177,218.649,743.708,406.679,573.038
550.285,984.592,502.943,789.993,218.726,743.836,406.289,573.729
551.084,984.779,502.808,790.419,218.572,743.509,406.069,574.266
550.210,984.171,502.410,790.318,218.436,743.204,405.194,574.399
550.337,983.944,502.469,790.398,218.645,743.592,405.713,574.119
551.079,985.021,502.520,790.443,218.643,743.629,405.558,573.512
550.988,984.676,502.503,790.454,218.535,743.102,405.847,573.363
550.450,984.675,502.506,790.620,218.214,742.931,405.776,573.915
550.417,984.396,502.770,790.344,218.386,743.179,406.582,572.968
550.477,984.822,502.371,790.399,218.024,742.654,406.475,572.886
550.666,984.813,502.131,790.831,218.338,743.118,405.866,574.493
551.188,984.341,502.585,790.333,217.953,742.227,405.577,575.329
550.699,984.202,502.309,790.508,218.224,743.048,405.346,574.694
550.626,984.299,502.427,790.501,218.272,742.361,405.649,574.326
550.500,984.125,502.512,790.171,217.901,742.692,405.704,573.895
551.021,984.563,502.347,790.533,218.903,744.151,405.903,574.108
551.142,984.475,502.645,790.356,218.301,742.382,405.660,574.929
550.837,983.950,503.045,789.918,217.996,742.828,405.667,575.201
550.420,983.532,502.715,790.075,218.395,742.921,405.156,574.568
550.067,981.802,502.652,789.976,218.591,743.315,405.470,574.422
550.102,981.862,502.605,790.388,218.211,742.408,405.447,573.955
550.083,981.998,502.897,789.907,218.455,742.859,405.486,574.031
550.462,983.767,502.851,790.275,218.485,742.879,405.649,573.640
549.960,982.065,502.879,790.349,218.255,742.466,405.277,574.321
550.008,981.140,502.818,790.280,218.353,742.791,405.213,574.733
549.800,980.864,502.680,790.536,218.157,742.715,405.141,574.863
550.041,980.608,502.421,790.724,218.406,742.799,405.282,574.206
550.045,980.586,502.462,790.372,218.254,742.683,405.648,573.944
550.003,981.008,501.921,790.664,218.286,742.395,405.900,574.098
550.195,981.279,501.809,790.608,218.201,742.827,405.377,575.141
550.146,981.334,501.595,790.912,218.243,742.623,405.464,575.065
550.183,981.201,500.880,791.693,218.208,742.494,405.064,575.458
550.340,981.481,501.135,791.236,218.220,742.372,405.011,574.769
550.661,982.118,500.016,792.304,218.181,741.865,405.531,574.381
550.545,981.625,500.389,792.044,218.226,742.117,405.753,573.672
550.355,980.979,499.448,792.355,218.381,742.699,405.791,573.388
550.735,981.719,499.177,792.769,218.292,742.482,405.592,573.132
550.655,981.683,499.169,793.002,218.330,742.531,405.168,574.202
550.624,981.795,499.426,792.899,218.473,743.073,405.064,574.459
550.506,981.458,499.602,792.624,218.683,742.862,404.926,574.513
550.393,981.056,499.785,792.553,218.498,742.926,404.908,574.883
550.752,981.526,499.767,792.496,218.223,742.162,405.206,573.975
550.420,981.403,499.531,792.978,218.792,742.400,405.645,572.966
550.845,981.780,499.768,792.846,218.364,741.944,405.954,572.661
550.751,981.505,499.548,792.308,218.192,741.162,405.476,573.242
550.281,980.579,499.249,792.162,218.696,742.286,405.660,574.037
550.651,981.423,499.230,791.921,218.407,742.027,404.998,574.257
550.488,981.204,499.565,791.380,218.433,741.970,404.977,574.921
550.692,981.415,499.720,791.041,218.538,742.780,404.452,575.156
550.518,981.305,499.605,791.646,218.373,742.180,404.628,575.024
550.745,981.556,500.138,791.365,218.285,742.536,405.109,574.230
550.800,981.131,500.119,791.184,218.624,742.943,405.352,573.944
550.206,980.639,499.901,791.491,218.421,742.988,405.791,573.933
550.303,981.008,500.322,791.513,218.250,741.833,405.372,574.138
548.956,980.517,500.367,791.490,218.339,743.214,404.843,575.169
550.074,980.737,500.284,791.841,218.456,743.322,404.657,575.348
550.592,980.660,500.575,791.517,218.495,743.355,404.849,574.553
550.239,980.761,500.361,791.796,218.803,743.914,405.158,574.404
550.488,980.759,500.148,791.948,219.065,744.869,405.138,574.553
550.298,980.882,500.353,791.583,218.530,743.316,405.234,574.485
550.658,980.693,500.593,791.530,218.469,743.302,405.730,573.871
550.244,979.661,500.335,791.545,218.690,743.776,405.868,573.821
550.392,979.779,500.100,791.701,219.204,745.384,406.226,574.070
549.898,979.590,500.191,791.575,218.838,744.509,405.914,573.717
549.895,980.151,500.070,791.914,218.499,743.838,405.716,573.775
549.379,979.810,500.185,791.612,218.731,744.050,405.849,573.515
549.129,980.037,500.304,791.538,218.744,744.712,405.751,573.655
548.505,979.544,499.680,791.933,218.257,742.736,406.324,573.497
547.894,979.280,499.749,792.097,218.220,742.404,406.516,572.758
547.631,978.735,499.602,792.033,218.542,743.039,405.433,574.143
546.976,978.310,499.588,792.053,218.334,742.569,405.050,573.662
547.240,977.789,499.611,792.084,218.168,742.842,404.666,574.057
547.998,977.357,499.984,791.687,217.467,741.475,404.828,574.993
548.561,977.465,499.986,791.587,217.728,743.130,405.276,574.793
548.318,977.618,500.000,791.688,218.388,742.657,405.376,574.300
548.267,977.030,499.833,791.937,218.487,743.163,405.056,574.553
548.012,976.604,499.857,791.748,217.960,741.559,405.759,573.626
547.609,976.125,499.486,792.374,217.637,740.147,406.028,573.701
547.370,974.822,500.259,791.487,218.856,745.050,406.268,573.564
547.282,974.981,500.202,791.409,219.012,744.972,406.344,573.352
548.741,976.935,499.899,791.958,218.807,744.513,406.520,574.095
547.310,974.649,500.139,791.729,217.860,742.268,405.560,573.285
546.946,974.355,500.076,791.614,218.462,743.534,405.465,573.818
547.264,974.643,499.905,791.952,219.030,744.733,405.342,573.554
547.696,975.016,499.906,791.667,218.064,743.682,405.057,573.736
547.263,974.479,500.224,791.213,218.594,743.151,405.396,574.094
547.471,974.021,499.768,791.884,218.801,743.876,405.252,574.043
547.566,975.323,500.103,791.545,218.740,743.947,405.053,574.483
547.103,974.803,499.846,791.751,218.096,742.438,404.751,575.002
547.032,974.250,500.247,791.345,218.122,742.199,404.908,574.445
547.367,974.305,500.196,791.603,218.621,743.968,404.900,574.642
547.749,975.155,500.107,791.604,218.920,744.701,405.428,574.120
548.123,975.858,500.010,791.862,218.171,743.012,405.444,574.396
547.352,975.097,499.611,792.229,219.008,743.957,405.472,574.721
547.881,974.395,499.602,792.246,218.696,743.505,405.219,575.155
547.693,974.383,499.628,792.241,218.984,743.876,404.510,575.162
548.477,975.510,499.796,791.657,218.874,743.566,404.322,575.219
547.971,975.090,499.826,791.962,218.588,742.313,404.506,574.980
547.177,974.807,499.710,792.279,218.375,742.517,404.350,574.991
547.679,975.146,499.610,792.074,218.267,742.171,405.178,574.218
548.151,975.498,499.361,792.496,218.226,742.358,404.834,574.243
547.636,975.351,499.567,792.387,218.123,742.032,404.844,574.020
547.431,974.963,499.547,792.117,218.253,742.287,404.578,574.305
547.795,975.335,499.815,791.935,218.149,741.957,404.456,575.515
548.125,976.260,499.908,791.922,218.082,742.416,404.120,575.272
547.349,975.748,499.955,792.005,218.037,742.082,403.991,575.304
547.527,975.181,500.029,791.912,218.164,742.341,404.131,575.180
547.777,976.856,499.843,791.879,218.371,742.047,404.788,574.484
547.753,975.868,499.808,792.078,218.013,741.478,405.539,573.601
547.503,976.062,499.970,791.655,218.078,741.747,404.572,574.246
547.287,975.831,500.066,791.643,218.302,742.218,403.818,574.525
547.179,975.396,499.992,791.820,218.280,741.919,403.624,574.681
547.472,976.099,499.933,791.866,218.350,742.021,404.251,574.302
547.632,976.959,499.918,791.805,218.141,741.454,403.852,574.683
547.865,976.569,499.688,791.855,218.128,741.408,403.842,574.651
547.561,976.604,500.183,791.719,218.535,742.386,403.828,575.186
548.021,976.323,500.013,791.889,218.121,741.591,403.848,575.151
548.384,978.071,500.148,791.738,218.349,742.044,404.423,575.592
548.018,976.873,499.735,791.997,218.355,742.235,404.184,575.762
548.581,978.949,500.128,791.768,218.058,741.748,404.759,574.930
548.933,979.579,499.707,792.334,218.216,741.812,404.776,574.385
548.678,978.674,499.830,791.684,218.384,742.197,404.009,574.082
549.139,980.019,499.571,792.208,218.165,741.642,403.899,574.396
549.001,978.860,499.531,792.067,218.013,741.607,403.486,574.573
548.749,978.371,499.792,791.938,218.280,741.634,403.913,575.277
548.541,977.588,499.923,791.816,218.141,741.707,403.076,575.904
548.659,977.025,500.038,791.819,218.528,742.188,402.519,575.994
548.354,977.093,499.921,792.067,218.586,742.322,403.351,575.948
548.577,977.822,499.794,792.030,218.415,742.177,402.571,576.177
548.139,978.095,499.863,792.139,218.315,741.968,404.100,575.247
548.264,978.797,499.769,791.984,218.311,742.291,402.775,576.429
548.105,977.203,499.885,791.841,218.204,741.976,402.470,575.673
547.781,977.830,499.521,792.081,218.474,742.424,402.461,575.014
547.496,977.113,499.885,792.080,218.232,741.876,402.165,576.019
547.560,977.461,499.786,791.941,218.476,741.983,401.755,575.387
547.628,977.298,499.680,791.995,218.171,741.569,401.713,575.539
548.138,978.030,500.030,791.654,218.539,742.210,401.201,576.870
548.460,978.771,499.624,792.092,218.105,741.540,401.005,576.641
548.534,978.823,499.690,792.173,218.143,741.814,401.685,576.057
548.817,978.804,499.368,792.433,218.081,741.540,402.616,575.480
548.855,978.911,499.902,792.073,218.218,741.664,402.640,575.498
549.109,978.606,499.537,792.471,218.152,741.406,402.020,576.026
548.907,979.263,499.522,792.330,218.036,741.309,401.967,574.792
548.875,979.070,499.541,792.185,218.104,741.391,401.917,572.720
548.901,979.179,499.672,792.181,217.931,741.524,400.842,575.158
548.913,979.165,499.815,792.150,218.268,741.988,400.445,573.328
549.049,978.767,499.709,792.187,218.090,741.996,401.259,575.621
548.974,978.415,499.672,792.219,217.841,741.434,400.532,576.427
548.748,979.129,499.493,792.582,218.063,741.647,400.284,575.927
548.960,979.134,499.528,792.285,218.165,741.894,401.521,575.043
548.826,978.667,499.832,792.008,218.093,741.622,400.743,575.675
548.603,977.887,499.807,792.129,218.519,741.986,400.588,576.121
548.614,978.250,499.860,791.806,218.141,741.570,399.891,576.381
548.406,977.345,499.830,791.822,218.272,741.545,400.054,575.832
548.787,978.648,499.690,792.107,218.173,741.355,401.393,574.914
548.535,977.578,499.926,792.041,218.240,741.546,400.883,575.241
549.000,978.492,499.674,791.949,218.198,742.139,399.905,575.473
548.441,977.089,499.398,792.417,218.107,741.857,399.837,575.510
547.868,978.077,499.936,792.157,218.082,741.542,400.031,576.155
547.536,977.890,499.900,791.933,218.187,741.398,399.515,577.077
548.268,978.711,499.808,792.068,217.960,741.425,399.957,576.923
548.329,978.802,499.766,792.224,218.290,741.799,400.442,576.494
548.621,978.622,499.942,792.040,218.888,742.555,400.821,576.270
549.240,978.092,499.680,792.184,218.595,742.111,400.913,575.968
549.258,978.116,499.585,792.369,218.695,742.112,401.046,576.556
549.514,977.902,499.714,792.168,218.450,741.874,401.156,574.304
548.750,977.346,499.795,792.033,218.370,741.419,401.873,573.412
547.759,975.325,499.594,792.089,218.899,742.408,401.596,573.346
548.678,977.596,499.745,792.024,218.784,743.119,400.654,574.022
549.136,978.181,499.943,791.867,218.418,742.185,401.711,574.447
547.183,975.788,500.050,791.808,218.556,742.170,401.305,574.724
548.109,975.694,500.028,791.930,218.723,742.557,400.189,575.429
548.994,976.516,499.780,791.696,218.445,741.742,400.193,574.732
549.377,977.969,500.073,791.782,218.357,741.792,401.856,573.723
548.156,976.392,499.837,792.010,218.416,742.368,400.208,575.393
548.504,977.125,499.774,792.216,218.196,741.670,400.403,575.138
548.804,976.132,500.065,791.694,218.388,741.246,400.226,574.904
548.296,975.832,499.918,791.864,218.363,740.641,400.199,574.041
547.765,975.546,499.602,792.075,218.022,740.613,400.789,574.407
548.322,975.796,499.969,791.925,218.156,740.961,402.195,573.171
549.707,976.802,499.971,791.918,218.290,741.635,402.187,574.415
550.173,977.620,499.889,791.944,218.760,742.171,400.474,574.621
548.296,975.831,499.985,791.873,218.186,741.099,399.974,575.742
548.034,975.412,499.905,791.926,218.285,741.009,403.134,572.616
549.088,976.256,499.298,792.530,218.084,741.200,401.736,574.235
549.383,977.175,499.476,792.262,218.188,741.230,400.345,575.215
548.939,977.038,499.601,792.122,218.152,741.327,400.397,575.298
549.609,976.797,499.742,792.045,218.308,741.554,400.665,575.171
548.920,976.520,499.850,791.997,218.354,741.568,400.072,575.498
549.673,978.014,499.412,792.253,218.694,741.658,400.449,574.784
549.964,977.797,499.453,792.192,218.834,741.968,400.508,574.891
550.276,976.615,499.363,792.384,218.546,741.270,400.765,574.339
549.270,976.364,499.619,792.022,218.623,742.021,400.579,574.877
549.370,977.384,499.839,792.164,218.465,741.635,401.052,574.597
549.248,976.933,499.720,792.106,218.885,742.295,400.536,574.790
548.971,976.899,499.716,791.940,218.386,741.653,399.920,575.040
549.030,976.270,499.796,792.028,218.544,741.634,399.748,575.019
549.506,976.714,499.506,792.168,218.697,742.452,399.954,574.319
550.561,977.732,499.628,792.248,218.480,741.664,399.802,575.564
550.026,977.482,499.542,792.155,218.731,741.844,402.333,573.617
549.199,976.003,499.681,791.987,218.527,741.635,404.132,574.090
548.983,975.896,499.742,792.087,218.704,741.675,405.932,575.323
550.125,977.230,499.712,792.153,218.624,741.506,405.953,576.720
550.603,977.717,499.488,792.126,218.809,742.028,403.666,575.267
549.963,976.638,499.742,791.823,218.465,741.711,403.711,575.611
550.399,977.153,499.599,792.204,218.440,741.602,403.742,575.702
549.359,976.834,499.562,792.368,218.343,741.499,403.938,575.676
549.434,976.573,499.567,792.146,218.205,741.713,403.689,575.903
549.574,977.375,499.565,792.174,218.206,741.655,404.272,574.690
550.161,978.116,499.819,791.938,217.672,741.515,402.836,575.772
549.692,977.637,499.731,791.922,218.317,741.833,402.171,575.675
549.599,976.633,499.767,791.980,218.197,741.342,401.756,576.034
549.794,978.167,499.713,791.998,218.207,741.593,401.658,575.461
550.243,979.174,499.316,792.641,218.374,741.936,401.690,575.770
550.396,978.578,499.335,792.766,218.330,741.614,402.136,576.006
550.146,978.890,499.695,792.235,218.372,741.925,400.985,576.217
549.611,979.356,499.568,792.285,218.185,741.637,401.664,575.749
549.951,979.416,499.816,792.184,218.475,741.825,401.842,575.919
549.967,980.047,499.560,792.122,218.467,741.740,401.567,576.753
550.316,980.907,499.666,792.353,218.298,741.580,401.367,576.525
550.224,980.778,499.663,792.491,218.451,741.950,401.665,576.296
549.740,980.644,499.915,792.002,218.383,741.821,401.578,576.809
550.133,981.004,499.621,792.325,218.420,741.645,401.328,577.314
550.097,981.696,499.319,792.777,218.367,741.827,401.741,576.275
550.586,982.604,499.224,792.602,218.291,742.051,401.564,576.436
550.754,982.058,499.412,792.654,218.298,741.604,401.347,577.310
550.180,981.439,499.414,792.466,218.555,742.272,401.454,577.752
549.776,981.057,499.577,792.444,218.498,742.200,401.672,577.064
549.623,981.721,499.484,792.439,218.403,741.751,401.723,577.353
549.490,982.657,499.527,792.434,218.600,742.272,401.823,577.175
549.548,981.457,499.330,792.798,218.414,741.850,401.726,577.674
549.054,981.448,499.342,792.756,218.573,742.148,401.708,577.627
548.903,982.267,499.595,792.303,218.541,741.956,402.030,578.006
549.393,982.931,499.601,792.290,218.471,741.958,401.935,577.945
549.024,983.650,499.419,792.709,218.314,741.152,402.125,578.034
548.780,983.475,499.558,792.646,218.211,740.820,402.574,577.592
548.801,981.770,499.586,792.401,218.231,741.007,402.485,577.572
548.523,982.693,499.599,792.492,218.503,741.364,402.161,577.527
548.583,983.794,499.585,792.606,218.293,741.104,402.980,576.416
548.183,983.209,499.422,792.885,218.151,741.192,402.892,576.685
548.256,983.703,499.181,792.926,218.296,741.405,403.108,576.118
548.080,983.201,499.725,792.397,218.254,741.503,402.931,576.901
548.679,983.823,499.551,792.412,218.226,741.331,403.258,577.132
548.614,983.918,499.378,792.620,218.145,741.482,403.524,575.556
548.375,982.552,499.448,792.637,218.271,741.605,404.211,574.565
547.774,983.535,499.436,792.794,218.417,741.877,404.387,574.754
547.991,982.809,499.332,792.997,218.473,742.288,404.117,574.756
548.846,985.001,499.641,792.309,218.606,741.908,403.772,574.971
548.927,984.277,499.671,792.113,218.980,742.541,402.940,576.188
548.580,983.919,499.794,791.868,218.388,741.332,403.171,576.797
547.681,983.375,499.750,792.536,218.736,741.986,403.132,574.800
548.777,984.276,499.859,792.052,218.577,741.921,403.447,574.832
548.667,984.521,499.653,792.493,218.661,742.095,403.320,575.121
548.071,982.659,499.718,792.567,219.169,741.753,403.544,575.316
548.397,983.309,499.959,791.919,218.781,741.589,403.534,575.961
548.718,983.825,499.425,792.768,218.771,742.132,403.455,575.760
548.676,982.894,499.472,792.715,218.640,742.371,403.574,574.241
549.350,983.645,499.361,792.759,218.849,741.050,403.540,575.137
549.111,983.836,499.320,792.628,219.354,741.296,403.522,574.887
549.149,983.504,499.434,792.887,219.495,742.135,403.367,575.254
549.113,983.859,499.736,792.283,219.394,742.193,404.060,575.224
549.302,983.055,499.763,792.392,219.583,742.225,403.891,575.849
548.737,983.059,499.919,791.985,219.449,742.384,403.920,576.689
548.509,983.291,499.640,792.364,219.333,741.750,403.989,576.053
549.005,982.512,499.611,792.487,219.556,742.170,403.815,575.581
548.774,982.736,499.447,792.468,219.617,743.147,403.595,575.445
548.159,982.129,499.397,792.643,219.447,742.633,403.636,575.494
548.759,982.816,499.318,792.628,219.562,743.147,403.715,575.236
548.826,983.046,499.318,792.515,219.313,743.023,403.885,575.097
548.877,982.973,499.751,792.244,218.930,741.997,403.573,575.261
548.682,983.483,499.793,792.256,218.667,741.975,403.571,575.333
549.364,982.825,499.540,792.705,219.074,742.801,403.849,575.318
549.007,983.129,499.422,792.748,218.953,742.995,403.965,575.193
549.010,983.715,499.363,792.730,218.653,742.634,404.234,574.700
548.960,983.157,499.250,792.655,218.397,742.038,403.670,574.952
549.352,984.348,499.593,792.484,218.073,741.699,403.810,575.030
550.171,983.871,499.759,792.509,218.249,742.040,403.813,574.743
549.478,983.897,499.685,792.415,218.332,741.997,403.941,574.958
550.438,984.800,499.267,792.737,218.017,741.973,404.370,574.514
550.518,984.147,499.775,792.555,218.182,742.054,404.398,574.823
549.901,983.990,499.675,792.276,218.099,742.478,404.327,574.255
550.046,983.987,499.655,792.274,218.281,742.627,404.225,574.269
549.631,984.959,499.691,792.218,218.318,742.778,404.360,574.660
549.957,985.146,499.655,792.347,218.161,742.560,403.736,574.640
549.693,983.921,499.818,792.238,218.311,742.613,403.171,575.947
549.852,984.110,499.938,791.985,218.838,743.018,403.244,575.967
550.243,984.970,500.018,791.838,218.567,742.410,402.971,575.546
549.661,984.485,499.937,791.986,218.752,742.229,403.591,574.901
549.132,983.484,499.559,792.371,218.327,741.695,403.214,574.409
549.314,983.592,499.575,792.466,218.790,742.593,403.761,574.401
549.528,982.922,499.791,792.250,218.802,741.920,403.912,574.328
549.406,984.117,499.674,792.233,218.863,742.839,403.584,574.747
548.853,983.482,499.564,792.528,218.241,740.849,403.074,574.875
548.872,983.517,499.622,792.295,218.184,741.077,402.643,575.881
548.685,983.364,499.652,792.310,218.727,741.983,402.455,575.898
549.365,984.278,499.332,792.644,218.729,742.572,402.642,575.692
548.935,984.197,499.346,792.882,218.535,742.142,403.004,574.804
549.015,983.438,499.277,792.824,218.112,741.872,403.534,574.174
549.373,983.286,499.649,792.462,218.165,741.447,403.283,573.554
549.583,984.258,499.979,791.957,218.121,741.409,402.887,574.218
549.453,983.611,499.876,792.065,218.392,741.863,403.392,575.279
549.518,984.123,499.923,792.121,218.224,742.121,403.230,575.513
548.739,983.696,499.819,792.267,218.012,742.351,403.374,575.445
548.759,983.358,499.691,792.484,218.272,742.567,403.512,575.005
548.868,983.919,499.607,792.425,217.978,741.542,403.628,574.877
549.329,984.059,499.770,792.506,218.013,741.483,403.725,574.753
548.412,983.773,499.580,792.456,218.607,742.127,403.927,574.197
548.320,983.478,499.517,792.563,218.326,741.959,403.593,574.932
548.216,982.732,499.869,792.236,218.113,742.184,403.094,575.413
548.961,983.702,499.740,792.397,218.326,741.847,402.914,575.833
548.530,983.054,499.680,792.538,218.176,741.867,402.868,576.386
547.805,983.054,499.625,792.647,218.672,741.332,403.100,576.163
548.738,983.393,499.569,792.812,218.340,741.388,403.014,575.757
548.517,983.106,499.615,792.776,218.478,742.178,402.872,575.546
548.902,984.314,499.520,792.614,218.705,741.648,402.966,575.121
549.478,984.141,499.379,792.844,218.788,741.909,402.782,575.786
549.069,983.839,499.470,792.710,218.677,741.569,402.836,576.749
549.116,983.670,499.486,792.760,218.530,741.240,403.223,576.719
548.708,982.756,499.566,792.648,218.284,741.744,403.247,576.046
548.789,984.249,499.518,792.569,218.152,742.230,403.142,575.188
548.815,983.728,499.657,792.366,218.120,741.551,403.015,575.814
548.190,983.457,499.570,792.532,218.349,742.410,402.992,576.189
548.591,982.559,499.676,792.348,218.402,742.302,403.212,575.926
548.597,982.719,499.467,792.707,218.170,742.178,404.163,575.949
548.194,982.895,499.702,792.308,218.463,742.472,403.695,575.105
548.650,982.736,499.665,792.470,218.462,742.479,403.636,575.731
547.965,982.449,499.525,792.456,218.091,742.142,403.862,575.770
548.280,982.447,499.492,792.872,218.448,742.103,403.554,575.691
548.243,981.981,499.531,792.845,218.478,742.627,403.681,576.254
548.343,981.998,499.385,792.952,218.308,742.374,403.555,575.944
548.676,982.727,499.886,792.035,218.611,742.558,403.372,576.033
549.033,982.855,499.626,792.534,218.339,742.316,403.640,576.178
550.443,982.746,499.462,792.403,218.441,742.245,403.694,575.476
549.542,982.271,499.545,792.454,218.288,741.952,403.146,575.872
549.657,981.154,499.320,792.939,218.411,742.242,402.339,576.739
548.475,981.246,499.569,792.617,218.235,742.261,402.066,576.612
547.844,980.327,499.560,792.566,218.266,742.131,402.447,575.696
548.211,979.950,499.696,792.586,218.261,742.101,403.386,575.339
548.177,980.063,499.601,792.577,218.185,741.921,403.327,575.163
548.161,980.246,499.679,792.648,218.341,741.932,403.307,575.104
548.646,979.882,499.440,792.748,218.308,741.729,402.911,574.438
547.949,977.712,499.516,792.636,218.203,741.769,402.295,575.269
548.443,978.952,499.529,792.695,218.219,741.790,401.927,576.269
547.645,978.281,499.549,792.450,218.183,742.171,402.249,575.976
547.655,978.233,499.372,792.718,218.218,741.917,402.224,575.491
547.672,978.903,499.656,792.663,218.386,742.225,402.373,575.295
547.634,979.136,499.612,792.503,218.244,741.912,402.624,574.629
547.581,979.329,499.381,792.878,218.170,741.861,402.326,575.046
547.505,979.413,499.122,792.923,218.191,741.972,401.913,575.557
547.638,979.594,499.411,792.493,218.316,742.481,401.302,576.801
547.709,979.969,499.637,792.413,218.350,741.982,401.672,576.686
547.956,979.826,499.332,792.769,218.314,742.299,402.243,575.830
547.738,979.810,499.491,792.605,218.319,742.354,402.538,575.219
547.852,980.113,499.475,792.514,218.245,742.353,402.200,575.781
548.020,980.148,499.429,792.477,218.153,741.854,402.314,576.238
548.216,980.951,499.440,792.511,218.111,741.955,401.697,575.733
548.237,980.233,499.323,792.699,218.150,741.722,401.220,577.253
548.115,979.671,499.299,792.704,218.090,741.959,401.037,576.695
548.044,979.409,499.256,792.890,218.206,742.816,401.152,576.946
547.626,978.132,499.165,792.936,218.277,742.457,402.613,575.700
547.622,978.383,499.355,792.739,218.349,741.826,402.478,574.952
547.683,978.901,499.301,792.981,218.147,741.653,401.630,575.469
547.487,978.707,499.447,792.732,218.057,741.747,401.852,575.569
547.962,980.484,499.369,792.690,218.065,741.865,401.817,575.462
548.163,980.888,499.504,792.566,218.084,742.562,401.708,575.935
547.854,980.036,499.745,792.501,218.077,742.356,401.225,576.435
547.593,979.966,499.463,792.708,218.233,741.996,401.091,576.441
547.870,979.875,499.365,792.995,218.302,742.388,401.826,575.605
547.427,980.129,499.415,792.741,218.490,742.389,400.770,576.529
547.348,980.547,499.055,793.174,218.290,742.689,400.141,577.306
547.689,980.536,499.039,793.094,218.217,742.536,400.526,576.399
547.490,980.458,499.119,793.216,218.131,742.565,401.565,575.503
547.378,980.160,499.237,793.041,218.197,742.506,402.464,575.219
547.748,980.369,499.250,792.877,218.306,742.371,401.045,576.392
547.425,979.602,499.016,792.928,218.282,742.583,400.889,576.654
547.295,979.220,499.344,792.678,218.209,742.280,399.873,576.256
546.973,978.449,499.181,792.789,218.263,742.397,399.806,576.486
547.008,978.975,499.482,792.615,218.175,742.207,400.719,576.404
547.533,979.858,499.541,792.723,218.227,742.272,399.206,579.190
547.598,979.892,499.922,792.290,218.161,742.319,399.552,578.604
547.826,980.154,499.645,792.626,218.127,742.333,399.219,578.193
547.430,979.814,499.595,792.428,217.973,742.099,399.000,577.975
548.124,981.196,499.493,792.650,218.089,741.964,400.685,577.269
548.124,980.957,499.433,792.645,218.052,742.014,399.193,578.027
548.229,980.629,499.687,792.651,218.186,742.425,398.850,577.532
547.965,980.701,499.539,792.755,218.166,742.470,399.488,576.930
548.157,980.915,499.607,792.723,217.979,742.469,398.759,577.129
548.228,981.071,499.600,792.681,217.908,742.434,398.831,577.192
548.157,980.639,499.309,792.589,218.182,742.034,399.542,577.113
547.741,980.419,499.211,792.769,218.174,741.993,399.987,576.273
547.983,980.835,499.535,792.527,218.096,742.206,399.699,576.077
548.183,980.007,499.414,792.687,218.136,742.012,398.997,576.249
547.970,980.148,499.297,792.860,218.085,742.080,398.381,575.253
548.244,980.506,499.162,792.980,218.056,742.653,398.335,575.903
547.995,980.372,499.020,793.075,218.120,742.714,398.569,577.646
547.646,979.037,499.196,792.765,218.158,742.547,398.397,578.337
547.689,979.116,499.262,792.827,218.163,742.441,398.370,578.970
548.033,980.124,499.237,792.739,218.278,742.564,398.322,577.957
548.163,980.633,499.089,792.916,218.173,742.585,398.350,577.296
547.985,979.908,499.288,792.783,218.227,742.666,398.916,576.101
548.362,980.308,499.276,792.694,218.058,742.205,400.229,574.955
548.476,980.613,499.528,792.361,218.104,742.481,398.773,574.870
549.417,980.495,499.533,792.547,218.159,742.348,398.342,573.797
549.329,979.713,499.445,792.686,218.134,742.079,399.674,573.843
549.863,979.524,499.504,792.717,218.065,742.256,400.288,574.830
549.755,979.372,499.290,792.839,218.106,741.863,399.909,575.255
548.928,978.523,499.061,793.094,218.054,741.720,398.768,576.230
548.533,977.688,499.124,793.003,218.051,741.763,398.853,576.318
548.701,978.137,499.619,792.437,218.015,742.154,398.737,575.516
548.611,979.011,499.387,792.542,218.130,742.219,399.502,575.136
549.144,979.226,499.558,792.427,218.248,742.104,399.309,575.147
549.414,979.739,499.628,792.442,218.146,742.016,398.798,574.493
549.601,979.118,499.242,792.848,218.390,742.089,399.202,573.644
549.086,978.779,499.318,792.791,218.357,742.209,399.051,573.528
549.524,977.858,499.163,792.886,218.301,742.583,398.989,574.796
549.472,976.411,499.507,792.582,218.221,742.658,398.880,573.480
549.772,977.292,499.402,792.813,218.411,743.255,400.012,575.481
549.824,978.785,499.594,792.306,218.444,743.187,399.845,575.563
549.505,976.889,499.607,792.276,218.619,743.720,400.837,575.437
549.986,979.770,499.505,792.371,218.581,743.756,401.457,575.700
549.888,979.278,499.571,792.317,218.366,743.552,404.168,574.239
549.467,977.992,499.543,792.447,218.439,743.287,401.742,575.948
549.405,977.857,499.567,792.341,218.390,742.744,403.123,575.371
549.733,978.828,499.487,792.611,218.354,743.062,402.908,574.537
549.079,977.082,499.505,792.622,218.458,743.274,402.596,576.727
548.879,977.079,499.595,792.524,218.403,742.775,402.168,576.037
549.167,977.695,499.302,792.837,218.406,742.390,402.058,576.651
549.518,977.875,499.944,792.232,218.607,742.397,404.003,578.148
549.490,977.774,499.722,792.281,218.587,742.441,402.072,580.595
549.496,977.515,499.470,792.587,218.544,742.762,401.646,580.565
549.326,976.853,499.401,792.734,218.573,742.992,402.001,580.140
549.497,977.314,499.412,792.917,218.624,742.680,402.963,579.119
549.522,977.354,499.726,792.718,218.550,742.223,403.075,576.855
549.417,977.006,500.168,792.174,218.545,742.204,402.786,578.488
549.430,977.405,499.365,792.816,218.500,742.949,401.607,581.487
549.415,977.399,499.468,792.738,218.557,742.805,402.111,579.531
549.426,977.021,499.643,792.706,218.203,742.308,401.591,579.023
549.359,976.758,499.659,792.497,218.625,742.518,401.588,578.470
549.392,976.575,499.169,793.103,218.515,742.160,401.523,580.073
549.367,976.906,499.064,793.094,218.443,742.211,402.386,580.784
549.262,977.604,499.291,792.800,218.638,742.023,402.835,581.900
549.560,977.708,499.332,792.786,218.779,742.497,403.085,581.554
549.368,977.861,499.263,792.874,218.462,742.486,403.083,581.692
549.888,977.500,499.342,792.845,218.543,742.651,404.052,581.055
549.549,977.092,499.381,792.748,218.489,742.411,404.110,581.072
549.564,976.779,499.348,792.945,218.492,742.481,404.648,580.786
549.708,977.300,499.460,792.939,218.473,742.520,404.161,581.788
549.563,977.579,499.349,792.791,218.447,742.688,401.793,581.652
549.691,977.318,499.389,792.799,218.376,742.333,403.220,580.477
549.352,977.090,499.398,792.806,218.271,742.336,401.878,581.408
549.709,977.644,499.463,792.783,218.446,742.413,401.763,581.406
549.825,976.777,499.326,792.738,218.521,742.728,401.054,582.896
549.793,977.119,499.443,792.662,218.598,743.002,400.590,583.851
549.671,977.585,499.123,792.972,218.734,742.613,400.721,583.178
550.065,978.582,499.307,792.936,218.382,742.446,400.793,581.216
549.903,978.795,499.439,792.792,218.561,742.469,400.388,583.712
549.680,978.045,499.308,792.833,218.541,742.741,400.747,580.995
549.981,978.123,499.369,792.798,218.634,741.886,400.081,580.859
549.914,977.787,499.550,792.501,218.461,742.230,401.143,581.393
550.019,977.811,499.320,792.676,218.235,741.953,401.538,581.615
549.864,978.057,499.275,792.943,218.600,742.011,402.119,581.702
549.854,977.754,499.380,792.664,218.751,742.591,401.396,581.700
550.005,978.167,499.648,792.422,218.584,742.420,401.411,581.023
549.752,978.184,499.444,792.566,218.718,742.477,401.499,582.911
549.940,978.744,499.163,793.002,218.688,742.674,402.239,583.280
550.034,978.266,499.116,792.920,218.605,741.955,403.029,582.948
550.164,978.493,499.256,793.059,219.033,743.320,403.450,583.306
550.324,978.509,499.124,793.055,218.916,743.060,405.139,582.931
550.200,978.310,499.050,793.095,219.335,743.223,405.698,583.105
549.907,978.191,499.078,793.157,218.851,742.553,405.723,583.412
550.156,978.740,499.081,792.666,219.217,744.030,405.880,583.635
550.273,978.820,498.844,793.164,218.990,743.297,406.642,583.226
550.180,979.134,499.104,792.819,218.920,743.157,406.097,583.481
549.589,979.463,499.105,792.927,218.742,744.093,405.533,583.524
549.880,979.184,499.061,792.985,218.571,743.027,404.877,582.010
550.423,978.003,499.468,792.541,218.701,743.152,405.775,581.495
550.372,977.784,499.496,792.690,218.671,743.261,405.941,581.426
550.469,978.120,499.482,792.617,218.420,742.916,405.588,581.493
550.786,978.737,499.314,792.976,218.670,743.600,405.586,581.824
550.801,977.557,499.070,793.687,218.764,743.424,404.257,582.001
550.765,977.843,499.480,793.638,218.782,742.909,404.148,581.620
550.487,977.773,499.373,793.861,218.490,742.657,402.832,581.282
550.811,978.433,499.221,794.351,218.578,742.823,403.664,580.805
550.826,978.723,499.001,794.427,218.580,742.621,403.693,581.105
550.509,979.384,499.117,794.594,218.361,742.357,404.555,580.999
550.107,978.377,499.058,794.631,218.334,742.350,404.050,582.918
550.074,979.216,498.745,794.672,219.295,744.160,403.395,582.379
550.361,980.225,498.584,794.819,218.715,743.378,403.105,583.004
549.860,978.406,498.835,794.721,218.780,742.569,403.877,583.077
549.578,978.065,498.861,794.657,218.730,742.466,404.659,583.228
549.720,978.123,498.489,794.599,218.480,741.858,404.794,582.657
549.959,979.706,498.747,794.413,218.555,741.907,404.242,582.377
550.351,979.166,498.554,794.656,218.407,742.685,404.063,582.319
550.086,978.673,498.238,795.876,218.336,742.199,404.460,582.115
549.978,978.388,498.672,796.388,218.490,742.708,404.497,581.425
549.294,977.287,498.803,795.925,218.465,742.596,405.070,580.930
548.858,977.160,498.830,795.558,218.507,742.680,405.606,578.872
549.108,977.241,498.557,795.747,218.654,742.817,405.601,580.852
549.448,977.677,498.704,795.293,218.680,742.854,406.939,579.596
549.420,977.663,499.423,795.834,218.586,742.863,406.961,581.129
549.703,978.186,498.818,795.937,218.464,742.677,405.151,581.051
549.397,977.936,499.005,795.827,218.429,742.016,404.810,579.169
549.162,976.814,498.706,795.730,218.564,742.279,404.540,580.261
549.524,977.475,499.097,795.803,218.619,743.054,405.584,579.886
549.614,977.643,499.215,794.708,218.603,742.741,404.984,581.691
549.445,977.431,499.452,794.409,218.891,742.840,404.118,581.521
549.585,977.947,499.684,794.582,218.795,742.875,403.990,580.778
549.450,977.384,498.507,795.224,218.463,742.553,404.255,579.419
549.561,977.471,498.630,795.638,218.539,742.746,404.034,580.510
549.742,978.035,498.621,795.705,218.746,742.773,404.144,579.740
549.670,977.327,499.136,794.755,218.556,742.508,404.011,579.852
549.887,977.295,499.466,794.737,218.468,742.472,404.166,580.467
549.869,977.411,498.752,795.043,218.664,743.021,404.051,579.816
549.684,977.027,498.696,795.626,218.549,743.025,404.465,578.448
549.631,977.816,498.299,795.775,218.716,743.458,404.422,578.868
549.815,977.589,498.762,795.725,218.591,743.030,404.539,578.840
549.730,977.801,498.770,795.377,218.747,743.388,404.206,579.374
549.697,977.473,498.072,795.609,218.746,743.340,404.677,578.300
549.542,977.561,498.004,796.428,218.869,743.295,404.808,578.017
549.744,978.015,498.286,795.964,218.678,743.282,405.296,577.516
549.714,977.056,497.611,794.855,218.775,743.045,405.161,577.339
549.552,976.780,497.282,795.263,218.915,743.212,404.164,577.758
549.555,977.099,496.867,795.431,218.270,742.624,404.577,577.361
549.677,977.147,497.375,795.281,218.497,742.859,404.706,577.401
549.958,978.072,497.238,794.191,218.446,742.976,404.060,577.666
549.963,977.960,497.147,793.979,218.302,742.235,404.657,577.528
550.040,978.096,497.179,794.373,218.642,742.607,404.465,577.616
549.666,977.158,497.126,794.479,218.740,743.382,404.055,577.499
549.508,977.197,497.032,795.500,218.604,743.068,404.470,576.823
549.405,978.102,496.985,796.104,218.995,743.974,404.555,575.485
549.709,977.786,496.918,796.538,218.505,743.057,404.433,576.090
550.078,977.956,496.405,797.496,218.573,742.364,404.357,576.793
550.269,978.623,496.522,797.602,218.717,742.318,404.887,577.054
550.153,978.689,496.334,797.718,218.589,742.191,404.922,576.683
550.129,978.745,496.725,796.686,218.280,742.714,405.232,576.366
550.040,978.624,496.229,796.539,218.226,742.779,404.844,576.111
550.061,978.748,495.690,797.390,218.404,742.840,405.471,575.988
550.020,978.172,495.844,797.135,218.565,742.709,405.341,576.251
549.788,978.467,495.942,797.805,218.499,742.657,404.379,576.337
550.199,978.906,495.896,797.285,218.677,743.295,404.628,576.156
550.277,978.738,495.642,797.586,218.539,742.777,405.057,575.994
550.191,978.723,495.800,797.721,218.369,742.819,405.097,575.833
550.631,978.362,495.759,797.671,218.142,742.983,405.157,575.820
550.418,977.425,495.911,797.631,217.963,742.355,404.973,575.913
550.529,978.230,495.780,797.554,218.435,742.782,405.120,575.660
550.515,977.751,495.842,797.507,218.467,742.911,405.118,575.843
550.615,978.281,496.367,797.288,218.589,743.055,404.837,576.221
550.338,978.440,496.371,796.999,218.644,742.871,404.675,576.093
550.658,978.754,496.470,797.422,218.445,742.447,404.793,575.784
550.595,977.227,495.868,797.695,218.434,742.263,404.670,575.737
550.419,978.517,495.565,797.859,218.640,742.127,404.357,576.124
550.410,978.867,495.761,797.584,218.743,742.590,404.144,576.369
550.623,979.836,495.783,797.812,218.834,742.855,403.902,576.383
550.463,978.771,496.567,797.332,219.066,743.723,403.988,575.967
550.609,978.726,496.485,796.787,218.902,743.035,404.083,575.771
550.739,978.742,496.776,796.801,218.878,742.871,403.977,575.523
550.814,978.872,496.868,796.573,219.057,743.405,403.957,575.798
550.770,978.929,495.651,798.021,218.536,742.874,404.128,575.486
550.633,978.775,495.756,798.228,218.547,742.833,404.096,575.556
550.399,978.375,495.944,798.045,218.558,742.265,404.092,574.943
550.416,978.259,495.786,798.012,218.552,742.264,404.048,575.062
550.329,978.111,496.007,797.946,218.698,742.467,404.710,574.528
550.293,977.381,495.841,797.825,218.633,742.508,404.672,574.616
550.593,977.753,495.885,797.737,218.733,742.764,404.866,574.119
550.642,978.279,494.990,797.271,218.691,742.695,404.033,575.089
550.663,978.334,495.183,797.515,218.734,742.168,404.036,573.595
550.662,978.472,494.953,796.838,218.724,742.610,404.173,571.947
550.685,977.921,495.153,796.974,218.822,742.535,404.583,571.097
550.669,978.359,495.218,797.077,218.547,742.841,404.007,570.903
550.512,978.152,495.394,797.052,218.643,742.787,403.405,570.016
550.468,978.715,495.499,796.959,218.487,742.442,402.471,569.048
550.210,978.148,495.869,797.163,218.521,742.752,401.433,568.834
550.353,977.506,495.767,796.420,218.624,742.788,400.479,568.544
550.464,977.775,495.846,796.904,218.692,742.729,399.870,568.357
550.435,977.964,496.254,797.515,218.386,742.440,399.225,568.980
550.427,978.376,496.247,797.965,218.651,742.602,400.286,568.599
550.278,978.155,496.054,798.341,218.752,742.657,400.677,568.291
550.524,979.134,495.935,798.176,218.628,742.736,401.886,568.435
550.508,978.984,495.830,797.574,218.603,742.732,401.865,569.187
550.554,978.597,495.907,797.369,218.770,742.858,401.982,569.412
550.668,978.951,495.905,798.111,218.797,742.932,401.498,569.761
550.629,978.704,495.600,798.694,218.701,742.798,401.254,569.537
550.457,978.705,495.492,796.974,218.599,742.721,401.078,569.496
550.603,978.500,495.649,798.165,218.923,742.723,400.820,569.602
550.771,978.681,495.804,798.541,218.708,742.810,401.216,569.761
550.582,978.627,496.102,797.727,218.509,742.545,401.220,569.973
550.681,978.741,496.090,797.769,218.420,742.866,401.470,569.771
550.558,978.405,495.843,798.187,218.473,743.218,401.346,570.215
550.660,978.770,495.610,798.446,218.763,742.965,401.450,569.841
550.778,978.742,495.730,798.616,218.753,743.432,401.424,570.113
550.596,978.308,495.714,797.800,218.904,743.059,401.945,570.050
550.772,978.800,495.045,798.076,218.994,743.443,402.035,569.800
550.721,978.562,494.775,798.871,218.600,742.867,402.234,569.647
550.801,978.631,495.482,798.089,218.695,743.151,402.009,569.417
550.952,978.966,495.712,798.347,218.542,742.249,401.957,569.499
550.624,978.437,495.253,799.539,218.582,742.375,402.436,569.497
550.621,978.331,495.475,798.771,218.670,742.552,402.780,569.036
550.156,977.273,495.792,797.912,218.380,742.573,401.718,569.347
550.738,978.519,495.302,799.156,218.506,742.569,401.457,569.708
550.938,979.859,495.463,798.794,218.826,743.572,401.130,570.761
550.810,977.959,495.268,798.033,218.650,743.209,401.346,569.562
550.758,978.448,495.350,798.073,218.435,742.295,401.521,569.972
551.119,978.860,495.109,799.142,218.464,742.411,401.755,569.794
550.766,978.739,494.558,798.623,218.307,742.043,401.776,569.397
550.580,978.377,495.287,798.756,218.392,742.158,401.770,570.155
550.958,980.102,495.588,798.296,218.343,742.615,402.126,570.920
550.768,979.401,495.378,798.988,218.298,742.299,402.163,570.622
550.635,979.029,494.900,799.557,218.387,742.507,402.229,569.953
550.733,979.266,495.074,799.020,218.376,742.608,402.049,570.148
550.640,979.169,495.299,798.451,218.029,742.666,401.996,570.359
550.601,978.819,495.306,798.337,218.289,743.300,402.050,570.818
550.523,979.030,494.304,799.639,218.487,742.477,401.918,569.742
550.174,978.325,495.112,799.292,218.287,742.730,402.177,570.430
550.144,978.450,495.155,798.536,218.580,741.526,402.235,569.903
549.664,976.863,494.915,799.172,218.673,741.553,402.123,570.146
550.001,978.002,495.353,799.450,218.755,741.749,402.147,570.190
550.793,978.755,495.236,799.503,218.593,741.393,402.120,570.475
550.484,978.584,495.304,799.292,218.814,742.288,402.106,569.172
550.285,978.173,494.752,799.345,218.321,741.823,402.150,568.935
550.048,977.742,494.525,799.735,218.592,741.803,402.028,568.994
549.986,978.292,495.230,800.028,218.630,742.436,402.162,569.016
550.048,977.979,494.697,799.938,218.296,741.659,402.154,569.060
550.204,978.455,494.325,800.446,218.637,742.369,402.404,569.002
550.554,978.983,494.933,800.616,218.580,742.452,401.777,568.978
550.469,978.418,493.897,801.031,218.438,741.413,402.662,568.384
550.661,978.337,493.496,800.846,218.785,741.502,402.527,568.675
550.463,977.987,494.278,801.536,218.956,741.814,402.506,568.963
550.347,978.390,493.507,800.330,218.792,742.022,402.442,569.073
550.317,978.359,493.969,800.415,218.803,742.600,402.418,568.996
550.114,978.364,494.242,800.176,218.905,742.806,402.614,568.715
550.282,978.798,493.840,801.502,218.836,742.950,402.506,568.823
550.281,978.832,494.345,800.191,218.741,742.871,402.469,569.043
550.268,978.660,493.598,800.549,219.078,743.108,402.558,569.134
550.474,978.721,493.579,801.068,219.289,743.715,402.492,569.191
550.746,979.606,494.052,800.493,218.753,742.944,402.488,569.052
550.429,979.650,493.899,800.995,218.760,742.906,402.578,569.123
549.610,979.325,493.511,801.141,218.779,743.067,402.535,569.026
550.126,979.841,493.872,800.523,218.623,742.660,402.542,569.231
550.520,980.086,493.573,801.005,218.522,742.726,402.322,569.237
550.474,980.147,493.261,801.241,218.438,742.998,402.387,569.393
550.370,979.174,493.491,800.752,218.818,742.363,402.426,568.992
550.181,978.370,494.360,800.588,218.671,742.194,402.499,569.049
550.566,978.258,493.758,800.067,218.817,743.018,402.520,569.273
549.972,977.784,493.802,801.007,218.618,742.980,402.395,568.972
550.469,978.631,493.331,801.454,218.488,742.655,402.447,569.113
550.417,979.290,493.118,801.938,218.731,742.842,402.349,569.401
550.160,978.893,492.845,801.298,219.393,743.939,402.465,568.732
550.690,978.742,493.212,801.938,219.452,743.203,402.557,568.855
550.535,978.261,493.264,802.269,219.611,744.025,402.534,568.865
550.425,978.742,492.875,801.080,219.598,743.695,402.494,568.817
550.449,978.166,493.248,800.800,218.887,742.569,402.388,569.269
550.577,978.484,493.539,801.901,219.068,742.184,402.423,569.094
550.443,978.836,492.168,803.111,218.725,742.882,402.323,569.436
550.866,979.254,493.107,802.103,218.851,743.954,402.380,569.040
550.231,978.156,493.148,802.158,218.829,742.456,402.362,569.038
550.852,978.392,492.872,802.633,218.445,742.728,402.325,569.114
550.320,977.973,492.122,802.553,218.573,743.375,402.248,569.229
550.653,978.227,493.305,801.156,219.023,742.453,402.390,569.360
550.809,978.753,492.469,802.166,219.469,742.670,402.438,568.903
550.393,977.847,491.609,803.330,219.334,743.218,402.422,569.075
550.473,977.761,492.815,801.811,219.299,742.794,402.312,569.122
550.779,978.544,491.575,801.715,219.664,743.165,402.357,568.959
550.210,977.744,492.473,802.239,218.362,742.874,402.337,568.844
550.342,977.954,492.813,802.900,218.320,742.388,402.233,568.924
550.272,977.990,492.463,802.685,217.791,742.386,402.320,569.067
549.825,976.947,493.179,801.866,218.198,742.158,402.221,568.981
550.208,977.795,492.787,802.570,218.344,742.648,402.094,569.143
549.808,977.392,492.346,803.061,218.360,742.694,402.216,569.139
550.115,977.610,492.662,802.709,218.562,742.383,402.258,569.194
550.351,977.327,492.784,803.040,218.524,742.435,402.155,569.328
550.425,977.737,492.339,802.776,218.591,742.577,402.288,569.008
550.224,977.508,492.587,802.788,218.109,742.533,402.316,568.940
550.088,977.582,493.299,802.341,218.521,742.574,402.342,569.017
550.066,977.615,492.707,802.598,218.438,742.175,402.277,568.958
550.331,978.917,492.386,802.911,218.516,742.263,402.422,568.741
550.357,977.250,492.667,803.207,218.389,742.486,402.443,568.808
550.362,978.384,493.014,803.000,218.568,742.417,402.335,569.102
549.911,977.358,492.351,802.706,218.742,742.497,402.098,569.479
550.010,977.234,492.676,803.420,218.489,742.548,402.447,569.130
549.921,976.967,492.372,803.873,218.777,743.147,402.376,569.002
550.008,976.832,492.706,802.323,218.979,743.604,402.384,569.069
550.135,977.065,492.232,803.114,218.554,742.868,402.261,569.089
550.106,977.340,492.749,803.590,218.704,743.282,402.309,568.973
550.323,977.323,493.190,803.068,218.726,743.028,402.316,568.863
550.541,977.128,492.668,803.092,218.474,742.733,402.425,568.843
550.123,975.715,493.509,802.589,218.618,742.472,402.359,569.059
550.174,976.215,493.527,802.483,218.421,742.086,402.323,568.982
550.068,975.550,493.642,802.679,218.629,742.943,402.141,568.724
550.064,975.483,493.249,802.223,218.769,742.532,402.218,568.817
550.016,975.543,493.468,802.599,218.446,742.366,402.235,568.702
550.010,975.927,493.656,802.464,218.423,742.841,402.122,568.525
549.818,976.298,493.738,802.335,218.583,742.107,402.299,568.468
550.047,975.913,494.210,802.483,218.453,742.260,402.326,568.821
550.212,975.682,493.486,802.332,218.449,742.287,402.184,568.848
550.313,976.285,493.786,802.609,218.596,742.570,402.267,568.868
550.517,976.486,494.189,802.230,218.585,742.388,402.157,568.948
549.957,975.746,493.882,802.653,218.419,742.609,402.147,568.987
550.055,975.700,493.726,802.390,218.527,742.669,402.198,568.823
550.291,976.188,493.299,802.377,218.558,742.883,402.201,568.598
550.472,976.543,493.837,802.017,218.462,742.726,402.267,568.871
549.708,975.979,493.448,802.044,218.727,743.124,402.289,568.563
549.388,975.558,493.479,801.944,218.663,743.087,402.226,568.536
549.658,975.742,493.141,802.277,218.428,742.646,402.189,568.357
549.652,976.457,493.500,801.889,219.148,743.375,402.378,568.724
549.541,976.213,493.517,802.157,218.769,743.288,402.131,568.835
549.299,975.948,493.552,802.648,218.988,743.040,401.889,568.902
549.684,975.530,493.486,802.612,219.468,743.838,402.032,569.106
550.019,976.268,493.619,802.240,219.232,742.668,402.085,568.521
550.043,976.693,493.562,802.327,219.082,742.232,402.053,568.679
549.609,976.711,493.440,802.343,219.447,742.800,402.074,568.701
549.420,976.273,493.399,802.149,219.314,742.196,402.007,568.641
549.410,976.569,493.409,802.184,219.505,742.865,402.056,568.611
549.468,976.397,493.842,802.474,219.457,742.424,402.089,568.714
549.193,976.572,494.083,802.319,219.371,742.998,402.234,568.740
549.533,976.059,493.898,802.598,219.126,742.345,402.089,568.848
549.485,975.453,494.077,802.176,219.129,742.429,402.001,568.584
549.597,975.714,493.682,802.428,219.469,743.163,402.051,568.653
549.667,975.915,494.391,802.336,219.559,743.283,402.019,568.896
549.623,975.912,493.626,802.583,219.201,743.145,402.153,568.890
549.527,975.531,493.678,802.475,219.091,743.266,402.116,568.872
549.834,975.151,494.249,802.258,219.024,743.030,401.935,569.022
549.977,975.181,494.047,802.410,218.931,743.435,402.012,568.889
550.175,975.284,493.689,802.586,218.683,742.698,401.873,568.787
549.935,975.499,493.889,802.272,218.604,742.646,402.001,568.864
549.955,974.994,494.047,801.905,218.551,742.557,401.763,568.955
549.737,974.302,493.892,802.499,218.373,742.371,401.833,569.037
549.553,974.093,494.087,802.333,218.614,743.330,401.923,568.665
549.695,974.087,494.234,802.051,218.360,742.685,402.042,568.394
549.768,974.173,493.957,802.253,218.230,742.689,401.949,568.396
549.677,973.904,494.211,801.994,218.826,743.075,401.994,568.801
549.810,974.811,494.100,801.945,218.432,742.634,401.847,569.148
549.637,974.020,493.838,802.042,218.615,743.385,401.837,568.831
549.623,974.179,493.822,802.284,218.771,743.867,401.770,569.034
549.530,973.904,493.720,802.035,218.435,742.770,401.999,568.412
549.809,974.379,493.619,802.184,218.701,743.486,402.092,568.458
549.208,974.406,493.205,801.961,218.440,742.929,401.827,569.141
548.955,974.073,493.527,802.444,218.174,742.548,401.867,569.189
548.641,973.782,493.935,802.421,218.759,743.441,401.835,569.090
548.888,973.856,494.112,802.046,218.337,742.684,401.762,568.970
549.003,974.073,494.039,802.317,218.500,743.082,401.863,569.012
548.992,974.485,493.585,802.164,218.125,742.480,401.937,568.807
549.033,974.556,493.816,802.512,218.785,743.717,402.013,568.670
548.708,973.526,493.603,802.184,219.192,744.101,401.930,568.833
549.336,974.695,493.514,802.214,218.940,744.041,402.077,568.692
549.229,974.909,493.844,802.182,218.646,743.189,401.947,568.655
548.979,974.728,493.513,802.345,218.522,742.771,401.937,568.535
549.127,975.179,493.871,802.424,218.203,741.918,401.862,568.615
548.872,974.558,493.665,802.037,218.200,741.894,401.929,568.822
548.232,974.128,493.996,802.105,218.286,742.652,401.972,568.767
548.280,973.999,493.968,802.309,218.394,742.594,401.880,568.996
547.813,974.952,493.735,802.614,218.340,742.176,401.964,568.815
547.337,974.402,493.735,802.752,218.388,742.458,401.962,568.843
547.608,974.794,494.169,802.598,218.325,742.340,401.866,568.834
548.057,975.586,494.234,802.450,218.565,742.519,401.820,568.965
548.472,975.936,493.659,802.044,218.572,742.530,401.956,568.638
548.843,974.768,493.667,802.269,218.441,742.562,401.893,568.653
549.319,974.874,493.887,802.106,218.454,742.784,401.944,568.650
549.168,974.658,494.309,802.753,218.398,742.926,401.801,568.555
549.088,975.154,494.403,802.992,218.391,742.808,401.795,568.735
548.664,975.099,493.899,802.659,218.302,742.481,402.003,568.512
548.584,975.363,493.533,802.851,218.385,742.375,401.858,568.809
547.965,975.172,494.040,803.291,218.441,742.489,401.935,568.843
548.078,975.585,493.957,802.549,218.547,742.848,401.918,568.756
548.512,976.090,494.159,802.214,218.786,743.758,401.825,568.923
548.414,975.938,494.195,802.141,218.593,743.311,401.997,568.656
549.181,974.941,493.565,802.130,218.726,742.453,401.844,568.834
548.536,974.125,493.794,801.941,218.459,742.214,401.966,568.658
548.613,974.761,494.336,802.801,218.652,742.561,401.727,569.155
548.579,975.285,494.269,801.573,218.703,742.071,401.917,569.091
549.204,976.676,494.475,801.775,218.584,741.974,401.721,568.803
549.851,976.510,493.754,802.408,218.756,742.199,401.832,568.842
550.168,977.520,493.850,802.142,218.928,742.804,401.832,568.993
549.646,977.051,493.786,801.393,219.014,742.829,401.892,568.918
549.816,977.212,494.387,801.492,219.006,742.133,401.688,569.163
550.240,977.418,493.742,801.832,218.725,741.994,401.758,568.613
549.215,976.165,493.829,800.982,219.292,742.463,401.660,568.676
549.241,976.118,493.977,801.644,219.180,742.858,401.757,568.770
549.335,977.235,493.381,801.667,219.026,742.416,401.861,568.884
549.012,977.094,493.022,800.907,219.304,741.835,401.749,568.532
548.676,976.635,493.202,801.085,219.236,742.300,401.725,568.385
548.032,976.127,493.730,801.612,218.834,743.113,401.590,566.435
547.973,976.247,493.787,801.580,219.327,742.606,400.783,561.868
548.576,976.820,493.369,802.283,219.601,742.973,397.392,559.810
548.123,976.028,494.072,801.955,219.752,743.487,390.739,553.666
548.703,975.944,494.141,801.455,219.645,742.960,385.285,551.138
548.914,976.104,494.286,801.648,219.742,743.167,377.685,548.464
548.341,975.213,493.505,801.682,219.701,743.138,373.634,546.187
548.784,975.733,493.942,801.692,219.449,743.319,370.718,539.805
548.587,975.936,493.983,801.812,219.083,743.743,364.320,530.843
549.007,976.207,494.509,801.610,219.571,743.525,352.803,525.693
549.025,976.034,494.712,802.116,219.362,743.513,344.567,521.935
548.603,974.998,494.850,802.175,218.414,742.723,341.077,522.661
548.837,976.090,494.943,802.099,218.254,742.577,339.074,522.261
548.882,976.004,495.129,801.885,218.251,742.456,337.201,519.537
548.658,975.979,495.289,802.127,218.184,742.463,331.005,515.529
548.178,975.640,495.090,802.062,218.045,741.991,326.607,512.366
548.476,976.084,494.970,802.266,218.162,741.881,323.441,510.174
549.267,977.265,495.081,802.469,218.142,742.089,321.521,506.876
548.627,976.743,495.352,802.135,218.165,742.746,314.303,503.743
548.986,977.080,495.176,802.066,218.300,742.984,308.572,500.585
549.199,977.314,495.531,801.957,218.197,741.959,301.877,497.328
549.184,978.224,495.056,802.362,218.356,742.420,300.427,496.976
548.837,977.371,495.622,802.151,218.448,742.478,298.065,497.944
549.097,977.988,496.039,802.119,218.353,742.467,298.102,495.971
549.272,977.834,495.786,801.938,218.137,742.017,295.386,492.849
548.768,976.760,495.922,802.017,217.865,742.081,289.972,488.943
549.200,977.958,495.872,802.240,218.423,742.587,284.724,482.129
549.157,978.007,495.571,802.587,218.225,742.127,277.423,478.822
549.324,978.192,496.036,802.351,218.186,742.389,260.960,478.294
549.296,978.075,496.172,801.446,218.417,742.481,246.945,476.231
549.026,977.138,496.031,801.876,218.399,742.459,233.225,475.594
548.811,976.616,496.096,801.677,218.457,742.720,221.781,472.997
548.710,975.591,495.969,801.650,218.334,742.605,215.850,470.516
548.994,976.984,495.813,801.795,218.464,742.865,212.130,468.113
548.912,976.500,495.886,801.465,218.499,742.754,207.788,466.886
549.241,975.769,496.675,800.150,218.243,743.173,204.872,466.730
549.175,975.568,497.040,799.732,216.984,744.226,200.878,466.827
548.384,976.403,496.718,799.299,214.953,745.420,199.708,466.192
548.470,975.387,496.397,799.115,213.275,748.427,196.441,465.818
548.412,976.587,496.170,799.312,212.317,749.233,195.171,463.449
548.419,976.453,494.971,799.867,212.442,749.230,194.244,461.874
548.376,975.918,494.225,800.127,212.331,749.596,190.800,459.516
548.337,975.126,492.829,800.829,212.329,749.268,189.224,459.250
548.074,975.063,492.484,800.953,212.288,749.452,189.138,459.937
548.219,975.493,492.147,801.049,212.535,749.452,189.122,459.308
548.632,975.834,492.658,801.127,212.471,749.445,191.320,458.515
548.233,975.597,493.222,800.440,212.779,749.931,189.656,461.771
548.277,976.287,493.360,800.373,212.707,749.837,189.791,463.294
548.077,976.230,493.717,800.024,212.727,749.791,188.674,466.758
548.027,976.217,493.917,800.005,212.738,749.880,186.453,468.972
547.852,976.114,493.778,800.155,212.758,749.349,184.666,472.188
548.353,977.125,493.552,800.252,212.768,749.392,182.914,473.716
547.684,976.187,493.865,800.129,212.968,749.738,180.850,474.445
548.262,977.123,493.979,800.071,212.911,749.521,179.747,474.734
548.620,978.023,493.757,800.315,212.897,749.284,179.104,474.712
548.066,977.393,493.928,799.763,212.866,749.169,179.582,474.583
547.828,977.009,494.052,800.194,212.941,749.369,180.559,474.397
548.388,977.949,494.193,800.191,213.041,749.067,180.511,475.818
548.610,978.556,494.211,800.001,213.116,749.098,178.666,476.314
548.994,978.736,494.204,799.571,213.031,749.072,178.334,475.845
548.036,977.121,494.212,799.932,213.221,749.073,178.418,475.447
547.508,976.895,494.286,799.686,213.205,748.969,178.558,475.239
548.388,978.800,494.123,799.868,213.237,749.114,178.233,475.492
548.211,978.436,494.155,799.486,213.418,748.534,177.418,475.320
548.395,978.457,494.316,799.477,213.415,748.774,175.741,476.442
547.939,977.589,494.393,799.488,213.318,748.578,174.170,477.540
547.776,977.772,494.347,799.319,213.179,748.928,173.027,478.681
547.789,977.897,494.272,799.591,213.264,748.867,171.714,479.648
548.301,978.551,493.847,800.075,213.377,748.705,171.326,479.916
548.323,977.801,493.878,800.053,213.466,748.803,171.494,479.781
548.332,977.881,494.159,799.670,213.496,748.578,172.675,478.969
548.182,977.760,494.366,799.439,213.366,748.679,172.879,478.433
547.690,976.865,494.311,799.568,213.485,748.661,174.356,478.184
548.185,978.103,494.410,799.464,213.443,748.640,175.151,477.857
548.411,978.131,494.892,799.539,213.452,748.687,176.051,478.000
548.320,978.327,494.844,799.610,213.373,748.945,176.412,477.982
548.500,978.518,494.793,799.819,213.442,748.522,177.295,478.076
548.593,978.424,494.764,799.744,213.444,748.771,177.156,480.076
548.175,976.683,495.002,799.504,213.523,748.381,176.677,480.810
548.227,978.331,494.685,799.567,213.790,748.204,176.302,481.474
547.762,978.820,494.866,799.519,213.482,748.502,176.248,482.261
547.854,979.213,494.583,799.840,213.434,748.449,175.453,482.712
547.872,979.663,494.451,799.719,213.462,748.477,174.815,484.236
548.265,978.943,494.569,799.735,213.627,748.571,174.620,485.776
547.511,978.038,494.570,799.808,213.481,748.779,174.065,487.362
547.809,978.959,494.697,799.623,213.570,747.953,173.173,487.976
547.642,978.708,494.594,799.687,213.453,747.969,172.478,488.281
547.455,977.684,494.754,799.615,213.777,748.273,171.948,488.455
547.829,978.599,494.982,799.325,213.809,748.203,172.812,488.447
547.488,977.547,494.848,799.143,213.581,748.236,173.515,487.947
547.862,978.548,494.786,799.284,213.623,748.329,173.643,488.935
548.095,978.757,494.671,799.340,213.792,747.890,174.380,488.442
547.960,978.249,494.683,799.299,213.875,747.769,174.406,488.376
547.980,978.462,494.719,799.284,213.848,747.913,174.545,488.109
548.023,979.078,494.751,799.545,213.665,747.842,174.426,487.892
548.401,979.073,494.765,799.283,213.752,747.925,174.400,487.473
547.914,978.781,494.589,799.361,213.726,748.195,174.919,487.599
547.841,978.593,494.529,799.428,213.786,748.136,175.061,487.466
548.137,979.105,494.716,799.225,213.813,748.409,175.789,486.329
547.341,977.492,494.716,799.264,213.761,748.242,175.933,486.902
547.833,979.042,495.040,799.051,213.912,748.169,176.058,486.291
547.959,979.069,495.258,799.263,213.726,748.004,176.209,486.196
547.661,978.901,494.942,799.386,213.929,748.254,176.670,485.933
547.708,979.178,494.825,799.312,213.955,748.155,176.563,485.766
547.352,978.249,495.047,798.951,213.767,748.977,176.407,486.379
547.649,978.313,495.257,798.750,213.736,748.660,176.602,485.977
547.992,978.962,495.305,799.004,213.835,748.934,176.458,486.327
547.788,978.641,494.742,799.243,213.885,748.401,176.716,486.018
548.185,979.600,494.725,799.243,213.655,748.237,177.162,485.536
548.464,979.743,494.962,799.685,213.864,748.746,177.036,485.847
547.630,977.815,494.783,799.630,213.808,748.712,176.905,485.829
547.492,977.891,494.946,799.615,214.115,748.887,176.949,485.057
547.803,978.184,494.931,799.505,214.173,749.255,177.125,484.721
547.737,979.138,494.777,799.296,214.425,749.196,177.136,485.044
547.720,979.037,494.735,799.331,214.535,749.186,177.003,485.010
547.826,978.748,494.755,799.454,214.643,749.693,176.853,484.918
547.435,978.130,494.592,799.771,214.700,749.526,176.892,485.151
547.949,979.489,494.608,799.261,214.694,748.902,177.096,485.224
547.915,979.330,494.791,799.453,214.592,749.338,177.199,484.538
547.894,978.911,494.767,799.045,214.656,749.097,176.974,484.624
547.467,977.402,494.835,799.114,215.285,749.489,177.159,484.379
546.994,976.931,494.825,799.164,214.963,749.564,176.959,484.033
546.672,977.417,494.767,799.683,215.016,749.599,176.856,484.469
547.771,978.503,494.840,799.614,214.979,749.403,176.790,484.828
548.064,979.505,494.579,799.278,215.112,748.866,177.052,485.163
547.693,977.765,494.949,799.097,215.137,748.898,177.045,485.039
547.546,978.142,495.111,799.460,214.909,748.890,176.909,484.976
547.948,979.538,495.216,799.332,214.818,748.359,177.080,484.650
547.535,978.210,494.850,799.236,214.901,748.186,177.061,485.053
548.165,980.102,494.917,799.149,214.833,747.967,177.085,484.792
548.087,979.466,494.768,799.602,214.832,748.013,177.008,484.489
548.047,979.794,494.841,799.399,214.971,748.297,177.179,484.448
547.556,978.033,494.860,799.421,214.874,748.023,176.912,484.246
547.380,978.429,495.164,799.428,215.376,748.181,177.185,484.084
547.690,979.337,494.889,799.544,215.246,748.099,177.316,482.927
547.934,979.806,494.982,799.074,214.790,747.837,177.298,484.077
547.990,979.967,495.071,799.018,214.914,748.026,177.536,482.957
548.039,979.555,494.940,799.116,214.595,747.382,177.752,482.940
547.993,979.824,495.041,798.993,214.655,747.830,177.265,484.178
548.095,979.664,494.806,799.197,214.711,748.061,177.761,482.879
547.946,979.979,494.547,799.411,214.667,747.690,177.442,484.050
547.884,979.777,495.121,799.161,214.648,747.704,177.104,484.579
548.263,980.259,495.104,799.233,214.704,748.173,177.631,483.274
547.775,980.067,495.097,799.177,214.856,747.941,177.455,483.548
547.839,979.835,495.141,799.095,214.572,747.805,177.361,483.458
548.077,979.896,494.904,799.085,214.431,747.296,177.320,483.097
548.360,980.701,495.063,799.212,214.514,747.483,177.119,483.981
547.902,979.714,494.873,799.128,214.610,747.326,177.121,483.420
547.089,977.986,495.026,799.222,214.724,747.632,176.949,484.372
547.187,978.165,495.010,799.174,214.707,747.690,176.936,484.849
547.668,979.703,495.081,799.068,214.906,747.699,176.897,484.388
547.946,980.059,494.786,799.373,214.663,747.572,177.031,484.356
547.826,979.639,494.954,799.279,214.545,748.020,176.764,485.059
547.537,979.829,494.958,799.251,214.877,748.243,176.824,484.401
547.324,979.698,494.987,799.196,215.228,748.116,176.892,484.234
547.460,979.838,494.926,799.144,215.178,748.101,176.951,484.276
547.673,979.348,495.223,798.850,214.932,748.338,177.088,484.407
547.770,979.629,495.277,798.929,215.121,748.192,177.342,483.651
547.527,978.826,495.010,799.202,215.236,747.962,177.256,484.063
547.667,979.974,494.699,799.207,215.229,747.799,177.212,483.548
547.924,979.993,494.658,799.228,215.661,748.261,177.265,484.005
547.244,979.304,495.226,799.316,214.805,747.526,177.273,484.003
547.245,979.022,494.928,799.186,215.358,748.400,177.317,484.462
547.750,980.297,494.536,799.763,214.788,747.715,177.004,484.100
547.311,979.100,494.577,799.372,215.015,747.994,177.198,483.893
547.571,978.340,495.275,798.964,214.733,747.508,177.134,484.278
548.566,980.332,494.700,799.274,214.680,747.486,177.088,484.416
548.956,980.770,494.894,799.198,214.568,747.458,177.208,483.834
548.783,980.800,494.824,799.204,214.660,747.320,177.218,484.191
548.660,980.499,495.107,799.154,214.606,747.049,177.328,483.958
548.688,980.642,495.378,798.806,214.471,747.202,177.232,483.936
548.726,980.812,494.928,799.163,214.503,747.330,177.073,484.736
548.939,980.712,495.378,798.906,214.485,747.450,177.158,484.138
548.802,980.680,495.368,798.905,214.440,747.486,177.182,484.208
548.805,980.654,495.017,799.203,214.594,747.507,177.408,483.439
548.663,980.740,495.039,799.436,214.435,747.284,177.313,483.646
548.776,981.031,495.326,798.931,214.458,747.347,177.387,484.238
549.113,980.543,495.228,799.220,214.449,747.337,177.312,483.798
549.141,981.136,495.015,799.141,214.515,747.526,177.198,484.175
549.154,981.234,495.345,798.962,214.502,747.158,177.301,483.986
549.365,981.471,495.329,799.338,214.273,747.482,177.413,483.831
549.576,981.337,495.230,799.070,214.314,747.506,177.434,484.061
549.451,981.015,495.026,799.132,214.321,746.980,177.174,483.869
549.402,981.435,495.105,799.174,214.359,747.334,177.244,484.062
549.099,980.059,495.296,799.100,214.314,746.922,177.218,483.712
548.933,980.426,495.578,799.032,214.502,746.940,177.307,484.098
549.066,980.743,495.447,799.136,214.440,746.755,177.684,483.062
548.709,980.457,495.074,799.109,214.359,746.754,177.743,482.710
548.736,980.834,495.015,799.265,214.267,746.792,177.794,482.878
548.693,980.554,494.857,799.765,214.309,747.006,177.400,483.574
548.677,980.286,495.286,799.512,214.268,746.897,178.039,482.969
548.418,980.068,494.641,799.810,214.248,747.003,177.929,484.189
547.645,978.322,494.857,799.690,214.299,746.977,178.026,482.921
548.530,980.740,494.923,799.098,214.459,747.193,178.339,481.866
548.319,980.495,494.942,799.411,214.391,747.056,177.869,482.782
546.842,978.250,495.367,799.484,214.400,747.109,177.930,481.822
547.462,981.112,494.888,799.400,214.444,747.032,177.673,482.743
546.944,978.838,494.717,799.558,214.550,747.112,177.227,483.932
547.261,979.917,494.954,799.325,214.706,747.498,177.317,482.305
547.412,979.839,494.773,799.427,214.690,747.579,176.852,482.961
547.255,978.875,494.929,799.585,214.691,746.889,177.096,484.410
547.181,978.465,494.889,799.574,214.695,747.205,177.483,483.305
547.287,980.088,494.678,799.705,214.560,746.992,177.398,483.819
546.863,979.840,494.811,799.766,214.584,747.129,177.533,483.732
547.124,979.785,494.879,799.234,214.607,747.109,177.581,482.713
547.865,981.495,494.659,799.665,214.726,747.328,177.623,482.184
547.553,979.522,494.994,799.090,214.700,747.100,178.047,483.448
547.588,980.243,495.022,799.069,214.704,747.159,177.870,482.356
547.876,980.753,495.241,799.439,214.663,746.865,177.800,483.164
548.240,981.195,495.230,799.498,214.553,746.797,177.646,483.149
547.602,979.744,494.840,799.619,214.710,747.042,177.606,483.702
547.506,979.081,494.704,799.623,214.618,747.128,177.736,483.149
548.167,980.630,494.912,799.696,214.723,747.082,178.036,482.500
548.164,981.070,495.284,799.122,214.570,746.798,177.542,483.019
547.719,980.718,495.094,799.252,214.658,747.124,177.863,482.642
547.633,980.674,494.944,799.466,214.662,746.897,178.175,481.586
547.617,980.562,495.082,799.303,214.651,746.909,177.600,482.968
547.563,980.682,495.391,799.123,214.772,746.961,177.673,483.011
547.565,980.537,495.302,799.190,214.797,747.036,178.265,481.449
547.803,980.509,494.998,799.210,214.601,746.799,177.807,482.748
547.790,980.296,494.839,799.284,214.620,747.002,178.006,482.262
547.933,980.901,494.836,799.691,214.494,746.905,177.684,482.492
547.876,981.053,495.016,799.661,214.550,746.836,177.811,482.795
547.942,980.914,495.136,799.541,214.563,746.932,177.566,483.428
547.765,980.956,494.956,799.686,214.535,746.854,177.584,483.585
547.946,980.917,495.169,799.535,214.504,747.073,177.834,482.577
547.189,979.700,494.914,799.400,214.552,747.020,177.148,483.568
547.995,980.912,494.968,799.333,214.475,747.118,176.969,484.403
548.028,982.371,495.034,799.612,214.562,747.134,177.277,482.606
547.654,982.124,495.128,799.502,214.572,747.007,177.028,484.076
547.099,979.207,494.854,799.343,214.671,747.070,177.071,484.330
547.620,980.857,494.997,799.236,214.666,746.973,176.995,482.994
547.513,980.787,494.774,799.440,214.609,746.739,177.438,483.597
547.296,980.430,494.949,799.336,214.549,746.860,177.066,484.594
548.052,981.787,495.064,799.553,214.561,746.746,177.282,483.802
547.441,980.747,495.174,799.640,214.703,746.880,177.297,483.645
546.812,978.761,495.110,799.517,214.695,746.856,177.289,484.007
548.058,982.409,495.100,799.414,214.672,746.753,177.443,483.514
547.686,981.308,494.793,799.649,214.701,746.696,177.219,483.306
547.192,979.940,494.930,799.294,214.444,746.794,177.381,483.276
547.488,979.945,494.586,799.522,214.625,746.907,177.635,483.105
547.297,979.137,494.812,799.642,214.630,746.959,177.387,483.563
547.020,978.938,494.931,799.279,214.586,746.937,177.550,483.647
547.908,981.881,494.751,799.455,214.377,746.303,177.349,484.150
547.363,979.136,494.997,799.311,214.595,746.814,177.129,484.416
548.052,982.224,495.259,799.417,214.930,747.016,177.375,484.373
548.265,982.477,495.343,799.094,214.786,746.800,177.396,484.561
547.810,980.239,495.205,799.218,214.577,746.580,177.586,484.804
547.515,978.759,495.252,799.324,214.630,746.511,177.734,485.181
548.369,982.047,494.862,799.450,214.909,746.767,177.818,484.624
548.330,982.286,495.324,799.006,214.895,746.761,177.631,483.937
548.104,982.071,495.079,799.190,214.965,747.014,177.630,484.946
548.485,982.520,494.964,799.343,215.269,747.145,176.927,487.747
547.957,982.204,494.914,799.723,215.088,746.909,176.377,488.829
547.493,979.380,494.803,799.856,215.109,746.930,176.066,489.096
548.282,982.405,495.000,799.649,215.049,746.991,175.725,489.788
548.415,982.886,495.130,799.219,215.114,746.958,175.370,489.579
548.264,982.668,494.997,799.377,215.229,746.984,175.420,489.488
547.894,982.087,495.160,799.347,215.320,747.152,175.892,489.482
548.065,982.668,495.064,799.339,215.327,747.116,176.390,489.674
548.255,982.425,494.703,799.402,215.785,747.977,176.770,489.520
548.232,982.232,494.849,799.359,215.162,747.220,176.790,489.305
547.166,978.869,494.984,799.302,215.373,747.742,176.863,489.023
548.300,982.459,495.005,799.211,215.394,747.811,176.738,489.179
547.959,982.213,495.125,799.274,215.445,748.622,176.609,488.981
548.262,982.340,494.809,799.363,215.401,748.834,176.290,489.372
548.404,982.681,494.824,799.308,215.461,748.809,176.109,489.581
548.357,982.497,495.027,799.229,215.759,748.201,176.304,489.526
548.017,982.320,495.056,799.174,215.809,748.284,176.358,489.473
548.244,982.455,494.802,799.343,215.469,748.095,176.395,489.884
548.300,982.070,494.999,799.264,215.369,747.659,176.441,489.866
548.021,982.234,494.836,799.336,215.415,748.040,176.201,490.271
548.294,982.566,494.999,799.299,215.483,748.277,176.275,490.206
548.391,982.599,494.628,799.679,215.909,747.612,175.689,490.004
548.391,982.692,494.939,799.349,216.158,747.758,175.402,490.259
547.893,982.433,494.986,799.343,216.234,747.763,175.234,490.026
547.464,979.980,495.118,799.287,216.160,747.730,175.049,490.508
548.444,982.886,495.148,799.085,215.977,747.393,174.883,490.672
547.726,979.989,495.194,799.304,216.129,747.900,174.772,490.734
548.018,982.263,495.267,799.237,216.105,748.006,174.962,490.575
548.432,982.761,494.636,799.489,216.172,747.770,175.039,490.887
548.067,982.994,494.752,799.470,216.126,747.791,175.106,490.806
547.779,983.040,495.154,799.426,216.037,747.379,175.180,490.837
548.240,982.763,495.212,799.483,216.611,747.983,175.379,490.610
548.300,982.321,494.875,799.276,216.401,748.275,175.229,490.844
547.679,979.935,495.024,799.251,216.172,748.107,175.255,490.826
548.336,982.651,494.779,799.338,216.339,748.101,175.397,490.662
548.039,982.249,495.402,798.918,216.068,748.018,175.415,490.617
547.988,982.389,494.944,799.076,215.729,747.514,175.409,490.268
547.850,982.332,494.741,799.298,215.702,747.508,175.510,490.315
547.400,979.891,494.900,799.215,215.824,747.461,175.407,490.334
548.107,982.845,495.027,799.218,215.660,747.483,175.221,490.828
548.252,982.901,495.057,799.164,215.960,747.676,175.348,490.807
547.721,982.195,495.068,799.329,215.767,747.342,175.292,490.413
547.959,982.588,494.778,799.369,215.801,747.304,175.184,490.771
548.089,982.944,494.740,799.540,215.912,747.039,175.552,490.199
548.266,982.916,494.651,799.618,215.931,747.256,175.564,490.140
547.891,982.355,494.937,799.584,215.887,747.701,175.520,490.562
547.973,982.216,494.848,799.383,215.969,747.677,175.510,490.490
548.464,983.028,494.839,799.423,216.145,747.473,175.517,490.385
547.889,980.127,494.782,799.282,216.089,747.883,175.569,490.381
548.306,982.286,495.046,799.246,215.968,747.641,175.474,490.392
548.352,982.726,494.726,799.439,216.308,747.894,175.527,490.766
547.832,980.273,494.990,799.315,215.766,747.234,175.482,490.768
547.872,979.973,494.775,799.355,216.081,747.833,175.481,490.565
547.712,979.045,494.668,799.589,216.076,748.035,175.477,490.517
547.639,979.155,494.954,799.298,215.498,747.882,175.648,490.672
547.617,979.306,494.749,799.497,215.932,747.780,175.680,490.461
547.988,980.826,494.893,799.273,216.027,747.991,175.544,490.717
548.056,980.868,495.071,799.229,215.772,747.465,175.527,490.728
547.654,979.010,494.958,799.255,216.002,747.604,175.515,490.336
548.029,980.192,495.141,799.205,215.705,747.139,175.521,490.303
547.781,979.191,494.924,799.232,214.841,746.531,175.566,490.410
548.194,980.418,495.008,799.313,215.066,746.203,175.600,490.311
548.011,980.674,494.634,799.502,215.323,746.855,175.499,490.233
548.047,980.251,494.868,799.248,215.225,746.920,175.562,490.379
548.000,980.193,494.857,799.233,215.862,747.297,175.577,490.422
548.146,980.611,495.033,799.101,215.763,747.007,175.656,490.416
548.245,979.864,495.011,799.041,215.753,747.192,175.517,490.563
548.116,980.193,495.109,799.493,215.586,746.900,175.694,490.566
548.282,980.242,494.872,799.603,215.367,746.684,175.539,490.730
548.254,980.619,494.734,799.733,215.055,746.505,175.606,490.545
548.232,980.371,494.620,799.411,215.110,746.357,175.641,490.672
548.194,980.075,495.325,799.141,215.336,746.525,175.687,490.468
548.139,980.079,495.297,799.061,215.391,746.612,175.635,490.496
548.054,979.550,494.957,799.223,215.450,746.681,175.581,490.516
548.450,979.949,494.998,799.319,215.460,746.665,175.692,490.406
548.129,979.746,494.765,799.408,215.552,747.067,175.512,490.575
548.200,980.377,494.786,799.332,215.550,746.797,175.686,490.990
548.054,979.652,495.096,799.207,215.588,746.821,175.621,490.605
548.179,979.880,494.682,799.374,215.682,746.680,175.515,490.700
547.904,979.099,494.610,799.358,215.700,746.669,175.407,491.020
547.951,978.512,494.661,799.373,215.672,746.956,175.380,491.025
548.318,980.072,494.806,799.244,215.863,747.244,175.329,490.940
548.428,980.367,495.083,799.325,215.751,747.334,175.365,490.762
548.310,980.324,495.009,799.308,215.618,747.090,175.468,490.581
548.357,980.069,495.012,799.206,215.800,746.874,175.615,490.773
548.330,980.027,494.943,799.105,215.856,747.123,175.599,490.868
548.416,979.937,494.764,799.328,216.297,747.710,175.460,490.771
548.462,979.838,494.807,799.216,215.922,747.224,175.461,490.642
548.389,980.028,494.979,799.631,215.754,747.021,175.639,490.626
548.323,980.091,494.860,799.501,215.876,747.029,175.472,490.648
548.280,979.948,494.545,799.432,215.734,747.116,175.559,490.800
548.206,979.933,494.965,799.817,215.941,747.002,175.531,490.654
548.175,979.139,494.962,799.685,215.940,746.842,175.542,490.661
548.678,979.285,494.638,799.464,215.804,746.961,175.402,490.627
548.697,979.295,494.846,799.625,215.969,747.215,175.451,490.550
548.738,978.915,494.713,799.865,215.570,746.818,175.699,490.724
548.696,978.807,495.048,799.155,215.699,746.912,175.586,490.419
548.345,979.293,494.936,799.065,215.890,746.942,175.660,490.671
548.633,978.569,494.675,799.251,215.670,746.908,175.657,490.762
548.649,978.615,494.813,799.582,215.597,746.848,175.646,490.529
548.841,979.167,494.730,799.679,215.854,746.737,175.593,490.495
548.872,978.649,494.951,799.143,215.661,746.800,175.764,490.566
548.839,978.229,494.910,799.265,215.663,746.812,175.687,490.688
548.761,978.706,494.663,799.505,215.562,746.723,175.633,490.574
548.731,978.174,494.687,799.395,215.722,746.844,175.663,490.807
548.577,977.427,494.689,799.375,215.590,746.565,175.759,490.526
548.748,976.780,495.001,799.566,215.906,746.899,175.329,490.610
548.965,977.097,494.594,799.703,216.092,747.171,175.551,490.410
548.871,977.183,495.155,799.842,215.920,747.074,175.680,490.513
549.198,977.504,495.201,799.892,215.793,746.827,175.507,490.530
548.752,978.305,495.557,799.609,215.552,746.599,175.632,490.365
548.671,978.865,495.037,799.874,215.860,746.964,175.535,490.537
548.876,978.535,495.016,800.034,215.698,746.952,175.615,490.432
548.702,977.055,494.965,800.014,215.703,746.772,175.551,490.578
549.063,976.065,495.352,799.938,215.769,746.949,175.506,490.649
548.681,975.808,495.100,799.853,215.669,746.837,175.573,490.786
549.103,977.497,495.287,799.662,215.671,746.789,175.479,490.690
549.095,977.462,495.427,799.467,215.623,746.638,175.642,490.509
549.371,977.168,495.516,799.702,215.687,746.744,175.458,490.798
548.933,976.550,495.322,800.168,215.667,746.875,175.617,490.414
549.125,977.427,494.895,800.228,215.653,746.797,175.513,490.390
548.690,977.258,495.231,800.104,215.929,746.883,175.619,490.544
548.254,976.792,495.218,800.434,215.850,746.828,175.625,490.379
548.193,975.891,495.402,800.544,215.818,746.964,175.577,490.462
548.813,976.947,495.483,800.726,215.610,746.631,175.602,490.581
549.187,977.318,495.505,800.269,215.640,746.588,175.463,490.587
549.103,976.290,495.521,800.420,215.697,746.650,175.689,490.336
549.765,975.784,495.546,799.940,215.577,746.693,175.488,490.570
549.465,977.543,495.128,800.338,215.570,746.614,175.382,491.014
549.715,977.420,495.002,800.629,215.642,746.728,175.397,490.663
550.261,978.112,495.352,800.668,215.819,746.643,175.509,490.595
550.086,978.028,495.363,800.151,215.739,746.480,175.417,490.731
551.132,978.126,495.343,800.094,215.714,746.670,175.399,490.679
551.275,978.621,494.924,800.507,215.682,746.751,175.344,490.867
550.319,980.829,495.139,800.651,215.705,746.591,175.506,490.566
551.027,981.581,494.928,800.293,215.726,746.459,175.486,490.694
552.388,981.538,495.331,800.144,215.941,746.806,175.395,490.907
551.182,981.375,495.408,800.619,215.851,746.710,175.400,490.682
550.833,981.525,494.689,800.604,215.749,746.609,175.527,490.719
550.914,982.199,493.965,801.383,215.632,746.586,175.571,490.782
551.183,982.353,494.398,800.755,215.719,746.620,175.630,490.608
551.069,982.217,494.503,800.632,215.758,746.923,175.606,490.644
550.904,981.819,494.198,801.097,215.694,746.640,175.512,490.579
550.451,981.762,494.331,800.510,215.699,746.673,175.586,490.676
550.627,983.466,493.213,800.665,215.826,746.783,175.680,490.664
550.281,983.149,493.869,800.378,215.802,746.716,175.463,490.642
550.389,982.773,493.474,800.846,215.836,746.674,175.456,490.771
549.765,982.876,493.123,801.061,215.666,746.456,175.411,491.326
549.018,982.464,492.586,801.142,215.818,746.613,175.471,490.786
550.097,982.385,493.620,801.164,215.792,746.857,175.353,490.840
550.302,983.005,493.770,800.785,215.701,746.897,175.424,491.011
550.040,982.942,494.084,800.966,215.749,746.535,175.435,490.796
549.990,983.374,492.900,801.606,215.624,746.581,175.395,490.943
550.270,982.931,493.057,801.502,215.626,746.719,175.330,490.916
549.808,982.487,493.488,800.844,215.784,746.879,175.466,490.823
549.508,983.035,493.642,800.829,215.625,746.643,175.475,490.762
550.177,982.979,493.216,801.480,215.592,746.625,175.456,490.894
550.410,982.553,492.166,801.559,215.854,746.698,175.389,491.003
549.869,982.969,493.118,800.885,215.708,746.687,175.569,490.410
548.835,982.342,493.402,801.044,215.718,746.686,175.516,491.066
550.499,984.566,493.163,800.893,215.780,746.807,175.216,491.214
550.754,983.904,492.427,801.370,215.589,746.477,175.370,490.760
550.501,983.169,492.326,801.930,215.672,746.334,175.334,490.879
549.792,983.315,492.747,801.730,215.673,746.401,175.383,490.636
550.383,983.116,493.352,800.968,215.579,746.076,175.344,490.674
550.716,983.917,492.998,800.365,215.654,746.323,175.283,490.683
550.387,983.581,493.799,800.233,215.609,746.360,175.223,490.924
549.881,982.519,492.425,801.280,215.751,746.597,175.195,490.996
549.519,982.406,491.478,801.813,215.870,746.708,175.250,491.182
549.790,983.255,492.211,801.967,215.866,746.821,175.200,491.115
549.809,984.308,492.544,801.696,215.747,746.767,175.173,491.245
549.412,983.459,492.511,801.194,215.726,746.474,175.218,491.121
549.868,982.748,492.970,800.940,215.655,746.581,175.416,490.870
549.384,982.169,492.305,801.760,215.661,746.132,175.349,490.910
549.309,982.219,491.860,802.173,215.567,746.133,175.396,491.144
549.363,982.950,492.474,801.777,215.623,746.524,175.410,491.025
548.676,982.296,492.130,800.582,215.593,746.481,175.326,491.164
548.916,981.992,491.895,801.353,215.584,746.542,175.480,490.761
548.718,981.565,491.355,801.929,215.491,746.247,175.394,490.863
549.072,982.468,491.023,802.618,215.763,746.405,175.578,490.874
549.092,982.999,491.512,802.008,216.140,746.578,175.275,490.727
548.906,981.805,491.729,801.689,215.554,746.097,175.270,490.963
548.890,981.986,492.544,801.791,215.548,746.234,175.423,490.673
548.489,982.245,492.349,801.255,215.506,746.126,175.429,490.774
549.124,982.527,491.500,802.186,215.566,746.118,175.422,491.147
549.230,981.671,490.978,802.614,215.723,746.465,175.414,491.021
548.143,983.293,490.587,802.244,215.569,746.099,175.471,490.767
548.535,982.453,491.198,801.626,215.720,746.304,175.538,490.758
549.010,981.982,491.240,801.529,215.620,746.312,175.419,490.768
548.764,982.762,491.175,801.540,215.592,746.204,175.377,490.778
548.227,982.995,490.694,802.075,215.817,746.810,175.500,491.018
548.440,982.416,491.204,801.672,215.832,746.608,175.488,490.977
548.530,982.280,491.218,802.046,215.718,746.530,175.358,490.902
548.276,983.358,492.471,801.779,215.776,746.376,175.376,491.351
548.757,982.267,492.075,802.019,215.725,746.286,175.366,491.724
548.906,982.879,491.603,801.951,215.769,746.236,175.407,490.842
549.033,983.129,491.056,802.324,215.746,746.391,175.417,490.752
548.683,982.824,490.469,803.078,216.107,746.789,175.287,491.051
549.287,982.486,490.640,802.683,216.036,746.648,175.143,491.219
548.851,982.501,491.274,802.626,216.094,746.825,175.467,490.857
548.197,982.546,491.322,802.509,215.922,746.711,175.512,491.038
548.624,982.208,490.522,803.245,216.257,747.320,175.516,490.512
548.942,982.508,490.165,803.113,216.136,747.071,175.414,490.881
548.622,982.660,490.301,803.684,216.396,747.516,175.170,490.920
548.628,982.709,490.850,803.276,216.005,747.093,175.028,491.246
548.608,982.261,490.835,803.007,216.553,747.821,175.210,491.323
548.613,982.531,490.122,804.404,216.463,747.626,175.175,491.629
548.592,982.439,490.007,803.429,216.479,747.676,175.255,491.169
548.493,982.706,490.624,803.065,216.421,747.706,175.487,490.803
548.846,982.772,491.063,803.301,216.276,747.515,175.383,490.863
548.941,982.301,490.036,803.667,216.256,747.328,175.190,491.157
548.795,982.785,490.025,803.946,216.240,747.324,175.250,491.376
548.689,983.002,490.271,803.641,216.413,747.548,175.188,491.172
548.661,983.089,490.463,803.164,216.518,747.712,175.131,491.175
548.804,982.545,489.724,803.250,216.402,747.310,175.205,491.068
548.623,982.804,490.007,803.241,216.571,747.658,175.217,491.036
548.897,983.093,490.063,803.303,216.371,747.216,175.169,490.894
548.629,982.945,490.054,803.119,216.392,747.100,175.131,491.098
548.475,984.329,490.409,803.285,216.483,747.375,175.170,491.106
547.821,983.836,490.298,802.903,216.144,747.064,175.298,490.877
548.176,983.686,490.406,803.087,216.019,746.817,175.284,490.775
548.923,982.693,490.457,803.606,216.189,747.012,175.154,491.211
548.830,982.629,490.622,803.974,216.340,746.938,175.282,491.151
548.746,982.172,490.664,803.555,215.913,747.025,175.051,491.493
548.506,980.693,491.100,803.615,216.138,747.383,174.965,491.456
548.333,980.722,491.505,803.199,216.247,747.615,175.199,490.967
548.692,980.766,491.448,802.621,216.300,747.626,175.303,490.984
548.600,980.551,490.506,803.025,216.355,747.414,175.189,491.208
548.603,980.741,489.763,803.981,216.275,747.344,175.277,491.100
548.534,980.362,489.961,803.529,216.394,747.074,175.476,490.702
547.603,976.705,490.543,803.365,216.634,747.235,175.282,491.079
547.448,976.045,491.139,803.010,216.778,747.314,175.475,491.016
547.203,975.475,490.472,803.035,217.167,746.863,175.531,490.897
547.265,975.803,490.508,803.712,217.548,747.441,175.466,490.890
547.236,976.949,490.498,803.953,217.910,747.962,175.321,490.945
547.265,977.227,491.009,803.262,217.918,748.328,175.288,491.257
546.995,977.414,491.058,803.136,217.902,748.339,175.120,491.512
546.500,977.414,490.495,802.190,217.996,748.241,175.067,491.347
546.900,977.055,489.778,803.210,217.888,748.184,175.217,491.205
547.493,976.469,489.782,803.126,217.631,747.861,175.239,491.240
547.713,976.425,489.882,803.565,217.666,747.561,175.258,491.334
547.643,976.869,490.625,803.033,217.618,747.506,175.320,491.754
547.680,977.441,490.951,802.664,217.320,747.452,175.376,491.225
547.631,978.454,491.078,802.727,217.582,747.667,175.393,491.015
547.370,977.992,489.931,803.236,217.565,747.606,175.239,491.288
547.712,978.128,489.987,804.323,217.513,747.577,175.318,490.992
548.054,977.470,489.719,803.938,217.296,747.230,175.151,491.118
547.364,976.996,489.910,803.435,217.648,747.758,175.338,490.961
547.685,977.424,489.670,803.478,217.733,747.781,175.267,490.902
546.655,977.030,489.538,804.240,217.645,747.711,175.391,490.781
546.719,977.284,490.054,804.166,217.309,747.302,175.378,490.898
547.093,977.454,490.536,803.971,217.199,747.250,175.327,490.929
547.558,979.410,491.255,803.567,217.027,747.081,175.357,490.954
547.875,980.367,490.605,803.808,216.746,746.722,175.413,491.037
547.734,979.708,490.205,805.497,216.844,747.052,175.364,491.018
547.894,980.017,490.382,806.015,216.820,747.014,175.272,491.161
547.832,979.664,490.340,805.632,216.934,747.225,175.092,492.124
547.895,979.923,490.913,804.602,216.774,747.002,175.109,491.699
547.931,978.951,491.564,803.932,217.323,747.430,175.076,491.420
547.691,979.246,490.369,805.134,216.977,747.066,175.101,491.518
547.503,978.950,490.339,806.488,217.078,746.785,175.178,490.952
547.418,978.617,490.186,806.597,217.205,746.974,175.120,490.974
547.597,978.710,490.433,805.615,217.114,747.189,174.974,492.000
547.881,979.347,490.067,806.429,216.986,747.108,174.943,491.816
547.909,979.696,489.308,807.726,216.934,746.974,175.221,491.184
548.103,980.156,488.813,808.390,217.150,747.328,175.216,491.211
548.013,979.621,489.411,806.481,216.825,746.759,175.175,491.274
548.137,979.207,489.608,806.121,216.758,746.772,175.166,491.477
547.695,978.492,489.729,805.225,216.804,746.850,175.189,490.912
547.680,978.265,490.285,804.904,217.228,747.373,175.114,491.066
547.554,978.519,489.241,806.955,216.839,746.733,175.203,491.142
547.730,978.786,488.301,805.165,217.125,747.184,175.185,491.005
547.701,978.303,488.376,805.869,217.239,747.108,175.144,491.553
547.609,978.241,488.859,805.886,216.733,746.985,175.081,492.039
548.269,980.338,488.933,805.240,217.138,747.098,175.145,491.831
547.735,978.542,488.373,805.561,216.851,746.919,175.270,491.257
547.671,978.564,489.776,805.196,216.659,746.814,175.232,491.569
548.031,979.000,489.678,805.219,216.681,746.982,175.349,490.815
548.039,978.787,488.765,805.507,216.315,746.357,175.331,491.426
548.366,979.850,489.850,806.041,216.377,746.761,175.279,491.493
548.094,979.161,489.844,805.643,216.540,746.750,175.310,491.292
547.976,978.448,489.304,807.495,216.828,746.944,175.198,491.692
547.884,977.974,489.379,807.039,216.833,746.957,175.172,491.297
548.246,979.640,488.657,807.309,216.785,746.693,175.094,490.904
547.591,978.120,488.977,805.884,217.038,747.399,175.220,490.808
548.154,979.874,489.054,806.310,216.582,746.687,175.107,491.078
547.915,978.445,488.623,806.650,217.268,747.540,175.226,491.056
547.900,978.226,489.786,805.176,217.134,747.115,175.157,491.181
547.799,978.233,488.031,805.268,216.615,746.556,175.110,491.461
548.282,979.652,488.086,803.066,216.874,747.041,175.115,491.560
547.922,978.692,486.624,806.831,217.087,747.561,174.984,491.471
547.912,978.763,487.312,804.935,216.745,746.932,175.189,490.917
547.940,978.714,488.030,805.440,217.007,746.939,175.022,491.315
547.138,978.193,486.823,808.263,217.132,747.258,174.942,491.583
547.255,978.155,486.599,808.191,216.656,746.450,175.135,491.129
547.816,978.800,486.849,807.155,217.076,747.131,175.232,490.992
547.826,979.032,486.916,805.996,217.108,747.185,175.227,491.102
547.594,978.823,487.411,804.820,216.746,746.481,175.165,491.199
547.759,978.790,487.620,806.051,216.710,746.440,175.200,491.184
547.973,979.221,487.877,806.237,217.035,747.117,175.205,490.979
547.841,979.305,487.605,805.689,217.048,746.828,175.095,491.135
548.324,978.642,487.575,806.206,217.081,746.799,175.133,491.033
547.834,978.848,487.917,806.383,217.118,746.943,175.105,491.027
548.107,979.707,488.103,806.132,217.207,747.008,175.162,491.864
547.674,978.273,488.185,806.064,216.702,746.413,175.014,491.946
546.887,977.957,488.734,805.356,216.801,746.564,175.014,491.916
547.600,977.707,489.935,804.172,216.756,746.550,175.091,491.892
548.123,978.139,489.992,803.599,216.621,746.320,175.133,491.074
548.227,978.837,489.999,803.435,216.809,746.500,175.184,491.145
547.424,978.535,489.404,804.601,216.744,746.505,175.201,491.081
547.179,977.372,489.031,804.743,216.825,746.680,175.216,490.891
547.431,977.619,489.089,804.985,216.718,746.496,175.067,491.170
547.919,977.624,489.169,804.610,216.802,746.535,175.067,491.322
547.798,978.655,489.085,805.197,216.823,746.535,175.038,491.964
547.171,978.321,489.790,804.784,216.617,746.502,175.023,491.317
546.999,977.949,489.683,804.942,216.860,746.931,175.013,491.331
548.016,977.873,489.208,804.723,217.127,746.961,175.130,491.709
548.479,978.636,489.331,804.736,216.859,746.743,175.063,491.048
547.582,978.229,489.243,804.706,217.143,747.253,175.260,491.087
547.631,978.595,489.340,804.920,216.630,746.558,175.087,491.361
547.764,979.529,489.477,804.896,217.039,747.096,175.085,491.092
547.903,979.442,489.362,804.857,216.848,746.984,174.917,491.349
548.363,979.611,489.118,805.088,216.887,746.879,174.792,491.876
548.328,980.085,489.238,805.054,216.367,746.314,174.953,491.401
547.617,978.741,489.310,804.776,216.710,746.677,174.972,491.516
547.284,978.067,489.279,804.959,216.840,746.594,174.889,491.551
547.724,978.499,489.242,804.772,217.057,746.986,174.939,491.425
548.192,979.902,489.551,804.248,217.073,747.254,175.013,491.325
548.453,980.076,489.263,804.810,217.062,747.259,175.053,491.692
547.745,979.423,489.036,805.059,217.161,747.012,175.246,491.708
547.834,980.284,489.007,805.048,217.002,746.816,175.186,491.841
548.000,979.882,489.195,804.918,216.909,747.138,175.009,491.661
548.366,980.408,489.162,805.031,216.814,746.960,174.970,492.248
548.011,979.399,489.359,805.001,216.996,747.083,175.121,491.353
547.708,979.231,489.004,805.410,216.697,746.450,175.099,491.386
547.259,978.876,489.215,804.999,216.866,746.787,175.070,491.376
548.187,979.948,489.346,805.051,216.932,746.807,175.063,491.239
548.349,980.359,488.887,805.565,216.810,746.745,175.069,491.129
547.633,979.609,488.865,805.465,216.939,746.640,174.953,491.694
547.672,979.757,488.904,805.368,216.844,746.587,174.970,491.497
548.280,981.151,489.007,805.166,216.677,746.709,175.111,491.002
548.623,980.533,489.042,804.745,216.644,746.562,175.203,491.115
548.254,980.187,489.767,804.980,216.723,746.528,175.149,491.590
548.762,980.336,489.635,804.683,216.726,746.490,175.070,491.857
548.311,980.236,489.686,804.694,216.860,746.494,175.283,491.195
547.962,979.674,489.677,804.692,216.969,746.563,175.247,491.131
548.068,978.764,489.572,804.967,216.839,746.413,175.144,491.265
547.878,979.334,489.521,805.227,216.809,746.560,175.071,491.305
548.590,980.049,489.559,804.869,216.829,746.529,175.196,491.636
548.566,980.444,489.428,805.187,216.708,746.764,175.138,491.152
548.333,980.215,489.220,805.264,216.774,746.664,175.075,491.276
547.994,980.009,489.820,804.810,216.841,746.632,175.063,491.282
548.121,979.120,489.273,804.909,216.748,746.421,175.084,491.141
547.835,979.188,489.276,805.139,216.865,746.529,174.995,491.307
547.998,978.552,489.207,805.119,216.874,746.626,174.933,491.304
548.237,980.178,489.714,804.616,216.887,746.390,174.939,491.570
547.830,979.976,489.579,804.710,216.760,746.430,174.920,491.600
547.494,979.376,489.145,805.345,216.619,746.399,175.023,491.390
547.812,979.438,489.647,804.695,216.770,746.537,175.100,491.261
547.532,979.167,489.153,804.885,216.597,746.400,174.899,492.239
547.900,979.287,489.429,805.112,216.660,746.628,174.966,491.397
547.994,979.006,489.326,805.206,216.686,746.456,174.960,491.819
548.322,979.120,489.784,805.075,216.809,746.485,174.884,491.628
548.353,979.460,489.096,804.904,216.849,746.827,174.818,491.683
547.830,979.621,489.498,804.983,216.955,746.638,174.837,491.410
547.923,979.745,489.486,804.916,216.957,746.568,174.959,491.271
547.491,978.109,489.336,804.951,216.899,746.519,175.053,491.322
547.420,977.147,489.182,804.688,216.958,746.657,174.943,491.421
548.043,978.519,488.964,804.312,216.723,746.352,174.994,491.324
548.235,980.740,488.412,804.756,216.796,746.396,175.002,491.564
547.544,980.488,488.654,804.763,216.791,746.533,175.019,491.407
547.646,979.519,488.662,804.402,216.797,746.592,175.001,491.346
547.639,978.690,488.786,804.417,216.816,746.242,174.758,491.739
547.488,978.323,488.794,804.160,216.883,746.367,175.087,491.521
547.974,977.894,488.668,804.426,216.877,746.363,175.003,491.624
548.217,977.609,488.616,804.726,216.825,746.401,174.785,491.979
548.072,977.912,488.612,804.661,216.968,746.470,174.847,491.791
548.080,978.043,488.582,804.499,216.864,746.492,174.945,491.994
547.844,979.052,488.383,804.671,216.837,746.698,174.920,491.586
547.917,978.492,488.380,804.718,216.741,746.428,175.051,492.013
548.233,980.663,488.470,804.778,216.845,746.615,175.086,491.962
548.090,979.519,488.376,805.198,216.808,746.383,175.043,492.031
547.495,977.709,488.058,805.651,216.712,746.244,174.973,492.009
548.121,979.241,489.186,805.312,216.727,746.312,174.940,491.792
548.287,979.707,489.919,804.969,216.684,746.626,174.909,491.770
547.460,979.117,489.199,805.326,216.710,746.365,175.010,491.322
547.346,978.199,489.808,804.796,216.691,746.226,175.006,492.236
547.755,976.912,489.586,804.963,216.836,746.419,175.181,491.172
548.385,978.365,490.171,803.987,216.952,746.353,175.044,491.434
548.121,978.724,489.762,804.117,216.890,746.329,175.037,491.544
548.598,979.043,489.013,805.248,216.799,746.390,175.020,491.215
547.674,976.792,488.968,806.140,216.829,746.298,175.050,491.153
548.222,977.363,489.498,804.873,216.834,746.515,175.063,491.173
548.072,977.129,490.141,804.383,216.804,746.440,175.058,491.263
548.822,977.703,490.438,804.345,216.823,746.404,175.107,491.238
549.135,977.927,489.783,804.959,216.812,746.411,175.082,491.310
548.990,976.552,489.832,805.485,216.710,746.300,175.136,491.698
548.791,976.657,489.446,805.535,216.783,746.605,175.165,491.162
547.697,975.971,490.617,804.588,216.694,746.214,175.161,491.035
547.903,976.587,489.722,804.965,216.634,746.347,175.068,491.252
548.148,976.392,488.956,805.452,216.783,746.071,174.988,491.536
548.436,977.592,489.970,804.923,216.936,746.191,174.976,491.606
549.370,979.003,490.309,804.968,216.921,746.352,175.007,491.667
549.138,978.213,490.177,805.432,216.880,746.379,175.190,491.384
549.170,977.880,489.545,805.447,216.869,746.522,174.944,491.778
549.035,977.840,489.422,806.277,216.875,746.681,174.951,491.938
547.779,979.921,489.032,806.417,217.022,746.767,174.778,491.838
547.467,980.112,489.381,805.877,217.054,746.327,175.039,491.758
548.057,980.653,489.673,805.028,216.959,746.233,175.018,492.221
548.209,981.513,489.869,804.128,216.978,746.344,174.885,491.722
548.059,981.084,488.869,805.048,216.897,746.216,175.044,491.576
547.806,979.426,488.561,805.230,216.850,746.334,175.024,491.449
547.740,978.672,489.337,805.727,216.806,746.242,175.102,491.286
549.458,980.489,489.451,806.058,216.922,746.603,175.304,491.207
549.325,978.545,489.574,804.993,216.952,746.437,174.896,491.642
548.930,982.466,489.310,806.091,216.939,746.444,174.911,491.722
548.535,981.354,490.069,806.021,216.808,746.469,174.877,492.080
549.433,979.350,490.156,805.541,216.790,746.509,174.972,491.577
548.245,979.072,490.194,805.278,216.985,746.371,174.789,491.874
548.492,980.262,489.912,805.180,217.017,746.551,174.990,491.345
548.662,980.642,489.382,805.748,216.876,746.659,175.080,491.186
548.308,981.323,489.330,805.916,216.878,746.446,175.041,491.292
547.991,981.183,489.589,805.690,217.000,746.663,175.162,491.331
547.732,981.581,490.063,804.811,217.054,746.750,175.070,491.474
547.654,980.660,488.777,805.477,216.953,746.395,175.113,491.185
547.942,982.157,488.296,805.513,217.000,746.373,175.122,491.893
548.493,983.966,487.874,806.076,217.009,746.563,174.998,491.629
548.822,982.420,488.422,805.392,217.035,746.456,175.102,491.441
548.881,980.323,488.441,805.236,216.969,746.340,175.179,491.527
549.900,980.159,488.411,806.459,216.868,746.563,175.257,491.124
549.799,979.010,488.343,806.543,216.912,746.429,175.224,491.130
549.761,981.429,488.220,805.805,216.819,746.422,175.005,491.709
549.487,980.857,488.518,804.900,216.915,746.265,175.030,491.706
550.139,980.464,488.013,806.271,216.888,746.537,175.127,491.553
550.000,980.225,487.958,806.033,216.920,746.559,175.158,491.550
549.335,980.551,488.876,805.834,216.938,746.763,175.041,491.922
549.687,980.500,488.536,806.085,216.893,746.591,175.061,491.426
550.229,980.359,488.088,806.824,216.750,746.486,175.079,492.043
550.375,979.310,488.930,806.087,216.901,746.614,175.072,492.163
549.142,979.505,488.864,805.601,216.925,746.373,175.221,491.854
548.633,980.402,488.636,805.825,216.889,746.352,175.050,491.506
548.920,981.363,488.123,806.558,216.913,746.300,175.084,491.583
550.121,983.665,488.326,806.011,217.033,746.770,175.182,491.684
550.143,983.965,488.272,805.009,216.948,746.468,175.229,491.436
549.925,983.868,488.212,805.778,217.102,746.775,175.085,491.858
549.802,983.074,487.884,806.256,216.931,746.460,175.121,491.722
548.785,981.376,488.456,806.105,216.770,746.625,175.170,491.473
548.933,982.977,487.978,805.857,216.703,746.411,175.021,491.518
548.631,981.570,487.959,805.421,216.846,746.668,175.063,491.788
549.154,980.410,487.494,806.739,216.895,746.896,175.007,491.513
550.020,983.437,488.418,805.841,216.935,746.771,174.918,491.550
549.756,980.369,487.820,805.224,216.963,746.537,175.090,491.386
549.702,980.021,487.764,805.034,216.699,746.827,175.204,491.232
550.259,979.701,487.425,805.665,216.777,746.481,175.103,491.551
550.014,979.750,487.440,805.938,216.607,746.115,174.935,491.662
549.760,979.971,487.774,804.689,216.765,746.566,175.137,491.244
549.141,979.367,487.801,804.542,216.839,746.399,175.087,491.340
549.767,980.320,487.856,805.366,216.935,746.684,175.031,491.317
550.076,978.945,487.519,805.791,216.857,746.546,175.067,491.500
549.927,979.207,487.752,805.289,216.817,746.486,174.891,491.563
550.161,979.494,488.093,804.858,216.697,746.573,174.970,491.689
550.064,979.539,487.706,804.728,216.836,746.634,175.106,491.233
549.309,980.206,487.398,804.317,216.835,746.341,175.101,491.343
549.025,979.786,486.981,804.740,216.979,746.324,175.139,491.339
548.672,979.364,486.762,804.400,216.780,746.362,175.074,491.591
548.746,979.582,487.485,804.400,216.710,746.623,175.220,491.700
548.958,979.116,487.202,805.718,216.800,746.753,174.857,491.781
548.740,979.645,487.353,805.927,216.869,746.575,174.830,491.775
548.909,978.172,487.161,805.020,216.927,746.436,174.939,491.860
548.434,978.364,487.935,803.825,216.824,746.434,174.971,491.557
548.719,978.539,487.103,804.572,216.815,746.731,174.886,491.410
548.358,979.127,486.331,804.644,216.582,746.499,174.882,491.411
547.852,978.209,487.224,804.274,216.817,746.531,174.942,491.449
547.631,976.769,488.592,803.919,216.878,746.570,174.901,491.707
547.955,978.548,489.177,803.339,216.906,746.491,174.881,491.492
548.543,979.281,488.230,804.061,216.632,746.893,174.923,491.494
548.595,979.610,486.696,805.293,216.760,746.579,174.933,491.273
548.706,979.237,487.583,805.102,216.793,746.670,174.730,491.368
547.939,979.240,488.391,804.465,216.789,746.247,174.913,491.392
547.473,979.371,488.059,804.720,216.941,746.529,174.862,491.429
547.401,979.031,487.225,804.985,216.828,746.672,174.831,491.580
547.066,978.721,487.643,805.639,216.793,746.674,174.812,491.493
546.567,977.499,485.468,807.768,216.704,746.588,174.745,491.744
546.659,978.551,484.831,807.682,216.811,746.274,174.936,491.464
546.487,978.491,483.931,807.806,216.747,746.542,174.974,491.921
547.380,980.067,484.167,808.024,216.835,746.496,174.978,491.741
547.236,981.175,484.171,808.165,216.882,746.551,174.926,492.056
547.356,982.347,483.808,808.527,216.957,746.704,174.814,491.561
547.320,983.188,483.802,809.161,216.975,746.706,174.839,491.694
546.950,983.770,482.966,809.037,216.837,746.580,174.806,491.736
546.988,982.972,483.258,808.926,216.872,746.650,174.978,491.523
547.085,982.208,483.648,808.261,217.018,746.589,174.844,491.403
546.834,983.253,482.998,809.664,216.807,746.458,174.745,491.639
547.217,983.277,483.099,809.222,216.835,746.301,174.657,491.757
547.291,984.276,482.710,809.063,216.799,746.438,174.832,491.388
547.273,983.403,482.762,808.693,216.708,746.459,174.861,491.449
547.176,982.586,482.723,808.621,216.789,746.550,174.838,491.684
547.425,983.410,482.643,808.677,216.827,746.432,174.711,491.795
546.943,983.863,482.916,807.814,216.905,746.628,174.774,491.573
547.147,984.761,482.783,807.582,216.796,746.207,174.742,491.686
547.195,984.367,483.046,806.771,216.922,746.429,174.779,491.615
547.419,984.155,482.523,807.213,216.918,746.537,174.762,491.685
547.420,984.118,482.472,807.118,216.889,746.668,174.748,491.590
547.669,984.043,482.861,807.213,216.805,746.631,174.724,492.363
548.784,984.350,482.707,806.995,216.928,746.686,174.511,492.004
547.715,984.914,482.411,807.251,216.881,746.486,174.844,492.148
547.031,984.550,482.448,807.282,216.889,746.546,174.752,492.207
547.266,984.124,482.348,807.388,217.060,746.669,174.726,492.340
547.605,984.398,482.348,807.644,217.126,746.721,174.799,492.195
547.024,984.290,482.951,807.717,217.124,746.826,174.760,492.262
546.310,982.046,482.365,808.318,217.111,746.750,174.816,492.121
545.997,982.200,481.861,808.649,217.049,746.648,174.758,491.645
546.741,984.800,481.895,807.924,216.951,746.458,174.834,491.753
546.372,984.488,482.414,807.951,216.840,746.698,174.690,491.624
545.773,983.685,482.232,807.517,216.819,746.638,174.773,491.593
545.947,982.579,484.069,806.297,216.858,746.464,174.914,491.364
546.500,981.004,484.103,805.356,216.872,746.355,174.793,491.706
547.188,981.416,484.738,806.101,217.280,746.496,174.845,491.507
546.518,982.653,484.112,806.130,217.030,746.527,174.933,491.463
546.011,981.635,483.221,806.309,217.091,746.609,174.876,491.644
546.085,982.104,484.023,805.459,216.889,746.426,174.732,492.152
546.861,982.775,484.539,806.358,216.840,746.469,174.754,491.686
547.099,982.452,484.150,805.608,216.853,746.383,174.724,491.323
547.548,983.396,484.091,805.039,216.787,746.396,174.757,491.045
546.482,983.591,484.149,805.582,216.906,746.603,174.749,491.296
546.450,984.647,484.896,806.450,216.874,746.465,174.752,491.214
546.359,984.507,483.312,806.141,216.987,746.787,174.755,491.484
546.460,983.949,482.878,806.216,217.038,746.907,174.772,491.604
546.906,981.470,484.372,806.053,216.886,746.576,174.737,491.511
546.834,981.668,484.788,805.813,216.908,746.573,174.825,491.535
546.473,980.589,485.836,804.893,216.957,746.372,174.804,491.936
546.270,981.319,484.411,805.938,216.865,746.530,174.650,491.874
546.793,983.123,484.100,807.025,216.966,746.454,174.647,491.753
546.667,984.303,484.390,806.197,216.816,746.242,174.675,491.919
546.341,983.170,484.728,805.859,216.921,746.271,174.669,491.728
546.321,982.196,484.569,805.431,217.067,746.423,174.698,491.403
546.115,982.260,484.015,805.318,216.952,746.248,174.641,491.431
546.727,979.669,484.090,805.806,216.827,746.261,174.736,492.270
547.301,980.596,484.054,805.982,216.926,746.376,174.786,492.202
547.444,982.614,484.834,805.250,217.039,746.624,174.761,491.790
547.668,983.299,484.479,806.070,216.944,746.448,174.733,491.785
546.917,983.408,483.751,806.021,216.922,746.332,174.915,491.616
546.841,983.894,482.407,805.967,216.929,746.631,174.753,491.994
546.170,983.015,482.097,806.672,217.092,746.540,174.865,491.581
545.178,981.551,482.547,807.245,217.115,746.667,174.690,491.817
545.538,983.321,483.098,806.342,216.886,746.567,174.603,491.906
545.983,984.043,483.222,807.926,216.942,746.382,174.740,492.172
547.166,981.845,483.611,808.016,217.051,746.495,174.733,491.422
548.221,981.109,484.632,806.498,217.066,746.603,174.656,491.537
547.327,981.076,485.003,806.130,216.903,746.752,174.587,491.570
547.289,980.173,483.597,805.972,216.973,746.354,174.751,491.359
547.500,979.508,484.627,804.110,216.987,746.304,174.731,491.518
546.915,977.945,485.200,803.224,217.143,746.619,174.901,491.367
546.503,978.905,485.196,803.118,217.088,746.311,174.969,491.305
545.727,978.193,484.632,805.495,217.220,746.382,174.756,491.656
545.843,978.730,483.409,805.675,216.875,746.616,174.684,491.735
546.643,979.541,483.097,805.585,216.903,746.650,174.669,491.998
546.801,979.927,483.302,804.988,216.917,746.848,174.694,491.667
546.965,980.443,484.024,806.568,216.937,746.672,174.775,491.796
546.956,981.709,483.480,806.483,216.986,746.623,174.787,491.678
546.906,981.259,483.454,805.438,217.110,746.725,174.772,491.751
547.537,984.062,483.436,805.502,217.009,746.736,174.777,491.541
546.982,981.556,484.507,806.539,217.086,746.857,174.801,491.609
547.270,981.042,483.110,805.167,217.019,746.565,174.850,491.250
547.268,981.278,483.071,804.929,217.103,746.842,174.917,491.351
547.135,981.491,483.236,805.390,216.973,746.426,174.711,491.367
547.154,980.204,483.496,805.279,217.002,746.551,174.781,491.832
547.716,980.091,483.420,805.358,217.038,746.609,174.870,491.497
547.423,979.710,483.368,805.459,216.931,746.607,174.841,491.445
547.416,979.924,483.996,805.871,216.923,746.781,174.793,491.316
547.555,980.969,483.993,805.467,216.957,746.380,174.828,491.276
547.594,981.215,483.877,805.094,217.100,746.568,174.934,491.322
547.422,980.458,484.313,805.470,216.927,746.440,174.813,491.466
547.247,980.359,484.666,805.479,217.005,746.553,174.841,492.029
547.476,981.109,484.758,805.426,216.956,746.555,174.783,491.798
547.724,981.282,485.979,805.055,217.116,746.738,174.891,491.413
547.721,980.796,485.884,805.081,216.975,746.467,174.786,491.905
547.629,980.973,486.175,804.216,216.953,746.461,174.814,491.528
547.760,981.510,486.011,804.148,217.398,746.658,174.827,491.916
547.933,981.545,486.328,804.359,217.402,746.586,174.775,491.775
547.861,981.484,485.888,804.374,217.008,746.349,174.881,492.268
547.823,981.287,485.528,805.257,216.884,746.740,174.718,491.741
547.841,981.388,485.704,805.419,216.853,746.612,174.825,491.433
547.603,980.638,485.072,805.947,216.976,746.494,174.874,491.475
547.818,981.112,485.445,804.688,217.059,746.657,174.769,491.602
548.017,980.934,485.971,803.926,216.997,746.513,174.807,491.630
548.123,980.608,485.198,804.495,216.887,746.437,174.901,491.768
547.717,979.431,485.184,805.180,217.098,746.518,174.774,491.658
547.322,978.755,485.385,805.737,217.161,746.649,174.808,491.860
547.633,978.394,485.554,804.779,217.110,746.344,174.783,491.569
547.528,978.696,486.134,804.065,217.021,746.287,174.837,491.727
547.733,979.376,486.148,803.993,217.092,746.663,174.781,491.818
547.667,979.999,485.675,804.396,217.099,746.741,174.718,491.825
547.844,980.490,485.382,804.578,216.995,746.254,174.672,491.843
547.819,979.773,485.428,803.922,216.974,746.207,174.630,491.879
547.962,979.937,486.422,802.912,217.064,746.336,174.677,492.009
547.676,978.444,485.663,803.452,216.884,746.072,174.515,492.087
548.226,980.195,486.237,803.833,216.995,746.189,174.558,491.977
548.042,980.070,485.556,805.087,217.133,746.197,174.662,491.964
548.026,979.076,486.188,804.916,216.995,746.529,174.708,491.988
548.479,980.049,486.260,805.031,216.951,746.356,174.603,491.761
547.773,980.219,486.457,804.781,217.097,746.697,174.617,491.806
548.235,978.663,486.102,805.224,216.900,746.494,174.790,491.674
547.805,976.562,485.779,805.206,216.974,746.593,174.766,491.761
548.585,979.512,486.008,806.910,217.014,746.637,174.625,491.776
548.809,980.246,486.177,807.296,216.797,746.433,174.604,491.772
548.888,979.169,485.841,806.856,217.148,746.595,174.694,491.582
548.964,979.120,485.691,806.919,217.058,746.325,174.698,491.647
549.346,979.353,485.880,806.224,217.190,746.397,174.630,491.887
550.444,980.291,486.017,806.336,216.982,746.298,174.641,491.537
549.936,978.944,486.166,806.449,217.157,746.275,174.699,491.589
549.719,979.312,485.943,806.315,217.130,746.662,174.612,492.000
549.835,980.502,485.422,806.231,217.333,746.710,174.702,491.817
549.516,980.885,485.823,805.912,217.062,746.295,174.809,491.596
549.979,979.645,485.734,805.399,217.346,746.453,174.739,491.442
548.915,979.354,485.705,805.140,216.971,746.186,174.534,491.841
549.564,980.131,485.497,805.201,216.994,746.257,174.530,491.705
550.132,980.339,485.812,806.437,217.155,746.511,174.527,491.673
550.967,980.075,485.656,806.896,217.012,746.464,174.627,491.694
549.918,979.238,486.137,806.570,217.142,746.401,174.541,491.960
549.126,980.253,486.249,806.488,217.115,746.503,174.756,491.448
549.281,979.753,486.197,805.637,217.283,746.827,174.651,491.258
550.228,979.161,485.710,806.991,217.167,746.316,174.600,491.915
550.279,979.027,485.934,806.593,217.114,746.332,174.603,491.844
549.566,979.023,485.855,805.682,217.039,746.384,174.558,491.983
549.347,979.759,486.015,805.419,216.967,746.084,174.526,491.973
549.370,980.793,485.302,806.613,217.024,746.205,174.577,491.479
549.073,980.199,485.259,806.164,217.106,746.483,174.515,491.800
548.632,978.684,485.806,805.858,217.056,746.483,174.616,491.653
548.668,979.902,485.762,805.785,217.208,746.385,174.650,492.262
548.459,981.120,485.582,805.885,217.259,746.627,174.616,491.629
547.933,980.307,485.895,805.840,217.112,746.629,174.627,491.652
548.031,978.950,485.692,805.641,216.934,746.397,174.655,491.580
548.208,978.937,485.600,804.811,216.990,746.345,174.581,491.707
548.169,979.357,485.476,805.397,217.028,746.463,174.629,491.700
548.451,979.458,485.741,805.207,217.057,746.441,174.513,491.745
548.578,979.806,485.735,805.977,217.010,746.464,174.575,491.876
548.046,980.524,485.844,805.134,217.110,746.417,174.447,491.854
547.664,979.013,485.888,804.797,217.081,746.501,174.459,491.888
548.084,977.874,485.745,805.129,217.083,746.542,174.745,492.121
547.956,978.710,485.574,805.793,217.123,746.474,174.650,492.169
547.935,978.802,485.743,805.103,217.043,746.402,174.670,491.783
547.873,980.125,486.135,804.540,217.029,746.441,174.674,491.735
547.925,979.881,486.027,804.544,217.165,746.652,174.602,491.784
547.741,978.846,485.839,804.683,217.058,746.496,174.510,491.858
548.408,978.404,485.556,805.331,217.058,746.732,174.577,491.588
548.395,978.191,485.709,805.469,217.247,747.008,174.521,491.669
548.655,979.424,485.890,805.587,217.159,746.593,174.597,491.686
548.711,978.779,485.848,805.914,217.261,746.648,174.542,491.612
548.355,979.153,486.321,805.918,217.238,746.640,174.410,491.892
548.377,979.036,486.312,805.823,217.091,746.639,174.595,491.759
548.514,979.066,486.180,806.100,217.185,746.749,174.545,491.743
548.026,978.918,486.051,805.914,217.154,746.399,174.762,491.623
547.578,979.296,486.082,806.103,217.174,746.469,174.701,491.689
547.513,981.117,485.911,806.167,217.071,746.666,174.551,491.733
547.803,978.515,486.193,806.013,216.990,746.611,174.624,491.830
546.989,978.004,485.907,805.760,217.349,746.385,174.785,491.635
547.205,978.832,485.868,805.678,217.208,746.354,174.731,491.710
547.081,979.820,485.982,805.251,217.181,746.755,174.609,492.054
546.634,980.883,486.152,805.287,217.216,746.704,174.571,491.905
546.905,979.720,486.436,805.302,217.125,746.694,174.344,491.904
547.923,977.797,486.036,805.206,217.233,746.623,174.441,492.291
547.715,978.448,485.799,805.064,217.144,746.605,174.439,491.714
548.143,979.584,486.088,804.972,217.268,746.489,174.587,491.850
547.637,979.725,485.948,805.020,217.200,746.476,174.575,491.833
547.292,979.752,486.268,804.856,217.306,746.763,174.610,491.851
547.447,979.531,486.487,804.932,217.443,746.645,174.671,491.765
547.875,980.598,486.637,804.920,217.244,746.867,174.606,491.963
547.464,980.601,486.558,804.839,217.208,746.664,174.659,491.798
547.306,980.737,486.899,804.907,217.295,746.626,174.618,491.817
547.674,980.699,486.786,804.814,217.430,746.596,174.668,491.740
547.763,980.003,487.209,804.750,217.258,746.740,174.653,491.619
547.734,980.533,487.261,804.803,217.254,746.650,174.487,492.006
547.337,979.448,487.260,804.840,217.226,746.497,174.424,491.715
547.510,979.487,487.394,804.745,217.329,746.590,174.675,491.594
548.386,980.219,487.429,804.568,217.509,746.505,174.539,491.847
548.526,981.191,487.398,804.900,217.123,746.246,174.601,491.762
547.391,979.894,486.986,804.857,217.224,746.460,174.606,491.850
547.351,979.335,487.003,805.514,217.181,746.739,174.492,491.676
547.340,978.707,486.951,805.366,217.200,746.733,174.631,491.495
547.885,980.213,487.267,805.359,217.169,746.666,174.478,492.189
548.069,980.311,487.223,805.400,217.239,746.555,174.486,491.745
547.759,980.918,487.082,805.673,217.235,746.717,174.328,491.760
547.742,980.874,487.021,805.700,217.180,746.677,174.434,491.505
547.885,980.006,487.370,805.316,217.394,746.742,174.464,492.153
547.986,978.760,487.455,805.694,217.263,746.556,174.500,491.785
548.345,979.627,486.997,806.552,217.393,746.626,174.532,491.943
548.018,980.101,487.202,806.514,217.222,746.574,174.470,491.943
548.523,978.773,487.173,806.381,217.263,746.682,174.430,491.950
547.850,979.776,487.128,805.825,217.295,746.581,174.637,491.602
548.366,980.249,486.969,805.614,217.169,746.451,174.531,491.682
548.091,980.900,487.332,805.728,217.305,746.585,174.525,491.913
548.213,981.027,487.255,805.939,217.240,746.484,174.503,491.813
548.141,979.533,487.387,805.684,217.387,746.982,174.407,492.244
547.903,979.272,486.834,805.453,217.346,746.739,174.458,491.956
548.029,980.058,486.781,804.811,217.204,746.428,174.497,491.931
547.862,980.978,486.448,805.290,217.210,746.651,174.492,492.309
547.933,980.559,486.432,804.700,217.380,746.734,174.490,491.803
547.620,979.968,486.550,805.270,217.245,746.593,174.474,491.783
547.661,979.227,486.705,805.848,217.359,746.751,174.472,492.084
547.863,978.679,486.593,805.823,217.354,746.820,174.668,491.892
547.906,980.324,486.485,806.928,217.429,746.829,174.490,492.003
548.890,979.873,486.277,805.339,217.221,746.797,174.478,491.678
548.972,979.641,486.315,804.699,217.284,746.773,174.526,491.745
548.578,979.136,486.608,805.559,217.272,746.789,174.505,491.796
548.454,979.276,486.356,804.308,217.446,746.582,174.602,491.664
548.537,979.394,486.148,804.435,217.261,746.469,174.326,492.358
548.010,979.153,486.157,804.570,217.438,746.536,174.319,492.432
548.817,978.695,486.543,804.486,217.467,746.621,174.542,492.358
548.636,978.987,486.408,804.826,217.219,746.647,174.443,492.410
548.767,977.869,486.149,804.818,217.373,746.439,174.485,492.115
548.018,977.502,486.074,804.636,217.193,746.314,174.345,491.843
548.356,976.822,485.589,805.078,217.314,746.640,174.285,491.904
548.414,977.798,485.927,804.740,217.325,746.463,174.248,492.056
548.201,977.679,486.708,804.594,217.335,746.761,174.221,491.955
548.200,977.971,487.111,804.025,217.174,746.695,174.379,491.966
548.357,977.963,487.085,803.993,217.133,746.617,174.401,491.808
548.131,977.158,486.503,803.841,217.213,746.669,174.322,491.840
548.003,977.046,486.321,804.135,217.338,746.776,174.458,491.487
548.282,977.887,486.566,804.170,217.150,746.543,174.358,491.943
548.028,977.229,486.572,804.173,217.177,746.488,174.348,492.382
548.120,977.735,485.949,804.429,217.256,746.542,174.306,492.300
548.088,977.591,485.523,804.707,217.281,746.536,174.176,492.188
548.276,977.625,485.475,804.611,217.243,746.389,174.473,491.766
548.429,977.531,485.534,804.238,217.360,746.739,174.512,491.546
548.298,976.487,484.804,805.204,217.279,746.839,174.528,491.795
547.925,977.898,485.838,804.491,217.295,746.794,174.491,491.991
547.818,978.080,486.120,804.468,217.411,747.114,174.533,491.924
547.966,977.309,486.550,804.261,217.091,746.514,174.638,491.604
548.316,977.467,486.203,804.239,217.153,746.355,174.648,491.614
548.361,977.290,486.039,804.527,217.181,746.514,174.589,491.585
548.126,976.894,485.467,804.704,217.185,746.592,174.554,491.772
548.120,976.892,485.105,804.993,217.255,746.600,174.518,491.754
547.774,975.877,485.073,804.876,217.151,746.556,174.522,492.024
547.909,976.238,485.091,805.207,217.233,746.424,174.534,491.732
547.989,976.288,485.979,804.551,217.273,746.320,174.680,491.558
548.006,976.254,486.268,804.448,217.257,746.437,174.366,492.194
547.997,976.199,485.482,804.715,217.301,746.511,174.534,491.930
547.890,975.955,485.082,805.328,217.112,746.569,174.502,491.919
547.972,975.716,485.099,805.338,217.162,746.564,174.325,492.356
547.957,975.499,484.877,805.099,217.289,746.640,174.555,491.599
547.799,974.836,484.864,805.500,217.254,746.678,174.575,492.140
548.061,974.434,485.081,805.489,217.177,746.498,174.587,491.905
548.328,975.673,485.053,805.227,217.282,746.652,174.445,492.432
548.634,974.991,484.771,805.291,217.337,746.656,174.519,492.195
548.035,975.357,485.011,805.694,217.292,746.660,174.748,491.852
548.172,976.250,484.807,806.012,217.379,746.759,174.679,491.846
547.958,975.362,485.187,805.549,217.296,746.686,174.392,492.143
547.876,975.007,485.206,805.475,217.306,746.721,174.401,492.022
547.869,975.806,485.265,805.450,217.187,746.675,174.578,491.889
547.907,976.448,486.053,804.490,217.117,746.309,174.583,491.783
547.812,975.858,485.328,805.375,217.299,746.517,174.635,492.115
548.188,975.833,485.211,805.862,217.390,746.739,174.502,491.739
548.108,975.780,485.319,805.599,217.340,746.635,174.477,491.747
548.299,975.339,485.807,804.967,217.334,746.487,174.550,491.909
548.459,974.685,485.164,805.592,217.350,746.642,174.592,491.783
548.488,974.380,485.923,805.136,217.316,746.411,174.516,491.948
547.866,974.173,486.298,804.765,217.172,746.243,174.480,492.104
547.734,973.973,485.994,804.528,217.391,746.543,174.400,492.203
547.865,974.572,486.009,804.690,217.346,746.465,174.465,492.203
547.875,974.637,486.202,804.744,217.303,746.455,174.519,492.076
547.689,974.391,485.973,804.473,217.340,746.716,174.462,492.408
547.460,973.510,485.724,805.132,217.331,746.564,174.547,491.970
546.947,972.265,486.262,804.874,217.473,746.476,174.429,492.171
547.032,972.279,485.904,805.446,217.328,746.472,174.620,491.812
547.257,972.543,485.909,805.188,217.238,746.485,174.700,491.983
547.199,972.921,486.075,805.124,217.297,746.571,174.691,491.959
547.180,973.222,484.972,805.523,217.459,746.720,174.619,491.580
547.439,973.817,485.113,805.356,217.258,746.372,174.638,491.898
547.082,972.475,485.414,805.371,217.198,746.441,174.725,491.703
547.101,972.363,485.462,805.511,217.328,746.497,174.620,491.772
547.136,972.414,486.260,804.600,217.103,746.453,174.640,491.680
547.068,972.223,486.073,804.932,217.220,746.480,174.677,491.530
547.269,973.410,486.056,804.908,217.303,746.640,174.424,492.263
547.447,973.797,486.124,805.171,217.261,746.532,174.351,492.309
547.279,973.578,485.841,805.398,217.261,746.644,174.364,492.010
547.319,974.049,485.435,805.593,217.359,746.764,174.562,491.915
547.149,973.661,485.270,805.699,217.408,746.501,174.696,491.715
547.192,973.989,486.041,805.058,217.598,746.708,174.603,491.932
547.203,973.624,486.247,804.747,217.499,746.585,174.537,491.828
547.342,974.372,486.121,805.234,217.514,746.585,174.615,491.971
547.235,974.180,485.159,805.788,217.690,746.393,174.448,492.060
547.349,973.871,486.103,805.138,217.369,746.539,174.455,491.974
547.156,973.635,486.135,805.199,217.414,746.581,174.512,491.984
547.296,973.560,486.063,805.017,217.434,746.622,174.667,492.200
547.271,973.644,485.986,805.226,217.326,746.523,174.728,492.115
547.202,973.649,486.185,804.636,217.428,746.283,174.607,491.793
547.248,973.729,485.913,805.004,217.376,746.398,174.555,491.824
547.263,973.889,486.155,805.358,217.390,746.263,174.620,491.946
547.224,973.456,486.272,804.982,217.226,746.294,174.487,492.780
547.199,973.111,486.528,804.989,217.430,746.492,174.459,491.918
547.275,973.286,486.607,804.973,217.250,746.400,174.649,492.024
547.244,973.335,486.027,805.355,217.315,746.390,174.503,491.998
547.192,973.759,485.380,806.039,217.440,746.524,174.566,491.807
547.230,973.525,485.525,806.080,217.452,746.493,174.645,491.704
547.128,973.245,485.382,805.946,217.624,746.784,174.558,491.966
547.107,973.151,486.158,805.370,217.399,746.606,174.520,491.844
547.044,973.033,486.014,805.284,217.374,746.561,174.503,491.799
546.973,972.818,485.682,805.868,217.343,746.548,174.375,492.006
547.128,973.239,485.685,805.706,217.403,746.647,174.559,491.832
547.163,973.026,486.242,805.928,217.337,746.615,174.589,491.923
547.057,972.796,486.396,805.893,217.407,746.498,174.542,491.639
546.930,972.691,486.459,805.650,217.321,746.211,174.430,492.039
546.982,972.455,486.459,805.566,217.432,746.800,174.260,492.192
546.952,972.016,486.496,805.310,217.390,746.511,174.474,491.846
547.041,972.456,486.548,805.498,217.449,746.499,174.488,491.780
547.132,972.415,486.539,805.710,217.608,746.217,174.455,491.957
547.015,972.192,486.237,805.895,217.258,746.080,174.473,491.974
547.068,972.150,486.277,806.131,217.371,746.282,174.510,491.838
546.960,972.445,486.348,805.881,217.181,746.085,174.465,491.790
546.909,972.398,486.445,805.018,217.294,746.190,174.433,492.013
547.033,972.319,485.962,805.571,217.186,745.948,174.456,492.076
546.966,972.429,485.837,805.971,217.355,746.714,174.462,492.038
547.059,972.808,486.309,805.219,217.316,746.618,174.613,491.665
547.128,972.776,487.009,804.675,217.351,746.470,174.646,491.969
547.092,972.491,486.663,804.628,217.310,746.597,174.702,491.963
546.999,972.412,486.624,804.082,217.393,746.432,174.671,491.776
547.191,972.482,486.643,804.180,217.361,746.340,174.510,492.466
547.028,972.450,487.163,803.292,217.431,746.568,174.536,492.398
547.232,972.810,487.706,802.668,217.364,746.519,174.610,492.052
547.121,972.455,488.344,802.617,217.461,746.774,174.620,492.016
547.186,972.634,488.350,802.728,217.430,746.649,174.597,491.950
547.028,972.533,488.500,802.549,217.418,746.561,174.515,492.044
547.199,972.704,488.159,802.058,217.499,746.450,174.522,491.761
547.231,972.293,488.075,802.276,217.526,746.352,174.528,491.999
546.939,972.103,488.136,802.363,217.342,746.393,174.539,491.878
546.933,972.481,489.068,802.797,217.435,746.402,174.477,491.905
546.995,972.334,489.435,802.905,217.461,746.505,174.230,492.443
547.018,971.669,489.457,802.417,217.366,746.519,174.401,492.271
546.943,972.497,489.419,802.788,217.326,746.607,174.294,492.291
546.990,972.514,489.486,802.750,217.372,746.470,174.171,492.213
547.116,972.996,490.001,803.272,217.279,746.288,174.119,492.712
547.161,972.757,491.443,803.618,217.476,746.518,174.203,492.249
547.008,972.295,491.149,803.589,217.347,746.389,173.988,492.623
547.157,972.741,492.049,803.177,217.257,746.200,174.090,492.113
546.907,971.946,492.072,803.664,217.225,746.196,174.038,492.488
546.954,971.857,491.900,804.440,217.405,746.538,174.081,492.280
547.066,972.184,491.806,804.926,217.306,746.517,174.061,492.391
547.053,972.128,491.272,805.329,217.485,746.437,174.076,492.211
546.960,972.377,490.949,805.519,217.324,746.629,174.006,492.345
547.020,972.026,491.074,805.887,217.288,746.395,174.290,492.092
546.996,972.171,490.960,806.534,217.341,746.449,174.034,492.207
546.869,971.714,490.844,806.851,217.299,746.352,174.167,492.095
546.930,970.937,491.146,806.332,217.205,746.417,174.062,492.075
546.775,970.190,491.265,805.939,217.201,746.335,174.160,492.041
546.723,970.130,491.216,805.688,217.338,746.452,174.154,492.215
546.599,969.991,491.342,805.694,217.277,746.303,174.245,491.979
546.484,969.201,491.336,806.117,217.322,746.412,174.204,491.873
546.386,969.555,491.390,806.618,217.453,746.450,174.124,491.929
546.294,969.969,492.034,805.791,217.377,746.543,174.102,492.197
546.228,970.332,491.631,806.153,217.482,746.557,174.101,492.059
546.142,970.125,490.815,806.433,217.369,746.642,174.210,491.951
546.246,970.035,491.170,806.145,217.290,746.531,174.170,492.043
546.621,969.575,491.584,805.983,217.473,746.717,174.168,492.071
547.202,969.224,491.853,805.953,217.235,746.445,174.172,492.107
547.552,969.121,491.705,805.947,217.283,746.223,174.178,492.020
547.877,969.878,491.610,805.854,217.412,746.707,174.315,491.894
547.690,969.883,491.158,806.238,217.347,746.616,174.352,492.035
547.556,970.512,491.759,806.029,217.486,746.688,174.205,492.081
547.484,970.636,491.352,806.522,217.264,746.573,174.248,492.144
547.180,970.561,491.642,805.816,217.324,746.453,174.131,492.069
547.281,970.863,491.016,806.831,217.402,746.567,174.098,492.259
547.297,970.724,490.994,806.620,217.398,746.379,174.101,492.339
547.118,970.393,490.909,806.065,217.373,746.354,174.124,492.379
547.130,969.959,491.026,806.628,217.349,746.704,174.068,492.073
547.270,970.325,490.768,806.539,217.397,746.669,174.116,492.303
547.422,970.380,490.843,807.061,217.281,746.742,174.110,492.369
547.306,970.222,491.169,806.868,217.261,746.600,174.114,492.432
547.282,970.292,491.020,806.473,217.255,746.301,174.116,492.233
547.290,970.107,491.490,806.356,217.361,746.381,174.072,492.095
547.212,970.450,491.534,806.139,217.412,746.637,174.180,491.825
547.336,970.294,490.889,806.154,217.287,746.551,174.104,492.056
547.228,970.283,490.803,806.520,217.379,746.607,174.107,491.832
547.289,970.086,491.166,806.589,217.184,746.407,173.984,492.177
547.238,969.907,491.326,806.654,217.343,746.528,174.042,492.106
547.066,969.854,491.186,807.124,217.368,746.634,173.978,492.331
547.219,970.183,490.897,806.978,217.589,746.366,173.911,492.348
547.287,970.448,490.845,807.665,217.278,746.614,173.920,492.346
547.268,969.991,491.610,806.901,217.283,746.725,173.940,492.145
547.342,970.145,490.894,806.814,217.593,746.689,173.925,492.579
547.264,970.074,490.393,807.325,217.359,746.706,173.643,492.918
547.006,970.014,490.394,807.227,217.315,746.622,173.775,492.609
547.006,970.129,490.295,807.057,217.324,746.872,173.855,492.434
547.072,969.937,489.995,807.423,217.284,746.684,173.923,492.681
547.135,969.785,490.061,807.769,217.412,746.631,173.960,492.331
547.199,969.616,490.096,807.597,217.400,746.557,174.092,492.209
547.165,969.492,490.434,807.539,217.450,746.851,173.903,492.390
547.138,969.803,490.367,807.678,217.554,747.007,174.089,492.140
547.124,969.993,490.760,807.892,217.367,746.781,173.878,492.669
547.076,969.811,490.492,807.848,217.297,746.633,173.979,492.500
547.279,970.139,491.437,807.158,217.315,746.619,173.929,492.816
547.077,969.547,490.923,807.917,217.336,746.497,173.907,492.797
547.157,969.589,490.560,808.245,217.686,746.826,173.843,492.775
547.090,970.219,490.844,808.329,217.325,746.718,173.894,492.604
547.019,969.948,491.225,807.425,217.365,746.800,173.943,492.734
547.277,970.234,490.827,807.265,217.299,746.447,173.993,492.655
547.307,970.213,490.580,807.660,217.292,746.445,173.973,492.614
547.441,969.733,490.038,807.960,217.560,746.607,173.857,492.830
547.429,969.997,490.297,807.524,217.477,746.890,173.735,493.031
547.409,970.146,490.122,807.932,217.393,746.615,173.881,492.813
547.473,970.095,490.366,807.355,217.429,746.768,173.814,492.970
547.119,969.398,490.699,808.211,217.484,746.900,173.918,492.564
547.231,969.829,490.709,808.056,217.433,746.737,173.960,492.707
547.419,970.138,490.867,808.082,217.670,746.513,173.909,492.979
547.456,970.210,490.777,807.865,217.481,746.643,173.855,492.952
547.147,969.648,490.997,807.704,217.456,746.676,173.746,492.844
547.328,970.152,490.360,808.665,217.138,746.796,173.749,492.970
547.267,970.024,490.524,808.285,217.372,746.795,173.778,492.823
547.209,969.680,490.518,808.146,217.211,746.359,173.860,492.613
547.101,969.686,491.338,808.067,217.329,746.384,173.839,492.595
547.251,969.883,491.436,808.120,217.281,746.479,173.806,492.829
547.252,969.916,491.157,808.131,217.386,746.845,173.896,492.453
547.120,969.654,491.056,808.262,217.234,746.739,173.819,492.775
547.212,969.758,491.145,808.283,217.236,746.528,173.703,492.858
547.223,969.599,491.033,808.679,217.261,746.273,173.703,492.860
547.344,969.781,491.079,808.955,217.273,746.463,173.697,492.852
547.264,969.570,491.247,809.145,217.443,746.373,173.766,493.091
547.384,970.145,490.869,809.039,217.282,746.646,173.678,493.163
547.420,970.069,490.913,809.320,217.488,746.513,173.787,492.668
547.611,970.238,491.282,808.835,217.517,746.222,173.781,492.714
547.528,969.795,490.773,808.830,217.327,746.667,173.802,492.414
547.553,969.920,490.955,809.650,217.377,746.302,173.742,492.637
547.362,969.807,491.274,809.373,217.298,746.498,173.848,492.687
547.497,970.129,491.111,809.067,217.446,746.951,173.829,493.022
547.286,969.666,490.705,809.265,217.484,746.923,173.918,492.788
547.330,969.707,490.672,809.013,217.369,746.897,173.898,492.806
547.306,969.856,490.808,809.202,217.321,746.840,173.883,492.857
547.501,970.196,491.052,809.377,217.433,746.739,173.929,492.713
547.433,970.003,490.889,809.591,217.408,746.758,173.988,492.685
547.372,970.305,491.287,809.196,217.285,746.620,173.797,493.033
547.217,969.944,491.109,809.191,217.251,746.578,173.821,492.878
547.234,969.736,490.648,809.367,217.298,746.631,173.876,492.564
546.985,969.462,491.063,809.066,217.560,746.593,173.784,492.593
547.303,969.521,490.898,809.358,217.477,746.445,173.599,492.975
547.341,969.704,491.206,809.355,217.378,746.760,173.825,492.822
547.424,969.864,491.070,808.863,217.461,746.411,173.764,492.742
547.371,969.792,491.097,808.766,217.251,746.680,173.902,492.711
547.437,969.527,490.908,809.118,217.370,746.454,173.784,492.972
547.500,969.807,491.575,808.995,217.482,746.593,173.814,492.704
547.297,969.611,491.356,809.122,217.548,746.448,173.796,492.809
547.255,969.492,491.562,809.236,217.256,746.333,173.688,492.609
547.314,969.902,491.980,808.356,217.347,746.251,173.717,492.784
547.367,969.816,491.667,808.560,217.412,746.629,173.673,492.772
547.335,969.872,491.402,808.568,217.293,746.520,173.766,492.496
547.374,970.062,491.711,808.405,217.319,746.479,173.745,492.820
547.257,969.537,491.265,808.949,217.405,746.563,173.757,492.688
546.982,969.647,490.911,809.265,217.438,746.544,173.622,493.033
547.030,969.729,491.255,808.850,217.383,746.701,173.738,492.770
547.061,969.963,491.467,809.141,217.280,746.597,173.724,492.916
547.365,969.995,490.636,809.748,217.295,746.614,173.747,492.893
547.438,970.118,490.363,809.606,217.361,746.693,173.712,492.673
547.376,970.224,490.197,809.614,217.317,746.529,173.705,492.721
547.405,970.211,490.208,809.787,217.174,746.293,173.756,492.609
547.380,969.745,490.524,810.042,217.355,746.340,173.720,492.916
547.377,969.810,490.566,810.393,217.406,746.312,173.670,492.743
547.298,970.045,490.814,809.983,217.308,746.338,173.743,493.030
547.330,970.096,490.725,809.999,217.358,746.463,173.721,492.727
547.370,969.936,490.505,810.200,217.340,746.564,173.706,492.395
547.301,969.623,491.118,810.148,217.330,746.620,173.452,492.724
547.314,969.524,491.127,810.338,217.506,746.858,173.607,492.772
547.488,969.840,490.889,810.499,217.424,746.458,173.638,492.889
547.400,969.855,490.872,810.562,217.629,746.434,173.598,492.829
547.334,969.798,490.737,810.572,217.344,746.440,173.575,492.991
547.428,969.855,490.990,810.798,217.570,746.632,173.629,492.823
547.161,969.545,491.522,809.925,217.527,746.549,173.688,492.628
547.428,970.091,491.522,809.229,217.453,746.592,173.621,492.783
547.310,969.922,491.353,810.059,217.428,746.307,173.425,493.196
546.897,969.183,491.722,809.188,217.555,746.699,173.446,493.064
547.333,969.300,492.100,809.260,217.434,746.340,173.649,493.017
547.304,969.467,491.465,809.697,217.536,746.561,173.732,492.961
547.332,969.424,491.367,809.441,217.443,746.452,173.673,492.715
547.248,969.488,491.673,809.738,217.456,746.559,173.531,492.935
547.546,970.193,491.365,809.913,217.786,746.251,173.682,492.853
547.366,970.060,491.398,809.966,217.475,746.466,173.648,493.109
547.344,969.995,491.686,809.901,217.611,746.490,173.680,492.658
547.575,970.153,491.310,810.015,217.575,746.282,173.560,492.687
547.524,970.005,491.263,810.017,217.518,746.330,173.572,492.734
547.464,970.467,491.653,809.641,217.484,746.253,173.541,493.081
547.190,969.944,491.591,810.078,217.563,746.267,173.457,493.229
547.263,969.571,491.748,809.610,217.380,746.146,173.539,493.564
547.300,969.844,491.800,809.695,217.360,746.222,173.558,493.110
547.289,969.804,491.083,809.864,217.367,746.574,173.578,493.421
547.402,969.981,491.008,810.209,217.300,746.360,173.550,493.446
547.414,969.831,491.353,810.080,217.190,746.387,173.505,492.731
547.438,970.095,491.562,809.894,217.381,746.349,173.492,493.284
547.508,970.099,491.492,809.614,217.415,746.387,173.332,493.204
547.404,969.827,491.574,809.980,217.443,746.480,173.323,492.734
547.206,969.540,491.685,809.372,217.321,745.996,173.378,493.072
547.514,970.354,491.214,809.969,217.338,746.565,173.154,493.861
547.420,969.908,491.113,810.436,217.325,746.632,173.046,494.590
547.526,970.031,491.366,810.132,217.465,746.443,172.809,494.792
547.432,970.027,491.518,810.056,217.438,746.390,172.762,495.121
547.189,969.722,491.272,810.290,217.411,746.760,172.737,494.994
547.137,969.562,491.460,810.105,217.350,746.482,172.676,495.091
547.258,969.386,491.249,810.320,217.381,746.438,172.324,495.150
547.445,969.982,491.305,810.256,217.681,746.529,172.229,495.476
547.368,969.895,491.730,809.872,217.248,746.360,171.916,496.149
547.624,970.283,491.652,810.117,217.455,746.359,171.722,495.868
547.423,970.023,491.989,809.332,217.216,746.283,171.570,495.897
547.442,969.936,491.903,809.678,217.664,746.447,171.580,495.936
547.463,969.978,491.896,809.957,217.299,746.402,171.539,496.006
547.538,970.292,491.644,810.073,217.505,746.876,171.793,495.911
547.378,970.130,491.474,810.233,217.474,746.757,171.763,495.935
547.419,970.458,491.585,810.312,217.420,746.425,171.809,495.976
547.384,970.147,491.615,810.227,217.490,746.764,171.848,496.078
547.539,970.158,491.717,810.137,217.455,746.508,172.093,496.202
547.449,970.321,491.812,809.927,217.467,746.620,171.992,496.922
547.389,970.150,491.872,809.885,217.307,746.250,171.851,496.661
547.475,970.216,491.681,810.009,217.286,746.203,171.349,497.544
547.372,970.038,491.563,810.083,217.386,746.433,171.238,497.047
547.308,969.771,491.732,809.874,217.259,746.291,171.027,497.045
547.367,970.493,491.847,809.826,217.283,746.269,171.128,496.973
547.486,970.311,491.862,809.886,217.281,746.245,171.160,497.446
547.533,970.400,491.733,809.912,217.321,746.326,170.910,497.486
547.619,970.459,491.135,810.487,217.370,746.411,170.847,498.100
547.347,969.893,491.257,810.467,217.407,746.343,171.159,497.724
547.311,969.670,491.469,810.422,217.568,746.237,170.906,498.090
547.289,969.841,491.207,810.468,217.459,746.163,170.765,498.199
547.382,969.786,491.657,810.120,217.639,746.143,170.445,498.848
547.417,969.801,491.375,810.122,217.399,746.281,170.340,498.911
547.498,969.956,491.232,810.397,217.232,746.127,169.548,499.766
547.412,969.710,491.352,810.461,217.352,746.403,168.873,499.977
547.595,970.301,491.453,810.740,217.482,746.084,168.427,500.131
547.596,970.145,491.813,810.026,217.540,746.245,168.111,499.770
547.511,970.388,491.719,810.036,217.376,746.352,167.924,499.755
547.338,970.115,491.859,810.052,217.173,746.006,169.148,499.808
547.363,969.871,491.234,810.481,217.359,745.904,169.599,499.885
547.423,969.823,490.981,810.508,217.503,746.116,169.237,503.539
547.514,970.062,491.287,810.415,217.643,746.479,169.253,503.743
547.486,970.249,491.851,810.010,217.322,746.198,169.258,503.147
547.358,970.131,491.753,810.148,217.160,746.253,169.601,500.217
547.321,969.724,491.993,810.063,217.355,746.484,169.781,499.491
547.378,969.803,492.071,810.135,217.252,746.288,169.006,499.833
547.492,970.376,491.419,810.372,217.196,746.445,169.172,500.271
547.493,970.201,491.980,810.097,217.317,746.456,168.274,501.164
547.626,970.340,491.719,810.270,217.329,746.448,167.067,505.343
547.640,970.484,492.120,809.976,217.379,746.365,167.272,505.728
547.474,970.130,492.495,809.807,217.354,746.405,167.511,505.637
547.719,970.341,492.389,810.083,217.655,746.475,167.981,505.742
547.572,970.136,491.981,810.411,217.655,746.380,168.865,505.913
547.684,970.067,491.833,810.037,217.374,746.615,169.676,505.056
547.463,969.900,491.837,810.452,217.290,746.374,170.030,504.805
547.488,970.161,492.219,810.086,217.521,746.235,170.252,504.669
547.535,969.996,492.134,810.388,217.370,746.401,170.107,504.455
547.606,970.049,492.079,810.438,217.516,746.402,168.834,505.201
547.601,969.994,491.777,810.775,217.558,746.425,168.239,505.029
547.568,970.173,491.367,810.606,217.413,746.567,167.688,506.020
547.628,970.161,492.064,810.269,217.361,746.553,167.747,505.990
547.339,969.989,491.453,810.911,217.293,746.310,167.934,506.196
547.421,969.928,492.092,810.821,217.276,746.419,168.154,506.206
547.291,969.903,492.024,810.743,217.414,746.490,168.091,506.643
547.408,969.704,491.866,810.382,217.402,746.494,167.684,505.713
547.524,970.290,491.688,810.569,217.395,746.605,167.484,505.116
547.278,969.700,491.687,810.697,217.424,746.575,166.566,506.061
547.432,969.830,492.146,810.563,217.270,746.329,166.690,505.873
547.663,970.068,492.279,810.443,217.383,746.367,166.270,506.200
547.598,970.096,492.175,810.572,217.395,746.340,165.609,505.447
547.214,969.437,492.210,810.735,217.353,746.366,168.306,503.729
547.471,969.737,491.942,810.334,217.380,746.403,169.571,503.484
547.510,970.016,492.062,810.373,217.377,746.529,169.343,504.649
547.236,969.917,491.958,810.719,217.173,746.392,169.310,505.084
547.545,969.827,492.234,810.196,217.413,746.527,169.272,504.726
547.503,969.742,491.687,811.111,217.410,746.574,169.216,504.444
547.651,969.854,491.824,811.114,217.646,746.759,169.183,503.338
547.464,969.790,491.764,810.414,217.413,746.361,169.317,503.227
547.461,970.048,491.782,810.112,217.298,746.388,169.347,503.155
547.481,970.108,491.980,810.053,217.383,746.206,168.973,502.040
547.527,970.169,492.193,810.375,217.454,746.638,168.943,498.366
547.473,969.739,491.857,810.698,217.323,746.386,169.020,497.400
547.440,969.786,491.593,811.149,217.332,746.402,168.921,497.488
547.462,969.550,491.126,811.642,217.476,746.360,168.480,498.601
547.392,969.345,491.048,811.672,217.655,746.504,167.481,502.966
547.461,969.985,490.243,812.932,217.768,746.907,166.486,504.276
547.609,969.902,490.810,811.593,217.536,746.600,165.897,505.303
547.336,969.458,490.561,812.927,217.628,746.550,165.095,505.568
547.275,969.743,490.453,812.832,217.351,746.368,164.402,505.631
547.513,969.903,490.526,813.057,217.284,746.335,165.097,502.317
547.329,969.525,490.368,813.096,217.561,746.566,164.585,505.044
547.351,969.745,490.821,812.778,217.356,746.161,165.297,504.977
547.349,969.981,491.623,811.424,217.537,746.178,166.202,505.181
547.399,969.959,491.232,812.047,217.627,746.443,166.529,505.292
547.278,969.402,490.819,812.791,217.355,746.494,166.686,505.479
547.308,969.308,490.669,813.180,217.267,746.325,166.785,505.437
547.375,969.930,491.076,811.986,217.418,746.587,166.458,505.342
547.234,969.670,491.222,811.560,217.403,746.454,166.188,505.546
547.272,969.580,490.783,812.627,217.251,746.155,166.051,505.399
547.222,969.473,490.590,813.030,217.488,746.258,166.334,505.155
547.267,969.524,490.287,813.166,217.475,746.300,166.388,505.175
547.313,969.473,490.628,812.539,217.610,746.292,166.482,505.830
547.554,969.851,490.483,811.774,217.319,746.612,166.432,505.490
547.486,969.223,490.364,811.995,217.659,746.820,166.396,504.883
547.339,969.288,490.666,811.929,217.482,746.864,166.235,504.910
547.459,969.550,491.575,811.451,217.250,746.357,166.434,505.017
547.366,969.498,491.463,811.658,217.296,746.290,166.607,504.612
547.500,969.754,490.997,811.624,217.182,746.434,166.657,504.283
547.484,969.709,491.646,811.202,217.303,746.452,166.836,503.412
547.250,969.768,491.419,811.460,217.319,746.433,166.780,504.050
547.486,969.595,491.496,811.349,217.450,746.647,166.721,504.724
547.318,969.606,492.135,810.426,217.295,746.356,166.038,506.347
547.334,969.482,491.988,810.616,217.318,746.568,165.783,507.261
547.571,969.888,491.723,811.079,217.460,746.547,165.266,508.704
547.367,969.899,491.952,810.977,217.242,746.376,164.703,509.696
547.471,970.106,492.305,810.716,217.349,746.540,164.222,509.916
547.641,970.002,492.024,810.807,217.451,746.489,163.748,509.469
547.602,970.193,492.277,810.561,217.590,746.264,163.740,509.387
547.538,969.960,492.085,810.826,217.341,746.105,164.202,509.040
547.514,969.723,492.137,810.837,217.428,746.182,164.629,509.425
547.477,969.400,491.019,811.573,217.221,746.255,165.279,509.998
547.529,969.631,491.787,810.792,217.139,746.122,165.412,509.871
547.456,969.756,491.874,810.705,217.331,746.261,165.966,510.006
547.319,969.648,491.861,811.121,217.305,746.310,166.216,510.345
547.353,969.731,492.061,811.004,217.456,746.628,166.383,509.760
547.369,969.653,492.216,810.571,217.393,746.734,166.377,509.178
547.354,969.588,491.882,811.281,217.407,746.171,166.549,509.052
547.511,969.725,491.845,810.715,217.510,746.171,166.813,508.724
547.240,969.590,491.509,811.498,217.192,746.214,167.364,508.773
547.235,969.411,492.340,810.797,217.400,746.155,167.579,508.096
547.240,969.468,491.757,812.023,217.416,746.171,167.329,508.327
547.303,969.556,491.001,812.680,217.269,746.340,166.917,507.662
547.350,969.634,491.332,812.091,217.137,746.175,166.897,507.976
547.538,969.822,492.144,811.016,217.360,746.370,166.532,508.691
547.599,969.992,491.501,811.411,217.416,746.386,166.178,509.325
547.353,969.626,491.857,811.464,217.367,746.593,165.891,509.606
547.258,969.788,491.816,811.775,217.359,746.449,165.728,509.356
547.429,969.555,491.847,811.037,217.185,746.172,165.104,509.208
547.393,969.356,491.688,811.391,217.328,746.449,164.950,509.053
547.357,969.369,491.430,812.232,217.330,746.448,164.817,509.379
547.375,969.084,491.379,811.677,217.363,746.299,165.341,508.918
547.494,969.476,490.606,812.293,217.701,746.438,165.853,509.196
547.396,969.850,490.752,812.346,217.353,746.480,166.196,509.269
547.295,969.370,491.331,811.919,217.313,746.497,166.566,510.334
547.478,969.648,491.532,811.762,217.326,746.315,166.733,510.410
547.446,969.631,491.197,812.055,217.232,746.485,166.599,510.134
547.480,969.431,491.257,811.215,217.447,746.520,166.561,510.577
547.508,969.491,491.765,810.976,217.328,746.475,166.747,510.616
547.335,969.251,491.956,811.003,217.427,746.580,166.176,513.716
547.456,969.530,491.307,812.140,217.396,746.431,166.051,514.265
547.511,969.824,491.198,812.499,217.423,746.306,165.346,515.202
547.464,969.318,491.803,811.768,217.395,746.165,165.307,515.238
547.423,968.937,492.145,811.755,217.207,746.110,164.960,515.020
547.255,969.261,491.653,811.331,217.195,746.146,165.268,515.178
547.404,969.879,491.794,811.983,217.169,746.484,164.002,517.022
547.432,969.504,491.583,812.284,217.282,746.448,164.348,515.741
547.354,969.419,491.579,812.480,217.264,746.316,163.867,515.515
547.248,969.211,492.393,810.874,217.422,746.098,164.149,515.580
547.194,969.584,491.788,811.954,217.540,746.187,163.489,515.780
547.220,969.642,491.714,811.232,217.317,746.290,163.191,516.329
547.484,969.734,491.420,811.766,217.222,745.987,163.575,516.084
547.538,969.908,491.963,812.074,217.309,746.308,163.469,515.756
547.442,969.403,492.350,811.570,217.302,746.222,163.305,516.072
547.438,969.767,491.649,812.363,217.293,746.282,163.147,516.076
547.430,969.655,491.051,813.195,217.324,746.423,162.827,516.852
547.444,969.469,491.242,812.231,217.249,746.100,163.619,516.280
547.483,969.728,491.976,812.005,217.249,746.398,163.025,517.621
547.229,969.870,492.049,812.466,217.452,746.200,162.973,516.907
547.543,969.763,491.944,812.520,217.334,746.226,163.879,517.015
547.236,969.632,491.834,812.133,217.366,746.102,163.528,517.093
547.394,969.740,492.360,812.571,217.154,746.127,162.926,517.669
547.385,969.667,492.457,811.811,217.288,746.346,162.506,518.790
547.430,969.628,491.521,812.200,217.313,746.191,163.005,517.782
547.489,969.307,491.468,812.610,217.312,746.109,163.595,515.442
547.486,969.754,491.428,813.559,217.207,746.328,163.955,512.718
547.463,969.899,491.624,813.290,217.325,746.320,164.553,515.733
547.527,969.823,492.374,812.687,217.184,746.445,164.486,515.861
547.544,970.099,492.230,812.152,217.274,746.698,164.956,515.583
547.532,969.857,491.135,811.943,217.131,746.243,165.247,515.651
547.595,969.648,491.829,812.128,217.321,746.322,164.400,516.066
547.518,969.461,491.760,812.793,217.251,746.355,163.794,513.535
547.431,969.296,492.268,811.577,217.211,746.407,163.676,513.463
547.394,969.262,492.007,811.481,217.211,746.352,163.608,513.447
547.477,969.603,491.047,812.952,217.195,746.080,163.760,513.347
547.404,969.511,490.926,813.403,217.177,746.169,163.872,513.329
547.403,969.400,491.684,812.260,217.410,746.242,163.857,512.218
547.389,969.216,491.239,813.358,217.400,745.938,163.643,512.380
547.299,969.304,491.141,813.577,217.281,746.126,163.181,513.568
547.441,969.539,491.150,812.754,217.304,746.168,163.267,514.219
547.429,969.657,491.374,813.711,217.333,746.253,163.254,514.211
547.360,969.787,490.737,813.811,217.218,746.267,163.476,514.476
547.333,969.366,490.886,813.620,217.060,746.177,163.392,514.906
547.241,969.379,491.110,813.313,217.131,746.272,163.312,514.048
547.413,969.724,491.131,813.669,217.289,746.388,163.592,514.513
547.394,969.673,491.232,813.762,217.316,746.331,163.614,514.485
547.144,969.133,490.595,813.776,217.212,746.206,163.621,514.351
547.481,969.509,490.352,813.991,217.395,746.520,163.497,514.324
547.282,969.221,490.622,814.313,217.294,746.034,162.421,516.779
547.223,969.347,491.156,814.092,217.351,746.401,162.617,515.466
547.453,969.676,491.407,813.821,217.310,746.483,162.551,515.879
547.444,969.621,491.172,813.776,217.362,746.270,162.890,515.691
547.509,969.580,490.739,813.669,217.238,746.255,163.180,515.870
547.634,969.685,491.023,813.784,217.225,746.042,163.337,514.981
547.750,970.078,491.117,813.086,217.215,746.149,163.272,515.840
547.209,969.563,491.129,813.351,217.145,746.189,163.034,515.618
547.588,969.991,491.306,813.042,217.048,746.261,162.746,516.124
547.511,969.651,490.779,812.880,217.226,746.254,161.844,517.652
547.325,969.176,491.243,813.128,217.227,746.420,161.097,520.965
547.449,969.589,491.285,813.068,217.274,746.216,161.872,519.815
547.578,969.773,491.530,813.053,217.192,746.743,162.382,519.167
547.503,969.600,491.278,813.215,217.207,746.702,162.528,519.368
547.504,969.934,491.448,813.224,217.217,746.405,162.821,520.391
547.507,969.879,492.041,812.200,217.430,746.824,163.219,520.481
547.278,969.306,491.696,812.481,217.419,747.012,163.704,519.923
547.294,969.262,491.428,813.207,217.450,746.842,163.433,519.716
547.417,969.735,492.529,811.831,217.301,746.711,163.220,516.766
547.393,969.912,492.143,812.127,217.384,746.856,163.022,516.450
547.513,969.807,491.761,812.231,217.356,746.648,162.790,516.834
547.560,969.949,491.505,812.283,217.190,746.739,162.700,517.011
547.792,969.975,491.822,813.756,217.197,746.968,162.447,518.868
547.537,969.776,491.269,813.225,217.461,746.907,162.270,517.576
547.306,969.722,491.386,813.050,217.372,747.021,162.101,517.448
547.498,969.696,491.464,812.946,217.342,746.852,162.218,517.174
547.600,969.802,491.922,811.981,217.443,746.836,162.032,517.596
547.602,969.833,491.036,813.108,217.263,746.667,162.044,517.583
547.492,969.876,491.169,813.159,217.448,746.945,161.989,517.715
547.674,969.880,491.505,813.067,217.349,746.859,161.817,517.911
547.571,969.935,491.202,813.515,217.443,746.998,161.604,518.142
547.527,969.687,491.381,813.288,217.430,746.765,161.725,518.086
547.578,969.811,491.930,811.917,217.400,746.632,161.654,518.403
547.584,969.610,492.102,811.739,217.333,746.646,161.515,518.395
547.465,969.558,491.690,813.245,217.298,746.483,161.904,519.162
547.409,969.327,491.551,813.319,217.458,746.574,162.039,519.246
547.375,969.316,491.610,813.337,217.368,746.733,161.904,519.538
547.465,969.423,491.525,813.376,217.470,746.776,162.016,518.191
547.307,969.448,491.646,812.280,217.569,746.617,161.886,518.087
547.140,969.254,492.448,811.801,217.612,746.726,161.857,518.037
547.327,969.658,492.596,811.916,217.400,746.595,161.824,518.203
547.241,969.598,492.479,812.003,217.314,746.726,161.834,518.405
547.598,969.863,492.770,811.743,217.262,746.427,161.796,518.000
547.409,969.681,492.108,812.379,217.315,746.533,161.856,517.761
547.565,969.641,490.858,813.511,217.491,746.865,161.595,519.703
547.620,969.679,491.288,812.656,217.305,746.933,161.441,519.802
547.346,969.709,491.826,812.576,217.437,746.985,161.811,518.294
547.522,970.130,491.518,813.328,217.404,746.843,161.879,518.342
547.638,969.942,491.560,813.558,217.510,746.959,161.380,520.101
547.637,969.587,492.042,812.657,217.475,746.618,161.508,518.383
547.573,969.460,491.365,813.313,217.508,746.613,162.058,517.331
547.480,969.279,490.642,813.049,217.432,746.287,162.334,518.479
547.456,969.511,491.565,813.048,217.419,746.436,162.700,516.794
547.618,969.760,491.938,812.747,217.338,746.586,163.015,516.690
547.598,969.615,491.354,813.452,217.431,746.693,162.904,516.528
547.581,969.684,491.426,813.317,217.354,746.582,162.547,517.356
547.560,969.695,491.977,813.033,217.539,746.558,162.464,517.691
547.405,969.449,491.262,813.469,217.306,746.511,162.286,517.550
547.461,969.429,491.537,813.580,217.300,746.730,162.040,519.515
547.562,969.748,491.393,813.897,217.324,746.795,162.274,518.878
547.422,969.280,491.624,813.462,217.397,746.923,161.962,519.051
547.586,969.539,491.646,813.212,217.439,746.741,162.001,519.094
547.564,969.589,491.390,813.926,217.442,746.712,162.120,519.204
547.523,969.660,491.229,813.614,217.465,746.852,162.024,519.285
547.408,969.567,491.778,812.763,217.353,746.664,162.049,519.490
547.468,969.517,491.232,813.522,217.376,746.630,162.147,519.233
547.404,969.396,491.516,813.444,217.410,746.570,162.166,518.080
547.533,969.619,491.331,813.430,217.370,746.611,161.897,519.627
547.352,969.201,491.478,813.421,217.381,746.561,162.173,519.210
547.473,969.302,490.658,813.424,217.374,746.693,162.010,519.143
547.414,969.546,490.722,813.440,217.357,746.471,161.995,519.658
547.423,969.654,490.997,813.331,217.424,746.681,161.897,519.813
547.407,969.298,491.264,813.896,217.515,746.684,162.081,519.579
547.389,969.087,491.066,813.996,217.468,746.727,162.211,519.373
547.307,968.914,491.047,813.454,217.452,746.731,162.411,519.641
547.336,969.125,491.002,813.140,217.467,746.738,162.126,519.672
547.483,969.244,491.141,813.340,217.538,746.933,162.132,519.197
547.207,968.913,491.527,813.341,217.566,746.956,162.282,519.409
547.279,969.007,491.637,813.459,217.463,746.877,162.241,519.550
547.585,969.432,491.795,813.307,217.625,747.091,162.126,519.691
547.474,969.247,491.716,813.590,217.458,746.978,162.404,519.154
547.335,969.349,491.009,814.089,217.516,746.563,162.331,519.617
547.407,969.208,490.911,813.575,217.462,746.482,162.337,519.286
547.178,968.886,491.720,813.428,217.429,746.749,162.394,519.654
547.502,969.299,491.432,813.536,217.583,747.065,162.754,519.795
547.449,969.363,491.597,813.799,217.528,746.876,163.013,520.782
547.741,969.599,491.300,813.938,217.488,746.640,163.298,520.537
547.621,969.825,491.225,813.683,217.451,746.983,163.380,520.305
547.513,969.556,491.686,813.631,217.279,746.545,163.331,520.215
547.572,969.614,490.934,813.126,217.473,746.755,163.439,520.178
547.471,969.716,491.048,813.698,217.532,746.832,163.319,520.840
547.487,969.412,491.373,813.323,217.525,746.956,163.602,520.543
547.472,969.387,491.322,813.206,217.517,746.839,163.670,520.551
547.609,969.760,491.411,813.597,217.418,746.844,163.871,520.461
547.422,969.591,491.591,813.887,217.434,746.844,164.542,520.691
547.577,969.717,491.413,813.305,217.383,746.564,164.156,520.853
547.480,969.357,491.422,813.044,217.521,746.823,163.402,521.957
547.547,969.476,491.688,813.414,217.617,746.758,163.449,521.155
547.472,969.299,491.239,813.314,217.471,746.706,163.261,521.374
547.397,969.223,491.112,813.029,217.400,746.953,163.504,521.300
547.456,969.013,491.070,812.758,217.872,746.792,163.934,521.174
547.486,969.112,490.578,813.073,217.474,746.537,163.472,521.973
547.320,969.098,490.749,813.127,217.491,746.623,162.902,522.379
547.538,969.307,490.944,813.443,217.545,746.727,163.479,523.331
547.461,968.987,491.083,812.980,217.548,746.840,163.848,523.262
547.547,969.426,491.037,812.927,217.717,746.646,163.556,523.837
547.538,969.439,490.937,813.226,217.673,746.914,163.133,522.682
547.340,969.513,491.089,812.531,217.305,746.765,162.590,523.198
547.199,969.174,491.213,812.891,217.488,746.906,162.754,522.593
547.486,969.329,491.062,812.671,217.410,746.713,162.839,522.397
547.461,969.238,490.970,812.738,217.458,746.446,162.855,522.853
547.526,969.330,491.344,812.907,217.425,746.991,162.636,523.467
547.419,969.391,491.295,812.397,217.588,746.962,162.486,523.941
547.306,969.358,491.408,812.690,217.536,746.769,162.595,523.532
547.407,969.312,490.886,812.518,217.575,747.151,162.644,523.561
547.467,969.269,490.997,812.799,217.562,747.088,163.296,522.768
547.316,969.363,490.525,812.823,217.680,747.120,163.013,523.472
547.212,969.022,490.851,813.214,217.488,746.873,162.457,523.900
547.584,969.432,491.223,812.871,217.487,746.583,162.562,523.010
547.264,969.190,491.330,812.839,217.492,746.659,162.621,523.029
547.519,969.691,491.142,812.712,217.347,746.464,163.218,523.070
547.413,969.271,490.494,812.876,217.319,746.418,163.028,523.308
547.409,969.681,490.801,812.736,217.348,746.617,162.511,523.570
547.395,969.221,490.601,812.544,217.404,746.676,162.203,524.072
547.546,969.406,491.153,813.163,217.424,746.649,162.264,523.560
547.449,969.437,491.024,813.290,217.410,746.833,162.900,523.199
547.519,969.462,491.068,813.156,217.458,746.658,163.151,523.098
547.377,969.201,490.966,813.516,217.460,746.633,162.324,524.229
547.558,969.445,490.961,812.644,217.568,746.829,162.289,524.760
547.337,968.941,491.158,812.458,217.378,747.065,162.585,523.674
547.277,969.466,491.194,813.128,217.369,747.036,162.736,523.481
547.341,969.092,491.278,812.764,217.468,746.442,162.429,523.502
547.473,969.253,491.063,812.697,217.378,746.519,162.595,523.240
547.455,969.254,491.042,812.684,217.394,746.451,162.694,523.070
547.357,969.333,490.981,812.718,217.355,746.493,162.355,524.478
547.588,969.311,491.327,813.096,217.770,746.785,162.229,524.115
547.378,969.287,491.810,813.295,217.367,746.732,162.341,523.454
547.520,969.669,491.610,813.069,217.449,746.915,162.183,523.210
547.170,968.846,490.518,812.409,217.471,746.525,161.842,523.321
547.416,969.197,490.397,812.015,217.422,746.676,161.742,524.002
547.419,969.208,490.322,811.498,217.620,746.713,161.644,524.262
547.583,969.522,491.179,812.445,217.504,746.613,161.781,523.879
547.492,969.429,491.233,810.924,217.387,746.609,161.585,523.848
547.432,969.595,490.705,810.417,217.325,746.592,161.305,524.311
547.587,969.629,490.375,810.319,217.338,746.470,161.299,524.785
547.539,969.536,490.514,810.278,217.504,746.759,161.451,524.623
547.694,969.511,491.119,809.887,217.383,746.739,161.551,524.421
547.525,969.431,490.446,809.837,217.424,746.709,161.469,524.672
547.534,969.425,491.886,808.440,217.390,746.893,161.727,524.170
547.466,969.291,491.738,808.018,217.477,747.025,161.766,523.856
547.522,969.645,491.834,807.808,217.595,747.245,161.955,523.845
547.415,969.311,490.993,807.759,217.411,746.790,161.937,524.235
547.243,969.301,490.786,807.688,217.604,747.178,161.679,524.204
547.481,969.747,491.016,806.631,217.506,746.944,162.054,524.010
547.524,969.534,491.296,806.433,217.505,746.740,162.275,523.842
547.332,969.386,492.088,806.167,217.473,746.845,162.000,524.257
547.448,969.516,492.873,806.022,217.464,746.815,162.454,523.396
547.466,969.406,491.714,806.222,217.503,746.995,162.452,523.597
547.327,969.201,489.857,805.151,217.555,747.038,162.413,523.477
547.332,969.342,488.584,805.246,217.471,746.804,161.988,524.393
547.346,969.441,490.127,803.771,217.422,746.680,162.235,523.845
547.496,969.716,490.258,803.706,217.377,746.618,162.583,523.205
547.454,969.677,491.451,803.241,217.344,746.734,161.425,524.932
547.493,969.831,491.396,802.122,217.259,746.680,161.388,525.202
547.251,969.229,491.237,801.202,217.357,746.669,161.304,525.415
547.286,969.684,490.435,801.726,217.447,746.844,161.438,524.898
547.735,970.152,490.139,801.391,217.357,746.849,161.477,524.843
547.555,969.957,489.868,802.050,217.249,746.669,161.734,524.620
547.631,969.802,489.479,801.755,217.291,746.744,161.990,524.013
547.607,969.814,489.796,801.437,217.418,746.777,161.996,523.477
547.471,969.469,489.714,801.645,217.372,746.817,162.141,523.436
547.637,969.717,489.650,802.134,217.205,746.646,162.068,523.825
547.659,969.644,489.295,801.849,217.416,746.739,162.165,523.744
547.535,969.569,489.748,801.320,217.506,746.786,162.258,523.503
547.578,969.421,490.374,801.228,217.425,747.225,162.119,524.041
547.668,969.418,489.749,801.559,217.337,747.015,162.027,523.792
547.485,969.222,489.583,801.540,217.495,746.761,161.363,524.725
547.376,968.853,489.765,801.254,217.613,746.617,161.006,525.021
547.494,969.022,489.691,801.322,217.582,746.709,160.936,525.112
547.576,969.418,489.714,801.135,217.368,746.594,161.199,524.396
547.466,969.179,489.513,801.477,217.520,746.864,161.470,524.156
547.484,969.412,489.727,801.065,217.563,746.914,161.753,524.087
547.465,969.350,489.798,801.210,217.443,746.748,161.630,523.751
547.444,969.335,489.764,801.196,217.302,746.688,161.448,524.233
547.453,969.118,489.508,801.142,217.499,746.937,161.484,524.097
547.507,969.511,489.879,800.996,217.415,746.754,161.483,524.087
547.355,969.095,489.730,801.029,217.413,746.838,162.007,523.304
547.412,969.210,489.552,801.326,217.539,746.639,162.059,522.428
547.377,969.198,489.916,801.150,217.511,746.826,162.536,521.608
547.323,969.136,489.553,801.172,217.388,746.879,162.458,521.649
547.424,969.251,489.523,801.393,217.426,746.846,162.489,521.789
547.606,969.289,489.526,801.104,217.430,746.978,162.237,522.006
547.357,968.630,489.505,801.161,217.320,746.630,162.457,521.700
547.363,969.018,489.311,801.040,217.481,747.012,162.448,521.604
547.434,968.999,489.666,800.722,217.485,747.079,162.694,521.458
547.408,969.025,489.512,800.869,217.458,746.875,162.538,522.167
547.608,969.554,489.625,800.815,217.484,747.020,162.572,521.671
547.624,969.613,489.391,801.707,217.361,746.767,162.902,520.660
547.608,969.349,489.496,801.501,217.515,746.914,162.995,519.754
547.585,969.444,489.943,801.521,217.576,747.109,163.126,519.706
547.541,969.400,489.818,801.710,217.677,747.007,163.661,519.452
547.606,969.185,489.253,801.700,217.545,746.962,163.931,519.147
547.475,969.146,489.651,801.137,217.301,746.782,163.986,518.948
547.384,968.966,489.572,801.107,217.205,746.494,164.064,518.710
547.338,969.211,489.025,801.420,217.363,746.613,164.071,518.053
547.685,969.673,488.902,801.678,217.437,746.800,163.947,517.269
547.609,969.388,488.864,802.288,217.387,746.584,164.065,516.733
547.448,969.341,488.848,802.415,217.435,746.291,164.127,516.441
547.593,969.303,488.912,802.218,217.419,746.734,164.133,516.792
547.544,969.409,488.616,802.505,217.268,746.436,164.186,516.461
547.540,969.634,488.782,802.416,217.442,746.685,164.416,516.975
547.540,969.364,489.015,802.163,217.652,746.509,164.399,516.908
547.636,969.599,489.028,802.814,217.533,746.367,164.477,516.575
547.531,969.290,489.045,802.010,217.426,746.293,164.403,517.109
547.575,969.527,488.560,802.416,217.549,746.394,164.495,517.281
547.525,969.516,488.896,802.722,217.394,746.537,164.328,516.605
547.570,969.258,489.009,802.400,217.358,746.578,164.254,516.105
547.437,968.890,488.609,802.379,217.490,746.667,164.738,516.380
547.629,969.590,488.854,802.802,217.308,746.603,164.697,516.512
547.497,969.388,488.734,802.962,217.412,746.681,164.500,515.807
547.638,969.505,488.549,802.529,217.450,746.775,164.388,515.815
547.566,969.363,488.385,802.436,217.490,746.727,164.430,516.035
547.429,968.879,488.151,802.091,217.468,746.932,164.503,515.778
547.471,968.943,488.898,802.111,217.420,746.703,164.571,516.337
547.231,968.745,488.634,802.260,217.361,746.707,164.503,516.306
547.407,968.980,488.199,802.233,217.529,746.923,164.588,515.844
547.485,969.194,488.338,802.150,217.468,746.886,164.502,515.593
547.402,969.084,488.343,801.831,217.571,746.973,164.713,516.202
547.431,969.203,488.292,801.541,217.681,746.766,164.736,515.506
547.381,968.729,488.412,801.244,217.462,746.667,164.842,515.961
547.486,969.298,488.482,801.033,217.601,746.709,164.867,515.665
547.352,969.250,488.712,800.885,217.518,746.738,164.896,515.917
547.331,969.162,488.775,801.103,217.610,746.685,164.818,515.547
547.234,969.038,488.175,801.905,217.384,746.696,164.689,515.578
547.476,969.156,488.297,801.986,217.363,746.570,164.642,515.446
547.422,969.397,488.095,801.829,217.523,746.646,164.817,515.974
547.454,969.371,488.464,801.757,217.424,746.684,164.890,515.674
547.492,968.973,488.365,802.042,217.396,746.550,164.590,515.173
547.432,969.242,488.031,802.050,217.478,746.711,164.917,516.082
547.569,969.340,488.208,802.553,217.392,746.709,164.713,515.469
547.633,969.579,488.150,802.411,217.478,746.728,164.744,515.697
547.513,969.326,488.296,801.920,217.352,746.712,164.915,515.556
547.371,968.971,488.182,802.208,217.362,746.522,164.808,515.484
547.613,969.249,488.166,801.787,217.508,746.710,164.825,515.434
547.468,968.946,488.136,802.080,217.579,746.461,164.860,515.518
547.372,969.021,488.650,801.867,217.631,746.563,164.783,515.165
547.522,969.047,489.117,801.182,217.417,746.622,164.821,515.157
547.450,969.027,488.393,802.333,217.676,746.662,164.798,515.332
547.549,969.569,488.179,801.979,217.513,746.574,164.700,515.074
547.420,969.411,488.873,801.505,217.588,746.772,164.725,515.677
547.535,969.235,488.163,802.418,217.359,746.611,164.905,515.672
547.542,969.330,487.966,802.073,217.302,746.649,164.792,514.833
547.455,969.404,488.575,801.768,217.381,747.121,164.797,514.820
547.326,969.127,487.900,802.277,217.367,746.933,164.926,514.683
547.427,969.456,488.311,801.648,217.465,747.008,165.084,514.414
547.574,969.604,489.081,801.299,217.356,746.820,164.816,514.241
547.633,969.428,488.791,801.490,217.106,746.546,165.161,514.146
547.516,969.187,488.484,802.010,217.384,746.599,165.050,514.462
547.536,969.160,488.858,802.056,217.374,746.694,165.031,513.116
547.553,969.266,488.586,801.852,217.435,746.506,165.094,514.431
547.601,969.491,488.811,801.324,217.490,746.578,165.008,514.405
547.394,969.343,488.525,801.050,217.574,746.313,164.902,513.951
547.408,969.205,488.829,801.013,217.256,746.431,164.855,514.348
547.477,969.267,488.625,801.195,217.555,747.038,165.196,512.935
547.582,969.321,488.643,801.371,217.592,746.980,165.225,512.174
547.674,969.401,488.236,801.401,217.435,746.826,165.056,512.692
547.382,969.179,488.056,801.271,217.376,746.774,165.025,512.442
547.460,969.010,488.724,800.702,217.192,746.423,165.206,512.790
547.422,969.124,488.283,801.456,217.561,746.795,165.525,513.315
547.458,969.044,488.252,802.078,217.514,746.580,164.954,514.730
547.557,969.396,488.421,801.704,217.462,746.578,164.923,514.525
547.505,969.427,488.435,801.618,217.604,746.630,165.300,512.276
547.227,969.300,488.398,802.073,217.545,746.775,165.036,513.950
547.586,969.551,488.251,801.422,217.499,746.740,165.004,514.754
547.507,969.626,488.382,801.346,217.355,746.430,164.956,515.151
547.563,969.470,488.435,801.363,217.520,746.673,164.963,514.381
547.530,969.294,488.470,801.511,217.452,746.303,165.209,512.838
547.636,969.376,488.119,801.313,217.433,746.628,165.343,512.897
547.435,969.051,488.073,801.443,217.635,746.278,165.187,512.829
547.535,969.466,488.187,801.522,217.723,746.341,165.201,512.934
547.490,969.400,488.001,801.701,217.319,746.658,164.984,514.206
547.479,969.246,487.672,801.500,217.663,746.555,165.038,514.518
547.498,969.286,488.202,801.382,217.441,746.432,164.917,513.424
547.589,969.326,488.323,801.717,217.521,746.640,164.995,514.477
547.544,969.108,488.188,801.493,217.471,746.668,164.983,514.414
547.612,969.336,488.263,801.510,217.474,746.717,165.216,512.693
547.583,969.403,488.368,801.867,217.416,746.568,165.294,512.734
547.646,969.455,488.099,801.273,217.578,746.515,165.109,514.742
547.592,969.507,488.257,801.505,217.438,746.540,165.009,514.229
547.481,969.457,488.750,801.624,217.382,746.757,164.983,514.672
547.558,969.363,488.233,801.580,217.314,746.726,164.944,514.259
547.515,969.549,488.903,800.704,217.393,746.386,165.049,514.490
547.286,969.472,488.535,801.175,217.443,746.526,165.088,514.254
547.502,969.159,488.257,801.367,217.683,746.681,165.234,511.868
547.425,969.446,488.282,801.255,217.558,747.070,165.486,511.843
547.774,970.045,488.824,801.757,217.549,747.004,164.984,511.053
547.651,969.487,488.442,802.198,217.472,746.964,165.618,511.622
547.566,969.365,488.386,801.557,217.577,747.019,165.394,511.034
547.454,969.207,488.437,801.467,217.468,746.792,165.332,510.500
547.561,969.128,488.072,801.670,217.418,746.898,165.539,510.463
547.448,968.916,488.175,801.432,217.472,746.784,165.621,510.085
547.432,968.966,488.126,801.609,217.297,746.884,165.584,509.895
547.496,969.547,488.332,801.120,217.367,746.889,165.536,510.217
547.564,969.450,488.282,801.197,217.319,746.902,165.669,509.976
547.572,969.157,488.115,800.942,217.384,746.741,165.275,509.881
547.666,969.375,488.100,801.106,217.480,746.986,165.623,510.617
547.737,969.470,488.009,801.271,217.502,746.824,165.770,510.965
547.887,969.734,488.094,801.309,217.493,746.624,165.595,510.001
547.535,969.343,488.586,800.990,217.454,746.662,165.707,510.689
547.627,969.683,488.307,800.860,217.497,746.976,165.518,510.508
547.567,969.550,488.347,800.803,217.632,747.092,165.481,509.905
547.660,969.512,488.416,800.916,217.467,746.757,165.523,510.184
547.678,969.363,488.347,800.858,217.496,746.866,165.484,510.294
547.498,969.224,488.137,800.879,217.533,746.711,165.734,510.770
547.492,969.280,488.725,800.698,217.519,746.965,165.568,510.831
547.621,969.559,489.256,800.381,217.281,746.573,165.486,511.437
547.630,969.418,488.833,800.531,217.312,746.546,165.272,511.511
547.644,969.578,488.555,800.545,217.456,747.053,165.365,511.354
547.611,969.546,488.404,800.815,217.481,746.905,165.392,510.604
547.327,968.687,488.192,800.546,217.622,746.826,165.398,510.596
547.577,969.187,488.237,800.786,217.534,746.758,165.427,510.562
547.409,969.352,488.433,800.678,217.555,746.666,165.480,509.995
547.441,969.256,488.488,800.434,217.658,746.824,165.589,511.855
547.326,969.231,488.619,800.585,217.547,746.548,165.444,511.443
547.539,969.289,488.628,800.259,217.585,746.569,165.415,510.683
547.393,969.202,488.322,800.346,217.593,746.652,165.580,511.264
547.459,969.279,487.864,800.849,217.596,746.790,165.611,511.628
547.374,969.471,488.276,800.550,217.406,746.670,165.517,510.473
547.270,968.982,488.032,800.947,217.387,746.549,165.776,510.873
547.339,969.128,487.680,801.073,217.293,746.495,165.661,510.149
547.270,969.397,488.312,800.462,217.401,746.688,165.556,509.766
547.249,969.226,488.323,800.445,217.450,746.533,165.655,510.601
547.454,969.368,488.182,800.476,217.148,746.309,166.034,510.348
547.445,969.421,488.571,800.402,217.287,746.755,165.690,511.197
547.602,969.650,488.106,800.813,217.383,746.802,165.683,511.589
547.557,969.430,488.598,801.286,217.324,746.738,165.936,510.563
547.436,969.205,488.500,800.788,217.321,746.567,165.817,509.667
547.696,969.536,488.420,800.819,217.389,746.553,165.581,509.940
547.725,969.473,488.392,800.921,217.418,746.718,165.790,510.345
547.583,969.191,488.260,801.231,217.398,746.835,165.773,509.918
547.547,969.230,488.139,801.299,217.463,746.946,165.802,510.506
547.690,969.521,488.455,801.075,217.391,746.746,165.628,510.200
547.529,969.395,488.673,800.875,217.535,746.565,165.746,509.003
547.591,968.961,488.498,800.597,217.632,746.390,165.743,509.268
547.497,968.922,488.211,800.670,217.432,746.628,165.815,510.246
547.637,969.556,488.313,800.870,217.394,747.033,165.639,509.618
547.420,969.306,488.477,800.454,217.530,746.674,165.394,510.209
547.535,969.172,488.213,800.874,217.484,746.834,165.627,511.177
547.633,969.118,488.155,800.689,217.542,746.881,165.547,510.574
547.525,969.194,488.336,800.756,217.413,746.638,165.463,510.979
547.717,969.479,488.184,800.866,217.498,746.744,165.590,511.001
547.657,969.661,488.364,800.718,217.457,746.617,165.612,511.016
547.485,969.271,488.263,800.597,217.196,746.371,165.739,510.939
547.485,969.383,488.003,800.762,217.211,746.349,165.849,511.180
547.608,969.296,487.809,800.899,217.303,746.559,165.722,510.675
547.516,969.110,487.928,800.956,217.502,746.888,165.703,510.706
547.521,969.392,487.922,800.652,217.361,746.692,165.752,510.875
547.445,969.380,488.162,800.561,217.301,746.637,165.732,510.577
547.394,969.182,487.954,800.626,217.410,746.582,165.655,510.843
547.484,969.280,487.814,800.497,217.214,746.463,165.887,511.413
547.262,969.058,488.025,800.931,217.543,746.860,165.714,510.931
547.397,969.353,488.192,801.106,217.414,746.973,165.791,510.944
547.526,969.346,487.965,801.314,217.436,746.783,165.789,510.813
547.334,969.095,488.257,801.154,217.498,746.686,165.762,511.164
547.517,969.231,488.052,800.789,217.417,746.834,165.821,511.154
547.434,969.306,488.362,800.550,217.368,746.833,165.885,511.229
547.301,969.136,487.918,801.045,217.345,746.967,165.821,511.290
547.218,969.076,488.482,800.830,217.500,746.955,165.735,511.439
547.308,969.423,488.162,800.567,217.531,746.983,165.853,510.895
547.574,969.479,488.056,800.940,217.329,746.860,165.922,511.938
547.458,969.005,488.069,800.657,217.360,746.619,165.715,510.717
547.501,969.211,488.094,800.406,217.385,746.745,165.894,510.803
547.687,969.622,487.824,800.722,217.287,746.802,165.983,511.658
547.599,969.435,488.150,800.905,217.493,747.012,165.933,511.300
547.619,969.369,488.704,800.448,217.371,746.616,166.075,510.985
547.675,969.393,488.868,799.568,217.583,746.568,166.092,510.591
547.410,969.078,488.595,800.035,217.590,746.681,165.926,510.691
547.620,969.436,488.474,800.111,217.720,746.688,165.918,510.773
547.678,969.225,488.691,800.239,217.758,746.769,165.865,510.782
547.741,969.124,488.550,800.158,217.532,746.447,166.004,511.053
547.565,969.296,488.585,800.400,217.478,746.590,165.874,510.440
547.515,969.329,488.955,799.830,217.390,746.592,165.842,511.044
547.561,969.361,488.472,800.662,217.553,746.717,165.986,510.220
547.624,969.360,488.417,800.483,217.325,746.710,165.938,510.540
547.323,969.182,488.004,800.411,217.467,746.674,165.930,510.630
547.418,969.088,488.513,799.920,217.627,746.527,165.855,511.058
547.325,969.412,487.994,800.508,217.499,746.792,165.962,510.981
547.634,969.219,488.218,800.402,217.636,746.843,166.027,510.875
547.535,969.278,487.994,800.502,217.435,746.628,166.030,511.064
547.692,969.327,487.878,800.523,217.529,747.049,165.813,510.728
547.570,969.208,488.140,800.458,217.488,746.678,165.751,510.752
547.610,969.446,487.934,800.458,217.430,746.730,165.870,511.165
547.633,969.481,488.671,800.021,217.428,746.675,165.858,510.349
547.596,969.468,488.785,800.050,217.594,746.846,166.060,511.425
547.631,969.474,489.023,799.689,217.530,746.366,166.366,512.046
547.553,969.313,488.353,800.160,217.598,746.392,166.160,509.914
547.615,969.539,488.156,800.402,217.521,746.375,166.031,510.068
547.411,969.188,488.592,800.126,217.859,746.738,166.019,509.782
547.570,969.246,488.566,800.301,217.600,746.740,166.010,509.982
547.423,969.116,488.490,800.619,217.417,746.787,166.008,510.073
547.380,968.913,488.049,800.504,217.502,746.915,166.014,510.968
547.542,969.086,488.349,800.372,217.670,746.899,166.305,510.567
547.442,969.202,488.076,800.824,217.383,746.908,166.072,509.973
547.529,969.151,488.198,800.510,217.478,746.967,166.083,511.397
547.265,969.009,488.134,800.348,217.477,746.890,165.763,509.621
547.338,968.908,487.953,800.355,217.395,746.521,165.924,510.535
547.564,969.127,488.312,800.522,217.431,746.734,165.673,510.628
547.642,969.347,487.961,801.028,217.305,746.914,165.632,509.128
547.547,969.476,488.292,800.742,217.347,746.827,165.814,510.277
547.637,969.491,488.767,800.014,217.319,746.817,165.660,510.785
547.599,969.465,488.836,799.873,217.528,746.813,165.652,509.828
547.559,969.085,488.440,800.147,217.768,746.894,165.825,508.786
547.459,968.867,488.521,800.412,217.678,746.661,165.899,509.828
547.369,969.179,488.815,800.653,217.260,746.669,165.672,509.740
547.518,969.375,488.674,800.407,217.665,746.708,165.760,509.610
547.673,969.583,488.319,800.411,217.473,746.467,165.876,509.765
547.653,969.374,488.259,800.564,217.666,746.715,165.681,509.370
547.506,969.093,488.054,800.690,217.508,746.320,165.644,508.987
547.675,969.301,488.053,801.028,217.524,746.447,165.555,509.514
547.540,969.141,488.320,800.672,217.736,746.490,165.445,508.906
547.805,969.094,488.371,800.366,217.605,746.482,165.674,509.263
547.585,969.268,487.978,801.044,217.590,746.777,165.648,509.411
547.591,969.423,488.211,801.109,217.511,746.707,165.695,509.323
547.612,969.558,488.012,801.204,217.936,746.926,165.722,509.359
547.767,969.484,487.970,801.152,217.482,746.702,165.669,509.409
547.338,969.183,487.884,801.706,217.650,746.730,165.544,509.795
547.380,969.147,488.393,801.553,217.766,747.021,165.916,510.714
547.373,969.343,488.723,800.719,217.574,746.932,165.775,510.597
547.373,968.388,488.694,800.781,217.629,746.982,165.626,509.660
547.337,968.364,488.980,801.295,217.699,746.934,165.579,510.251
547.336,968.762,489.885,800.878,217.653,747.182,165.767,509.917
547.315,968.688,489.777,801.383,217.698,747.383,165.880,510.538
547.508,968.910,490.590,800.013,217.592,746.885,165.820,510.614
547.457,969.207,489.955,801.254,217.478,746.831,165.780,510.248
547.462,969.139,490.191,800.855,217.367,746.590,165.777,511.379
547.455,969.275,489.928,801.073,217.380,746.514,165.757,511.487
547.342,969.056,490.079,801.477,217.895,746.739,165.533,512.228
547.505,969.069,490.232,801.850,217.710,746.989,165.373,512.557
547.624,968.999,490.228,801.710,217.615,746.901,165.504,514.067
547.609,969.219,490.375,801.364,217.780,747.203,165.494,514.244
547.434,969.024,489.658,801.928,217.736,746.889,165.037,516.245
547.655,969.124,490.218,801.615,217.715,746.996,164.807,516.569
547.565,969.133,489.803,802.222,217.707,746.731,164.732,516.441
547.565,969.241,490.097,801.820,217.646,746.839,164.222,517.137
547.481,968.917,490.128,801.648,217.571,746.662,164.216,517.423
547.578,969.079,490.179,801.520,217.704,747.010,164.197,516.802
547.250,968.782,489.873,802.385,217.510,746.980,164.761,514.074
547.559,969.259,489.891,802.252,217.705,746.991,164.897,514.547
547.588,969.233,490.014,802.138,217.708,747.184,164.971,513.559
547.396,969.156,489.615,802.983,217.653,746.812,165.007,514.713
547.382,969.123,490.016,802.515,217.542,746.667,165.185,513.584
547.252,968.891,489.984,802.415,217.685,746.681,165.171,513.180
547.274,968.910,490.025,802.600,217.758,746.828,165.581,512.536
547.213,968.969,489.301,803.125,217.458,746.854,165.674,512.534
547.519,969.290,490.013,802.719,217.681,746.549,165.735,512.842
547.517,969.206,490.216,802.534,217.532,746.551,165.943,512.626
547.468,968.828,490.399,802.428,217.762,746.667,165.736,513.179
547.442,969.213,490.249,802.304,217.845,746.704,166.290,512.930
547.377,969.027,490.124,802.504,217.721,746.893,166.272,514.103
547.550,969.195,489.836,802.939,217.681,746.705,166.604,514.245
547.391,969.058,489.947,802.787,217.643,746.708,166.284,514.565
547.406,969.173,489.787,802.808,217.550,746.636,166.495,514.873
547.761,969.563,489.751,802.917,217.656,746.800,166.204,518.562
547.647,969.138,489.756,802.694,217.667,746.765,166.272,520.354
547.765,969.308,489.875,802.794,217.715,746.686,166.257,521.241
547.623,969.128,489.592,802.699,217.588,746.662,166.130,521.447
547.649,969.312,489.510,802.756,217.719,746.935,165.968,521.352
547.801,969.577,489.972,802.128,217.560,746.656,165.907,521.393
547.729,969.436,489.603,802.471,217.665,746.578,165.965,521.154
547.731,969.302,489.506,802.649,217.574,746.712,166.040,521.606
547.657,969.136,489.975,802.284,217.477,746.501,166.703,521.194
547.588,969.239,489.909,802.228,217.645,747.097,167.293,521.411
547.631,969.373,489.896,802.428,217.251,746.635,167.462,521.332
547.661,969.118,489.811,802.460,217.468,746.508,167.476,521.395
547.527,969.004,489.864,802.375,217.880,746.752,166.606,521.709
547.625,969.317,489.915,802.377,217.605,746.904,166.357,521.947
547.758,969.495,489.944,802.508,217.659,747.021,166.211,520.922
547.579,969.729,489.886,802.283,217.529,746.934,166.276,521.590
547.629,969.426,489.561,802.572,217.533,746.768,166.031,521.566
547.712,969.523,489.535,802.606,217.648,746.733,166.138,521.437
547.671,969.282,489.717,802.708,217.637,747.061,166.205,521.791
547.667,969.535,489.741,802.597,217.436,746.964,166.635,522.402
547.600,969.153,489.711,802.707,217.589,746.939,166.653,523.076
547.618,969.170,489.760,803.011,217.631,746.878,166.676,522.650
547.609,968.809,489.452,803.176,217.482,746.903,166.842,522.453
547.413,968.909,489.632,802.952,217.595,746.888,167.040,521.927
547.584,969.105,489.892,802.536,217.606,747.007,167.336,521.732
547.542,969.117,489.986,802.293,217.474,746.804,167.229,522.024
547.626,969.327,489.854,802.715,217.706,747.072,167.320,523.372
547.439,969.153,489.774,802.720,217.604,747.410,167.209,522.585
547.569,969.177,490.088,802.485,217.527,747.278,166.943,523.218
547.599,968.996,490.285,802.383,217.461,747.038,166.822,523.118
547.497,968.907,490.272,802.337,217.556,747.204,166.873,523.180
547.654,969.568,490.014,802.447,217.457,746.779,167.435,522.524
547.676,969.424,489.998,802.567,217.442,746.781,167.182,522.278
547.669,969.385,489.716,802.690,217.480,746.747,167.503,523.068
547.670,969.406,489.859,802.766,217.421,746.569,168.093,522.927
547.655,969.321,490.240,802.556,217.457,746.586,168.075,523.548
547.664,969.516,490.292,802.398,217.797,746.870,168.286,523.033
547.572,968.951,489.736,802.740,217.818,747.017,168.770,522.721
547.765,969.402,489.724,802.369,217.673,746.998,168.922,522.794
547.663,969.498,490.423,802.056,217.583,746.799,169.236,522.387
547.375,969.046,489.851,802.045,217.573,746.887,170.129,522.831
547.691,969.666,490.259,801.977,217.718,747.017,169.817,522.892
547.610,969.383,490.300,801.875,217.411,746.836,169.477,523.171
547.486,969.155,490.188,801.604,217.455,746.955,170.163,522.759
547.630,969.407,490.348,801.981,217.538,746.930,170.365,522.862
547.569,969.300,490.081,802.277,217.654,746.611,170.407,523.215
547.527,969.498,490.058,802.158,217.539,746.901,170.270,523.985
547.568,969.521,490.172,802.423,217.445,746.779,170.154,524.412
547.564,969.255,490.109,802.582,217.526,746.994,170.032,525.004
547.623,969.337,490.302,802.410,217.774,746.940,169.985,525.314
547.598,969.479,490.463,802.083,217.575,746.692,169.811,526.382
547.564,969.185,490.036,802.502,217.825,746.736,169.476,526.742
547.528,969.134,490.067,802.548,217.611,747.036,169.705,527.737
547.490,969.322,490.086,802.646,217.631,746.977,170.007,527.672
547.625,969.296,490.050,802.560,217.363,746.770,169.838,527.227
547.671,969.359,489.978,802.559,217.621,747.340,169.698,526.860
547.774,969.461,490.030,802.493,217.441,747.047,169.580,526.130
547.741,969.597,490.121,802.393,217.564,747.355,169.217,527.568
547.702,969.475,490.144,802.291,217.447,747.176,169.329,527.367
547.565,968.932,489.873,802.644,217.489,746.809,169.252,527.133
547.607,969.021,490.152,802.297,217.417,746.600,168.652,528.658
547.544,969.316,489.896,802.653,217.341,746.813,168.623,528.386
547.608,969.561,489.838,802.417,217.342,746.823,168.988,528.761
547.541,969.133,489.952,802.321,217.645,747.041,169.214,528.512
547.534,969.234,490.303,802.360,217.605,747.130,169.170,527.714
547.550,969.098,490.399,802.118,217.604,746.799,169.305,528.640
547.449,968.827,490.542,802.436,217.711,747.379,169.102,529.042
547.594,969.097,490.638,802.342,217.644,747.093,169.238,528.301
547.615,969.121,490.564,802.058,217.768,746.853,169.216,528.584
547.695,969.114,490.631,801.958,217.519,746.960,169.103,528.721
547.704,969.287,490.350,802.231,217.507,746.189,168.967,528.825
547.623,969.219,490.371,802.175,217.693,746.418,168.918,529.491
547.505,969.466,490.342,802.165,217.277,746.654,168.789,529.840
547.522,969.350,490.259,802.265,217.511,747.073,169.168,529.218
547.530,969.010,490.254,802.036,217.398,746.757,169.232,529.409
547.526,969.103,490.170,801.958,217.650,746.947,169.178,529.498
547.695,969.475,489.810,802.295,217.612,746.840,169.135,529.519
547.733,969.436,489.976,802.141,217.662,746.964,169.241,529.357
547.684,969.299,489.947,802.042,217.698,746.788,169.167,529.576
547.708,969.492,489.878,802.238,217.664,746.931,169.130,529.628
547.655,969.326,490.576,801.847,217.563,747.134,169.066,529.488
547.533,969.130,490.540,802.279,217.441,746.920,169.085,529.788
547.717,969.410,490.887,801.289,217.427,746.921,169.077,529.886
547.642,969.518,490.708,801.669,217.507,746.636,169.127,528.990
547.716,969.456,490.450,801.839,217.624,746.835,169.166,529.613
547.586,969.059,490.444,802.159,217.624,747.037,169.122,529.926
547.598,969.092,490.692,801.907,217.682,747.210,169.130,529.773
547.746,968.535,490.657,801.686,217.513,747.042,169.326,530.013
547.639,968.156,491.037,801.888,217.481,747.013,169.635,530.224
547.402,967.460,491.035,802.070,217.595,747.044,169.264,529.575
547.014,967.904,490.947,802.168,217.457,746.916,169.525,529.327
546.710,968.635,490.997,802.184,217.599,746.639,169.983,529.308
546.586,968.806,490.026,803.204,217.521,746.692,170.118,530.023
546.512,968.339,490.503,803.224,217.454,747.005,170.181,529.306
546.311,968.024,490.373,803.593,217.518,746.771,170.050,528.675
546.386,967.992,490.423,803.565,217.671,746.653,169.928,528.088
546.467,968.482,490.629,803.339,217.608,747.089,169.907,528.605
546.531,968.596,490.658,803.852,217.579,747.016,169.947,528.329
546.700,968.986,491.036,803.722,217.647,746.929,170.130,528.878
546.588,968.515,490.888,804.050,217.460,746.586,170.731,530.021
546.843,969.091,491.511,803.702,217.663,746.999,170.387,529.692
546.669,969.105,491.714,802.636,217.860,746.944,170.397,529.930
546.454,968.361,491.739,802.441,217.539,746.983,170.362,529.684
546.603,968.672,491.612,803.264,217.557,746.778,170.541,529.666
546.878,969.117,491.278,803.695,217.523,746.961,170.103,529.508
546.611,968.636,491.788,803.249,217.346,746.785,170.283,531.008
546.761,968.996,491.838,802.442,217.639,746.807,169.651,529.961
546.792,969.043,491.841,802.459,217.562,747.087,169.665,529.988
546.723,969.050,492.348,802.797,217.563,747.084,169.798,529.953
546.850,968.970,492.330,803.154,217.580,747.061,170.227,531.353
546.739,968.716,491.786,802.462,217.622,746.984,169.866,531.004
546.765,968.719,491.380,802.393,217.443,747.048,169.865,530.878
546.643,968.774,491.479,802.143,217.504,747.090,169.716,530.661
546.906,968.953,491.887,802.885,217.479,746.824,170.125,531.540
546.894,968.952,492.139,802.814,217.719,746.964,170.325,530.597
546.502,968.648,492.123,802.902,217.494,746.657,170.235,531.499
546.721,968.340,492.012,803.582,217.616,746.849,170.239,531.486
546.832,968.697,491.703,803.209,217.707,746.960,170.176,531.598
546.599,968.550,492.131,802.524,217.651,746.939,170.370,531.556
546.817,969.028,492.547,801.997,217.717,747.144,169.961,530.944
546.777,969.023,491.705,802.840,217.664,747.085,170.085,530.526
546.735,969.114,491.649,803.058,217.646,746.940,170.042,530.223
547.296,968.279,491.359,803.459,217.577,746.942,170.352,531.456
547.134,967.929,491.875,803.022,217.500,746.850,170.190,531.432
547.192,968.137,491.681,802.882,217.424,746.732,170.325,531.838
546.833,968.004,491.782,802.992,217.375,746.608,170.248,531.654
546.833,968.820,491.961,802.930,217.363,746.490,170.365,531.401
546.980,969.179,492.092,803.310,217.606,746.727,170.492,531.135
546.676,968.395,492.191,803.263,217.334,746.637,170.366,531.410
547.066,968.318,491.652,802.794,217.302,746.410,170.258,531.741
546.869,969.026,490.839,802.902,217.608,746.683,170.346,532.063
546.961,968.980,491.144,803.025,217.510,746.581,170.460,531.333
546.978,968.914,491.490,803.724,217.601,746.447,170.350,531.103
546.918,968.738,491.490,803.978,217.594,746.393,170.239,531.473
546.969,968.885,491.234,804.381,217.432,746.355,170.256,531.285
546.878,969.113,491.360,804.372,217.563,746.119,170.638,531.394
546.837,968.890,491.394,804.242,217.699,746.290,170.530,531.310
546.897,968.808,490.509,804.899,217.365,746.457,170.587,531.673
547.163,969.064,490.806,804.473,217.575,746.359,170.547,531.110
546.704,968.521,490.754,804.408,217.510,746.789,170.538,531.767
546.858,968.815,489.985,805.194,217.358,746.571,170.482,531.203
546.930,969.012,490.634,804.787,217.457,746.542,170.540,531.707
546.976,968.766,490.300,804.947,217.359,746.588,170.427,531.650
547.122,969.353,490.199,804.643,217.467,746.851,170.424,531.791
547.027,969.043,490.140,804.502,217.555,746.772,170.446,532.565
546.925,968.833,489.658,805.578,217.494,746.687,170.281,532.797
546.659,969.003,489.124,805.654,217.410,746.838,170.381,532.453
546.904,969.114,490.007,804.586,217.469,746.924,170.378,532.316
546.749,968.859,490.228,805.113,217.496,746.704,170.283,531.922
547.000,968.936,489.866,805.899,217.508,746.777,170.388,531.526
546.793,968.477,489.892,804.819,217.375,746.734,170.991,531.600
547.018,968.997,489.254,805.655,217.563,746.976,171.007,531.535
546.833,968.834,489.818,805.371,217.546,746.541,171.040,531.296
546.769,968.669,490.272,804.209,217.529,746.614,171.089,531.170
546.909,969.256,489.496,805.681,217.910,747.095,170.774,531.691
546.784,969.054,490.070,805.562,217.601,747.110,170.865,531.737
546.842,968.882,489.233,806.692,217.676,747.309,170.723,531.635
546.902,969.214,489.699,805.284,217.820,747.407,170.584,531.338
547.008,969.246,489.823,805.098,217.644,747.052,170.641,531.354
546.993,969.116,489.494,805.379,217.674,747.036,170.562,532.012
546.733,968.878,488.692,806.430,217.602,747.030,170.627,532.140
546.781,968.839,489.355,806.005,217.652,747.070,171.007,531.136
546.730,968.867,488.514,806.527,217.569,746.819,171.027,531.190
547.018,969.008,489.501,805.590,217.600,746.902,170.928,531.887
547.001,969.247,489.543,805.882,217.649,747.011,171.041,531.344
546.868,969.176,488.827,807.221,217.603,747.037,171.395,531.675
546.982,969.355,488.973,806.420,217.584,746.886,170.931,532.517
546.782,968.833,489.710,805.285,217.882,747.396,171.245,531.959
546.922,969.103,488.538,806.764,217.978,747.233,170.973,533.025
546.805,968.831,489.100,806.448,217.763,746.805,171.035,533.453
546.829,968.947,488.768,806.429,217.885,746.982,170.717,533.442
546.889,968.987,489.430,805.204,217.767,746.760,171.746,533.309
546.657,968.907,489.529,806.097,217.772,746.782,171.330,534.522
546.802,969.010,489.812,805.499,217.684,746.859,171.527,533.788
546.680,968.902,489.348,805.692,217.705,746.991,171.465,533.320
546.737,968.845,488.921,805.716,217.757,747.142,171.806,532.784
546.616,968.790,489.127,805.898,217.765,747.206,171.805,532.906
546.572,968.873,488.904,806.587,217.679,746.953,171.108,534.054
546.871,969.347,488.302,806.586,217.821,747.343,171.003,535.091
546.855,969.176,489.170,805.584,217.840,747.358,171.263,534.492
546.623,968.799,488.156,806.909,217.544,746.849,171.225,534.888
546.774,968.795,488.678,806.827,217.765,747.127,171.283,535.576
546.792,968.713,489.867,805.589,217.536,746.675,171.255,535.095
546.846,968.844,489.680,805.969,217.754,747.143,171.526,534.556
546.853,968.591,489.923,805.866,217.815,747.060,171.859,534.257
547.216,967.913,488.722,807.275,217.744,747.306,171.123,535.200
547.157,967.887,488.653,806.732,217.897,747.262,170.865,535.782
546.609,967.906,488.881,806.659,217.911,746.791,171.332,534.316
546.808,967.729,488.959,806.334,217.777,746.789,171.472,535.088
547.051,967.564,490.132,805.662,217.755,747.109,170.820,536.056
546.896,967.588,488.587,806.722,217.696,746.997,170.847,536.101
546.992,967.967,488.813,806.573,217.650,746.890,170.768,534.755
547.034,967.777,489.162,806.201,217.797,746.996,171.039,534.302
546.759,966.921,489.421,805.912,217.523,746.969,171.720,535.166
546.622,967.294,489.877,805.385,217.610,746.837,171.788,535.433
546.548,967.280,490.156,804.976,217.683,746.946,171.355,535.199
546.564,967.137,489.996,804.874,217.558,746.563,171.486,535.710
546.433,967.221,490.053,805.003,217.511,746.746,171.295,535.375
546.293,966.782,490.028,804.972,217.764,746.953,171.027,535.979
546.361,967.210,489.893,805.042,217.732,746.797,170.713,536.908
546.467,967.421,490.299,804.770,217.456,746.810,170.684,536.651
546.331,967.025,490.410,804.615,217.634,746.463,170.799,536.864
546.370,967.107,490.509,804.603,217.729,746.774,170.064,538.840
546.242,967.017,490.431,804.668,217.670,746.650,170.113,538.659
546.225,966.976,490.535,804.506,217.761,746.871,170.028,538.437
546.357,967.284,490.652,804.422,217.737,746.889,169.537,539.836
546.175,966.705,490.620,804.459,217.489,746.564,169.528,539.627
546.303,966.951,490.827,804.180,217.908,746.862,169.484,540.483
546.064,966.459,490.782,803.980,217.845,746.879,169.715,540.446
545.983,966.442,490.755,804.110,217.735,746.873,169.968,539.063
546.419,967.091,490.502,804.203,217.847,746.998,169.995,538.571
546.202,966.726,490.329,804.460,217.819,747.059,170.098,539.590
546.169,966.839,490.414,804.446,217.720,747.059,169.856,540.082
546.317,966.904,490.553,804.358,217.872,747.092,170.391,539.214
546.221,966.566,490.321,804.502,217.856,747.115,170.365,539.362
546.099,966.388,490.271,804.846,217.596,746.764,170.801,540.994
546.125,966.456,490.245,804.804,217.693,746.890,170.336,541.126
546.317,966.911,490.652,804.267,217.707,747.295,170.580,541.160
546.263,966.759,490.646,804.135,217.631,747.094,170.431,541.248
546.256,966.632,490.839,804.010,217.777,746.962,170.564,541.200
546.289,966.362,490.977,804.031,217.790,746.989,170.929,540.749
546.391,966.822,491.157,803.862,217.576,746.738,171.167,540.765
546.198,966.998,490.876,804.062,217.545,746.642,170.630,541.389
546.312,967.316,490.753,804.231,217.683,746.925,170.322,541.168
546.032,967.199,490.815,804.296,217.597,746.597,170.096,540.807
546.169,967.164,490.500,804.327,217.569,746.677,170.550,540.556
546.210,967.304,490.935,803.923,217.717,746.903,171.191,540.602
546.228,967.220,490.974,803.833,217.440,746.498,170.849,541.466
546.244,967.683,491.148,803.802,217.796,746.810,170.798,540.850
546.176,967.018,491.084,804.077,217.680,746.630,170.825,540.644
546.152,966.927,490.787,804.091,217.852,746.763,170.838,540.888
546.248,966.667,490.682,804.231,217.636,746.606,170.300,541.568
546.210,966.845,490.751,804.029,217.929,747.130,170.445,541.303
546.286,967.051,490.868,803.963,217.970,747.129,171.295,539.525
546.167,966.800,491.161,803.691,217.851,746.913,171.335,540.129
546.218,966.519,490.894,804.087,217.821,746.877,170.981,540.612
546.288,966.938,490.945,803.808,217.884,747.212,170.670,540.772
546.340,966.532,490.985,803.899,217.902,747.136,171.306,540.230
546.219,966.736,491.049,803.798,217.857,747.216,171.595,540.012
546.313,967.055,490.975,804.030,217.790,746.849,171.009,540.196
546.207,966.784,491.211,803.715,217.838,746.935,170.764,540.518
546.245,966.929,491.134,803.854,217.941,747.191,171.663,538.891
546.426,967.105,491.157,803.892,217.850,747.029,171.166,540.198
546.262,966.699,491.072,803.701,218.010,747.226,171.237,540.133
546.249,966.626,491.010,803.768,217.795,746.809,171.844,539.115
546.069,966.342,490.803,803.947,217.787,746.776,171.399,540.368
546.163,966.533,491.014,803.825,217.853,747.067,170.570,541.425
546.209,966.980,491.087,803.695,217.674,746.998,170.852,539.869
546.177,966.438,491.058,803.474,217.613,746.705,171.576,538.874
546.069,965.845,491.153,803.719,217.644,746.781,171.782,539.331
546.403,966.122,491.114,803.693,217.743,746.953,170.878,541.137
546.480,966.303,491.260,803.586,217.768,746.901,170.987,540.969
546.216,966.483,491.646,803.360,217.674,747.309,171.540,540.031
546.192,966.369,491.572,803.447,217.908,747.380,170.816,541.299
546.167,966.156,491.694,803.339,217.639,747.033,170.138,540.836
546.018,965.744,491.861,803.042,217.709,747.136,170.913,540.216
546.312,965.764,492.280,802.961,217.781,746.827,171.443,539.998
546.412,966.147,492.098,803.220,217.870,747.021,171.071,541.140
546.227,966.167,492.230,802.739,217.897,747.174,170.870,541.459
546.286,966.362,492.088,802.892,217.776,746.844,170.897,541.423
546.344,966.433,492.490,801.969,217.890,746.959,171.019,539.415
546.166,966.184,492.560,801.980,217.877,746.869,171.046,540.717
546.113,966.714,492.056,802.067,217.799,746.965,170.723,539.451
546.193,966.612,491.872,802.165,217.771,747.166,170.670,539.710
546.054,966.127,491.901,802.390,217.859,747.073,170.325,541.661
546.155,966.291,491.972,802.083,217.819,746.934,170.425,541.538
546.242,966.746,491.407,802.186,217.905,746.927,170.360,541.261
546.060,966.144,491.391,802.077,217.756,746.910,170.636,541.377
546.045,966.316,491.041,802.245,217.683,746.737,170.166,541.995
546.259,966.401,490.234,802.889,217.784,746.955,170.389,541.465
545.735,965.945,489.895,802.753,217.662,746.779,170.743,541.334
545.967,966.073,489.799,802.767,217.867,746.938,170.742,540.507
545.849,966.218,489.748,802.957,217.809,746.834,170.646,540.960
546.066,965.891,489.853,802.808,217.850,746.744,170.466,540.672
546.203,966.439,489.888,802.777,217.727,746.730,170.214,540.279
546.082,966.788,490.088,802.463,217.727,746.623,170.321,540.601
546.023,966.142,490.274,802.254,217.495,746.662,170.193,542.550
546.139,966.113,490.500,802.245,217.534,746.660,169.903,543.099
546.158,966.515,490.349,802.290,217.774,746.769,169.967,543.013
546.093,966.242,490.639,802.133,217.736,746.648,169.991,542.943
546.062,965.915,490.429,802.417,217.755,747.006,170.105,542.671
546.252,966.358,490.341,802.431,217.711,746.903,170.337,542.605
546.244,966.380,490.817,802.089,217.711,746.839,170.500,541.880
546.498,965.933,490.746,802.155,217.813,747.304,170.484,542.386
546.110,966.164,490.888,802.073,217.767,747.007,170.311,543.152
546.027,966.332,491.107,802.070,217.941,747.301,170.070,542.800
546.052,966.092,491.197,801.881,217.986,746.650,169.974,542.566
545.935,966.053,491.345,801.559,217.793,746.975,170.048,542.333
545.969,965.761,491.127,802.004,217.727,746.952,169.995,542.830
546.026,966.131,491.099,801.815,217.796,747.087,170.079,542.661
546.001,966.158,491.084,801.739,217.715,746.996,169.932,542.688
546.054,965.938,491.200,802.114,217.792,746.957,170.049,542.402
546.052,966.038,491.251,801.918,217.808,746.996,170.215,542.448
546.026,966.194,490.943,802.044,217.740,747.185,170.160,541.428
545.908,966.014,491.015,801.954,217.885,747.252,170.135,542.761
545.971,965.767,491.313,801.974,217.729,747.083,170.028,542.787
545.967,966.246,491.325,801.851,217.817,747.067,170.093,543.077
546.176,966.103,491.124,802.153,217.642,746.679,169.933,543.119
546.119,966.209,491.165,802.089,217.525,746.681,169.973,543.114
546.023,966.025,491.227,801.862,217.660,747.088,169.795,542.997
546.035,966.099,491.251,801.974,217.632,747.231,169.830,543.134
546.222,966.167,491.280,801.972,217.660,747.143,169.698,543.389
546.095,966.545,491.398,801.884,217.826,746.818,169.680,543.635
545.889,965.895,491.572,801.664,217.933,746.980,169.640,542.891
546.091,965.952,491.111,801.954,217.824,746.668,169.599,543.220
546.210,966.163,491.124,801.990,217.879,746.611,169.853,544.614
546.201,965.926,491.073,801.947,217.740,746.631,169.751,545.395
546.334,966.165,491.242,802.062,217.888,746.791,169.385,545.992
546.227,966.636,491.337,801.663,217.996,746.934,169.436,545.239
546.237,966.678,491.245,801.816,217.950,747.093,169.300,544.968
546.184,966.444,491.273,801.753,217.926,746.757,169.336,546.891
545.879,965.863,491.284,801.819,217.910,746.976,170.038,548.226
545.954,965.588,491.224,801.777,217.813,746.924,170.126,550.575
545.920,965.478,491.419,801.729,217.951,746.982,169.350,550.858
546.068,966.253,491.311,801.742,217.908,746.698,168.357,548.165
545.950,965.757,491.242,801.757,217.963,746.903,168.386,548.645
546.051,965.849,491.304,801.594,217.824,746.798,168.084,549.160
546.057,965.726,491.130,801.701,217.997,746.763,167.747,549.557
546.151,966.074,491.319,801.613,217.823,746.711,168.149,549.274
546.075,965.902,491.126,801.790,217.808,746.918,168.008,549.100
546.126,966.209,491.109,801.630,217.928,747.063,167.990,548.450
546.286,966.418,491.339,801.507,217.776,746.707,168.192,549.558
546.115,966.342,491.462,801.543,217.900,747.026,168.871,551.492
545.990,966.066,491.425,801.761,217.973,746.862,167.952,549.834
546.246,965.751,491.259,801.725,217.741,746.803,167.912,549.743
545.957,965.500,491.061,801.834,217.735,746.707,168.561,552.820
546.173,965.972,491.405,801.814,217.868,746.972,168.477,553.678
546.294,965.972,491.082,801.930,217.783,746.720,168.254,554.738
546.217,966.379,491.237,801.556,217.816,746.736,167.880,554.328
546.102,965.954,491.093,801.850,217.997,746.370,167.276,551.741
546.057,966.303,491.083,801.840,218.201,746.901,167.002,553.809
546.048,966.172,491.158,801.719,218.196,747.014,167.863,557.419
546.138,966.515,491.145,801.774,217.916,746.733,167.546,556.285
546.053,966.335,490.897,801.933,217.834,746.617,167.006,554.316
545.966,966.321,491.201,801.847,217.674,746.769,166.754,554.514
545.832,966.174,490.944,802.045,217.625,746.815,167.433,557.328
545.969,966.212,491.388,801.501,217.970,746.888,167.052,557.524
546.011,966.084,491.330,801.436,217.810,746.735,167.239,557.674
545.873,966.014,491.532,801.478,217.771,746.685,167.016,555.387
546.056,966.272,491.223,801.577,217.816,746.730,167.828,557.477
545.994,966.294,491.408,801.556,217.919,746.603,167.790,557.670
546.066,966.648,491.061,801.703,217.972,746.702,168.060,557.894
545.953,966.372,491.308,801.663,217.939,746.652,168.052,557.890
546.239,966.200,491.343,801.520,217.932,746.787,168.091,557.733
546.202,966.185,491.214,801.552,218.034,746.960,168.118,557.866
546.102,966.270,491.274,801.716,217.829,746.699,168.210,556.648
545.920,965.885,491.188,801.791,217.867,746.686,168.151,556.952
545.843,965.426,491.223,801.639,217.784,746.850,167.939,556.768
545.930,965.487,491.347,801.627,217.842,746.750,168.199,556.101
546.198,965.754,491.385,801.672,217.802,746.650,167.585,555.330
545.997,966.130,491.244,801.650,217.982,746.776,167.117,553.704
546.203,966.372,491.202,801.744,218.353,747.315,166.901,553.353
545.935,965.751,491.012,801.781,217.782,746.693,166.856,552.733
545.973,965.924,491.179,801.660,217.930,746.657,166.809,553.449
545.918,965.683,491.279,801.759,217.953,747.115,166.557,553.953
545.904,965.836,491.205,801.828,217.963,747.001,166.371,554.449
546.026,965.968,491.279,801.570,217.942,746.891,165.750,553.788
545.953,965.896,490.949,801.687,217.801,746.609,165.664,554.629
545.766,965.576,491.090,801.744,217.841,746.751,165.702,554.696
545.901,965.656,490.939,801.831,217.763,746.689,165.705,555.015
545.969,965.945,491.178,801.769,217.810,746.354,165.768,556.345
545.719,965.571,490.873,801.896,217.820,746.845,165.684,555.568
545.919,965.240,491.325,801.593,217.717,746.671,165.710,555.987
546.006,965.888,491.286,801.483,217.830,746.843,165.887,556.775
545.975,965.311,491.243,801.568,217.805,746.757,165.656,554.865
546.088,965.978,491.153,801.549,217.793,746.799,166.034,556.622
546.069,965.896,491.306,801.561,218.070,747.257,166.048,556.328
546.054,965.652,491.015,801.589,217.872,746.774,165.963,553.858
546.118,965.929,491.057,801.664,217.974,746.974,166.058,554.389
546.054,965.308,491.265,801.435,217.884,746.990,166.212,555.579
546.060,965.277,491.270,801.484,217.890,746.666,166.189,555.125
545.893,965.196,491.408,801.401,217.802,747.147,165.838,553.995
546.196,965.293,491.345,801.416,217.810,747.144,165.879,554.401
545.708,965.323,491.085,801.715,217.880,746.744,166.046,554.571
545.818,965.209,491.158,801.640,217.862,746.716,165.992,553.972
545.996,965.559,491.346,801.624,217.877,746.746,166.256,554.226
545.920,965.670,491.387,801.457,217.960,746.788,166.098,554.185
545.937,965.251,491.178,801.459,217.935,746.758,166.147,554.300
546.021,965.891,491.126,801.457,217.999,746.505,166.225,554.580
546.170,965.857,491.165,801.628,217.822,746.526,166.046,554.105
546.076,965.839,491.201,801.651,217.720,746.868,166.149,553.970
545.978,966.026,491.144,801.615,217.604,746.496,166.271,554.593
546.212,965.924,490.962,801.501,217.839,746.757,166.352,554.553
546.186,965.461,490.952,801.589,217.910,746.643,166.547,554.643
546.035,965.208,491.198,801.382,217.963,746.593,166.312,554.333
545.951,965.113,491.065,801.507,217.995,746.616,166.362,554.378
546.156,965.482,490.755,801.792,217.889,746.735,166.338,554.307
545.938,965.759,490.869,801.689,217.846,746.540,166.392,554.147
546.031,965.695,490.982,801.562,218.056,746.645,166.280,553.639
546.066,965.466,491.108,801.585,217.941,746.410,166.333,553.797
546.064,965.612,491.424,801.515,217.868,746.740,166.458,553.888
545.857,964.910,490.917,801.721,218.200,746.654,166.551,553.898
546.129,965.909,491.325,801.579,217.904,746.845,166.391,554.222
545.857,965.211,491.149,801.568,217.909,746.768,166.493,553.953
546.052,965.310,491.207,801.665,217.841,746.738,166.362,554.016
546.040,965.281,491.361,801.222,217.703,746.668,166.533,553.858
546.089,965.460,491.296,801.474,217.899,746.857,166.448,553.996
546.223,965.487,491.272,801.342,217.786,746.706,166.755,554.983
546.182,965.278,491.352,801.451,217.941,746.803,166.592,554.357
546.024,965.330,491.428,801.328,217.829,746.873,166.619,554.773
546.063,965.186,491.420,801.302,217.966,747.097,166.529,554.802
546.023,964.928,491.129,801.587,217.782,746.720,166.500,554.002
545.881,964.694,491.106,801.545,217.841,746.779,166.557,554.202
545.940,964.997,491.269,801.524,217.883,747.029,166.497,554.240
545.856,965.005,491.299,801.532,217.876,747.032,166.881,554.026
545.915,964.470,491.289,801.565,217.934,747.103,166.699,553.804
545.684,965.024,491.056,801.512,217.869,747.407,166.751,553.406
545.610,964.934,491.256,801.555,217.878,747.209,166.582,553.430
545.642,964.919,491.281,801.490,217.813,747.202,166.764,554.052
545.637,965.217,491.407,801.539,217.923,746.608,166.653,554.148
545.812,965.740,491.353,801.218,217.972,746.845,166.917,554.139
545.866,965.351,491.349,801.219,217.991,746.898,167.133,553.678
545.993,965.079,491.166,801.528,217.862,746.898,166.825,553.364
545.947,965.746,491.215,801.527,217.891,746.909,166.828,553.380
545.917,965.067,491.316,801.418,218.179,747.402,166.995,553.639
545.937,965.286,491.383,801.407,218.047,747.092,166.798,553.592
546.051,964.929,491.450,801.216,218.059,747.319,166.899,553.749
546.028,964.783,491.384,801.276,218.207,747.242,166.759,553.939
546.008,965.028,491.375,801.273,217.986,747.125,166.777,553.507
545.994,964.807,491.528,801.331,217.840,746.806,166.718,553.924
546.011,964.918,491.450,801.457,218.120,747.047,166.784,553.957
545.738,965.143,491.215,801.575,217.795,746.932,166.920,553.747
545.664,964.604,491.380,801.366,218.008,746.963,166.815,553.602
545.677,964.899,491.161,801.465,217.884,746.979,166.738,553.298
545.583,965.025,491.301,801.356,218.017,746.742,167.128,553.771
545.902,964.566,491.124,801.604,217.951,746.849,167.097,553.591
545.747,964.695,491.388,801.359,218.072,747.101,166.963,553.721
545.773,964.682,491.084,801.397,217.989,747.006,167.059,553.152
545.805,964.758,490.978,801.527,217.988,746.944,167.010,553.597
545.789,965.265,491.359,801.151,218.094,746.990,166.965,554.038
545.620,964.603,491.081,801.729,217.910,746.852,166.941,553.629
545.934,965.291,491.362,801.248,218.062,746.769,166.722,553.629
546.158,964.490,491.120,801.356,217.921,746.869,166.949,553.685
546.053,964.972,491.262,801.304,218.002,747.288,166.922,553.430
546.033,964.695,491.225,801.388,217.819,746.924,166.957,553.564
545.981,964.546,491.272,801.469,218.013,747.082,166.857,553.888
546.103,965.188,491.296,801.507,217.753,746.644,166.923,553.820
545.840,964.596,491.202,801.492,217.946,746.909,167.080,553.880
545.851,964.980,491.461,801.123,218.031,747.194,167.554,553.836
545.939,964.845,491.486,801.150,218.050,747.024,167.040,553.487
546.014,965.471,491.273,801.300,218.165,747.364,167.243,553.179
545.692,965.436,491.297,801.262,218.008,747.234,167.530,553.170
545.849,965.355,491.440,801.188,217.696,746.771,167.685,552.390
545.911,964.784,491.220,801.562,218.036,747.105,168.387,552.400
545.476,964.619,491.075,801.714,217.933,746.949,169.193,552.560
545.502,963.714,491.471,801.456,217.683,746.796,169.456,552.713
545.407,963.988,491.340,801.579,217.688,746.933,169.705,552.739
545.617,963.672,491.353,801.365,217.859,747.126,169.832,552.226
545.628,963.819,491.338,801.337,217.836,747.117,169.832,552.076
545.745,963.948,491.207,801.554,217.832,746.748,169.804,552.155
545.584,962.999,491.491,801.389,217.852,746.923,169.584,552.219
545.783,963.892,491.319,801.209,217.749,747.082,170.299,551.410
545.860,963.906,491.285,801.439,217.843,747.113,170.217,550.505
545.700,963.317,491.351,801.752,217.935,747.894,169.791,549.785
545.805,963.809,491.398,801.587,217.854,747.821,169.995,549.441
545.606,963.764,490.861,801.617,218.137,747.499,169.942,549.544
545.624,963.616,491.135,801.451,217.838,747.295,169.860,549.960
545.500,964.984,491.145,801.410,217.943,747.554,169.987,550.066
545.525,964.688,490.922,801.578,218.017,747.736,170.501,549.972
545.776,964.855,490.882,801.573,217.954,747.716,170.322,550.017
545.907,964.763,491.389,801.407,217.830,747.621,170.087,549.894
545.893,964.299,491.303,801.471,217.873,747.478,170.309,549.823
545.620,964.000,490.993,801.811,217.899,747.500,170.499,549.661
545.712,964.812,491.019,801.857,217.908,747.482,170.388,549.775
546.211,964.860,491.482,801.430,218.054,747.208,170.154,549.643
545.897,963.781,491.284,801.281,217.900,747.622,170.221,549.794
545.829,963.837,491.190,801.736,217.862,747.139,169.847,550.401
546.031,963.985,491.260,801.852,217.985,747.170,169.927,550.075
545.848,962.988,491.054,801.743,218.125,747.643,169.730,550.069
545.970,963.627,491.238,801.561,217.958,747.492,169.577,550.115
545.797,963.560,491.256,801.734,218.121,747.912,169.663,549.904
545.528,962.377,491.105,801.617,217.822,747.282,170.409,549.590
545.661,963.529,491.114,801.472,217.989,747.342,170.294,549.702
546.058,962.741,491.125,801.450,218.172,747.376,170.014,550.093
545.452,962.352,491.355,801.461,217.939,747.150,169.684,550.061
545.829,962.682,491.305,801.389,218.010,747.212,169.562,549.788
546.003,962.326,491.165,801.373,218.110,747.430,170.114,549.570
546.313,961.894,491.139,801.332,217.883,747.394,170.517,549.343
545.833,962.797,491.168,801.572,217.867,747.147,170.684,550.090
546.179,962.383,491.260,801.456,217.935,747.641,169.954,549.993
546.282,963.916,491.398,801.373,217.849,747.462,170.352,550.105
546.015,964.146,491.549,801.251,217.871,747.287,170.021,550.618
545.750,965.066,491.560,801.228,218.089,747.092,169.777,550.292
545.822,965.324,491.216,801.490,217.832,747.456,170.062,549.535
545.574,965.426,491.423,801.473,217.932,747.433,170.163,549.428
545.472,964.804,491.252,801.601,217.998,747.423,170.136,550.422
545.842,963.800,491.311,801.274,217.925,747.311,169.908,550.485
545.695,963.961,491.265,801.379,217.937,747.232,170.073,550.498
546.009,963.599,491.171,801.777,218.103,747.299,169.932,550.354
545.886,963.877,491.191,801.546,217.935,747.331,169.900,549.976
545.985,963.518,491.276,801.506,217.932,747.344,169.856,550.065
546.086,963.102,491.236,801.529,218.142,747.300,169.939,550.386
545.770,963.557,491.331,801.480,217.782,747.237,170.095,550.612
545.715,963.120,491.179,801.554,217.837,747.478,169.647,550.572
545.769,963.467,491.244,801.396,218.021,747.267,169.398,550.460
545.674,963.687,491.316,801.312,218.161,747.393,169.438,550.452
545.797,962.662,491.515,801.318,218.157,747.167,169.524,550.426
545.784,962.676,491.325,801.472,218.050,747.113,169.641,550.934
545.710,963.422,491.074,801.681,218.141,747.120,169.822,550.617
545.553,963.489,491.462,801.034,217.995,747.193,169.506,550.954
545.660,963.673,491.494,801.297,218.088,746.979,169.447,551.320
545.723,963.243,491.092,801.368,218.058,747.177,168.764,551.840
545.715,963.600,491.181,801.442,218.196,747.464,168.920,553.212
545.524,964.268,491.273,801.368,218.049,747.032,169.251,553.634
545.601,964.396,491.183,801.386,217.951,747.273,168.851,554.289
545.822,963.988,491.219,801.483,218.121,746.977,169.029,555.324
545.613,964.101,490.887,801.714,217.926,747.129,168.838,555.466
545.569,964.516,491.211,801.501,218.070,746.829,168.604,555.922
545.707,964.734,491.264,801.476,218.067,746.911,169.285,559.299
545.730,964.881,491.448,801.561,217.970,747.192,169.271,559.851
545.694,964.476,490.919,801.786,217.658,747.324,169.440,559.711
545.640,964.505,490.967,801.616,217.849,747.509,169.658,560.469
545.326,964.285,491.184,801.476,217.757,747.170,169.476,560.491
545.627,964.549,491.643,801.370,217.844,747.109,169.193,562.306
545.685,964.741,491.514,801.300,218.145,747.275,169.651,561.097
545.670,964.640,491.430,801.569,218.146,747.286,169.997,560.810
546.014,964.392,491.431,801.593,218.173,746.808,170.177,560.105
545.655,964.683,491.448,801.584,218.057,747.072,170.294,560.542
545.433,964.502,491.453,801.507,217.798,746.938,169.697,560.552
545.465,964.405,491.547,801.435,218.156,746.905,169.534,559.782
545.359,964.527,491.487,801.489,218.117,747.076,170.138,559.509
545.412,964.790,491.444,801.611,217.809,747.074,170.622,560.715
545.250,964.811,491.078,801.711,217.948,747.434,170.790,561.087
545.581,964.999,491.489,801.413,218.042,747.332,170.434,559.748
545.343,964.869,491.243,801.604,217.936,747.258,170.369,559.344
545.517,964.507,491.516,801.285,218.229,747.004,170.358,559.810
545.558,964.564,491.518,801.445,218.186,747.358,170.316,559.537
545.385,964.483,491.406,801.445,217.862,747.051,170.281,559.116
545.350,964.553,491.226,801.522,217.890,747.288,170.334,560.066
545.551,964.343,491.348,801.505,218.233,747.258,170.490,559.926
545.520,964.119,491.572,801.276,218.173,747.350,171.057,560.368
545.665,963.675,491.140,801.526,217.973,747.235,170.958,559.698
546.031,964.782,490.996,801.594,217.841,747.155,171.251,560.498
546.179,964.555,491.363,801.357,218.048,747.458,171.829,560.468
546.556,964.983,491.430,801.451,217.816,746.877,171.036,558.545
546.332,965.187,491.331,801.491,218.245,747.566,170.317,558.025
546.353,965.527,491.529,801.255,217.805,747.925,170.293,557.402
546.157,966.494,491.698,801.253,217.837,747.837,170.832,559.287
545.991,966.682,491.317,801.648,217.597,747.861,171.348,560.320
546.032,967.033,491.415,801.374,217.556,747.952,171.346,559.893
545.738,966.563,491.684,801.084,217.284,748.317,171.593,560.626
545.693,966.618,491.740,800.928,217.275,748.259,171.689,560.572
545.767,966.324,491.605,801.216,217.264,748.323,172.487,560.539
545.766,966.328,491.695,801.246,217.130,748.014,173.814,560.223
545.957,966.717,491.356,801.323,217.452,748.471,173.684,559.123
545.387,965.116,491.493,801.318,217.427,748.321,173.723,557.955
545.468,965.216,491.405,801.192,218.071,748.968,174.363,557.155
545.347,965.251,491.247,801.344,218.076,748.908,174.094,557.223
545.067,964.517,491.313,801.376,217.940,748.670,174.062,557.007
544.656,964.115,491.506,801.152,218.016,748.827,174.154,557.545
544.791,964.593,491.488,801.245,217.997,748.787,174.196,558.648
544.540,964.505,491.172,801.555,217.980,748.838,174.490,560.124
544.557,964.916,491.113,801.630,218.023,748.745,174.428,560.595
544.246,964.435,491.405,801.458,217.905,748.802,174.568,560.698
544.272,964.375,491.205,801.385,217.915,748.671,174.738,560.648
544.077,964.101,491.356,801.361,217.987,748.720,175.663,560.829
544.006,964.294,491.599,801.335,217.922,748.757,175.959,560.870
543.945,964.254,491.468,801.400,217.897,748.870,177.026,561.069
543.883,964.075,491.447,801.354,217.521,748.403,176.487,561.493
543.832,964.045,491.545,801.187,217.720,748.961,176.201,561.056
543.718,963.840,491.313,801.440,217.746,748.961,175.949,561.489
543.845,964.339,491.486,801.148,217.759,748.055,175.506,561.239
543.839,963.931,491.298,801.542,217.873,748.989,176.167,560.268
543.705,963.599,491.210,801.346,217.884,749.021,177.143,560.635
543.733,963.816,491.281,801.541,217.561,747.768,176.956,561.265
543.675,963.713,491.210,801.593,217.882,748.689,177.065,561.163
543.672,963.615,491.278,801.482,217.871,748.510,176.821,561.362
543.753,963.714,491.429,801.425,217.835,748.512,176.236,560.938
543.757,963.795,491.372,801.439,218.069,748.623,176.821,561.307
543.774,963.694,491.417,801.450,218.108,748.656,176.583,561.339
543.831,963.664,491.167,801.701,217.946,748.518,176.284,561.661
543.838,963.609,491.298,801.688,217.728,748.504,176.212,561.817
543.721,963.488,491.727,801.229,217.933,748.540,176.141,561.567
543.825,963.373,491.435,801.512,218.070,748.608,176.255,561.265
543.964,963.260,491.594,801.146,218.068,748.722,175.814,560.589
543.758,963.294,491.286,801.379,217.740,747.644,176.085,560.823
543.781,963.387,491.218,801.500,217.691,747.893,176.279,561.384
543.784,963.241,491.202,801.562,218.054,748.608,176.096,561.787
543.820,963.269,491.358,801.437,218.159,748.389,175.811,562.189
543.747,963.091,491.557,801.258,217.650,747.804,175.972,562.028
543.795,963.465,491.238,801.359,218.035,748.784,175.945,562.401
543.911,963.064,491.264,801.301,218.238,748.929,176.040,562.392
543.888,963.342,491.523,801.216,218.180,748.936,175.834,563.387
543.964,963.031,491.161,801.423,218.072,748.879,176.070,563.527
543.913,962.837,491.265,801.431,218.147,748.821,176.125,563.414
543.749,963.159,491.246,801.486,217.821,748.020,176.667,563.655
544.051,963.344,491.390,801.325,217.680,747.767,176.826,563.700
543.805,963.346,491.483,801.352,217.767,748.011,176.400,564.310
543.894,963.189,491.206,801.512,218.012,748.384,176.398,564.562
543.967,963.491,491.268,801.432,217.837,748.209,176.487,564.490
544.058,963.398,491.442,801.229,218.401,748.942,176.684,564.402
544.007,962.741,491.762,800.991,218.061,748.956,176.837,564.341
543.982,963.169,491.412,801.353,217.818,747.832,176.745,564.604
543.947,963.121,491.342,801.438,218.305,748.898,176.573,564.630
544.023,963.595,491.231,801.429,217.644,747.926,176.396,564.630
544.241,964.025,491.325,801.467,218.117,748.235,176.613,564.319
543.883,963.455,491.442,801.278,218.403,748.732,177.149,563.696
543.606,962.725,491.257,801.496,218.396,748.777,177.416,563.526
543.806,964.011,491.459,801.373,218.282,748.957,177.411,563.455
543.902,964.793,491.481,801.389,218.289,748.791,177.422,563.952
543.636,963.326,491.351,801.432,218.157,748.690,176.961,563.503
543.454,962.758,491.112,801.813,218.060,748.627,177.256,563.978
543.522,963.372,491.473,801.361,218.123,748.633,177.459,564.193
543.732,963.664,491.203,801.552,217.724,747.526,177.838,564.685
543.570,963.043,491.220,801.322,217.871,747.525,177.494,564.672
543.299,962.867,491.187,801.609,218.413,748.962,177.372,564.204
543.400,963.073,491.305,801.488,218.408,748.735,177.318,563.848
543.811,964.028,491.371,801.395,218.245,748.688,177.183,564.291
543.527,963.166,491.434,801.328,218.408,748.785,176.873,564.640
543.325,962.991,491.221,801.331,218.287,748.918,177.107,565.346
543.563,963.401,491.517,801.123,218.424,749.118,177.021,564.780
543.600,963.626,491.468,801.328,218.179,748.882,177.394,565.401
543.334,962.766,491.550,801.343,218.363,749.184,177.297,564.752
543.328,963.395,491.696,801.135,218.541,748.832,177.382,565.173
543.397,963.540,491.247,801.351,218.820,749.223,177.532,565.120
543.298,963.129,491.353,801.279,218.787,749.150,177.582,565.042
543.506,962.865,491.425,801.302,218.380,749.084,177.433,565.769
543.683,963.018,491.349,801.295,218.471,748.647,177.408,566.024
543.565,962.858,491.198,801.486,218.179,748.932,177.853,567.169
543.411,962.566,491.383,801.334,218.228,749.085,178.085,567.627
543.557,963.045,491.392,801.345,218.336,748.821,177.796,568.170
543.396,962.309,491.628,801.177,218.404,749.023,177.235,566.508
543.533,962.340,491.405,801.283,218.608,748.914,177.972,568.198
543.591,963.091,491.428,801.324,218.306,748.634,177.950,567.775
543.299,962.090,491.184,801.494,218.462,748.778,178.292,567.788
543.599,962.389,491.395,801.305,218.259,748.652,177.821,565.928
543.493,962.417,491.279,801.455,218.491,748.483,177.633,565.871
543.212,961.948,491.134,801.555,218.316,748.659,177.676,566.426
543.173,961.740,491.173,801.433,218.472,748.782,177.742,566.244
543.243,962.130,491.479,801.326,218.340,749.030,177.496,566.393
543.176,962.101,491.287,801.444,218.386,749.012,177.311,565.941
543.391,962.338,491.324,801.255,217.795,747.864,177.571,565.890
543.501,962.679,491.497,801.260,218.354,749.202,177.558,566.219
543.191,961.653,491.469,801.342,218.535,748.967,177.617,566.392
543.106,961.452,491.367,801.416,218.458,748.933,177.579,566.704
543.396,962.309,491.513,801.142,218.659,749.043,177.488,566.564
543.279,961.807,491.430,801.220,218.340,748.980,177.492,566.607
543.279,961.955,491.573,801.220,218.496,748.857,177.613,566.399
543.474,962.211,491.688,801.015,218.554,748.848,177.623,566.159
543.656,962.410,490.891,801.800,218.180,748.907,177.597,566.218
543.332,961.859,491.192,801.580,218.374,749.095,177.617,565.500
543.603,962.406,491.291,801.569,218.181,748.881,178.400,567.405
543.610,961.996,491.435,801.335,218.432,748.870,177.808,565.405
543.386,961.697,491.360,801.438,218.437,748.975,177.793,565.782
543.583,962.388,491.380,801.414,218.484,748.838,177.570,566.239
543.367,961.980,491.468,801.409,218.395,748.768,177.566,566.217
543.260,962.007,491.763,801.154,218.317,748.988,177.600,566.262
543.411,962.361,491.419,801.371,217.885,747.620,177.165,566.550
543.331,962.236,491.285,801.397,218.014,748.617,177.675,568.088
543.698,962.590,491.460,801.346,218.522,748.790,177.584,568.254
543.403,961.519,491.557,801.412,217.961,747.694,177.729,567.721
543.486,961.501,491.351,801.343,218.123,747.906,177.851,568.617
543.500,961.366,491.495,801.198,218.544,748.717,177.525,568.066
543.506,961.044,491.544,801.507,217.900,747.742,177.657,568.969
543.497,960.562,491.336,801.523,217.787,747.424,177.891,568.155
543.400,960.544,491.420,801.524,217.632,747.411,177.698,568.584
543.516,960.855,491.481,801.375,217.897,748.084,177.765,568.335
543.616,960.616,491.249,801.571,218.030,747.759,177.843,568.897
543.592,961.297,491.503,801.296,217.811,747.967,177.940,568.805
543.622,960.478,491.544,801.188,218.289,748.774,177.874,568.497
543.714,961.015,491.488,801.132,218.408,748.975,178.162,568.623
543.418,960.767,491.729,801.176,218.363,748.911,178.153,567.608
543.420,961.489,491.438,801.181,218.532,748.801,178.312,568.694
543.488,962.033,491.395,801.459,218.338,748.720,178.012,567.759
543.355,961.809,491.505,801.192,218.507,748.674,177.923,568.567
543.402,962.054,491.622,801.104,218.345,748.715,178.162,568.574
543.466,962.192,491.376,801.479,218.424,748.882,177.791,567.963
543.380,962.078,491.570,801.336,218.417,748.858,178.224,568.399
543.437,961.526,491.630,801.230,218.435,748.607,178.297,568.013
543.236,962.066,491.454,801.436,218.163,748.766,178.182,568.083
543.364,962.085,491.317,801.423,218.128,748.743,178.446,569.293
543.182,961.490,491.193,801.443,218.333,748.655,178.225,568.765
543.325,962.099,491.264,801.484,218.435,748.777,178.633,568.866
543.282,962.063,491.248,801.600,218.307,748.842,178.798,568.340
543.206,961.735,491.373,801.444,218.571,748.852,179.166,568.558
543.377,962.228,491.307,801.684,218.525,748.964,179.180,568.413
543.348,961.363,491.004,801.812,218.638,748.837,179.468,568.192
543.302,961.917,491.496,801.504,218.418,748.622,179.436,569.167
543.361,961.726,491.460,801.643,218.284,747.959,179.093,568.002
543.315,961.872,491.098,801.675,218.049,747.881,178.566,568.359
543.297,962.046,491.301,801.493,218.031,748.105,178.132,567.150
543.247,961.560,491.510,801.314,218.519,748.781,178.788,568.357
543.307,961.612,491.532,801.218,218.397,748.971,178.779,568.333
543.219,961.853,491.585,801.265,218.048,748.086,178.540,566.730
543.289,961.476,491.589,801.198,217.737,747.439,179.296,568.210
543.407,962.232,491.382,801.598,218.552,748.927,179.391,567.963
543.367,961.415,491.706,801.288,218.627,749.129,179.665,568.303
543.490,961.349,491.273,801.729,218.470,749.038,179.656,569.522
543.587,961.031,491.342,801.338,218.532,749.179,179.221,567.847
543.727,960.926,491.915,800.949,218.056,747.879,177.991,566.635
543.536,960.916,491.502,801.442,217.852,747.663,178.143,566.008
543.581,960.885,491.654,801.258,218.018,747.831,178.520,565.641
543.638,960.880,491.537,801.496,218.239,749.206,178.421,566.195
543.607,961.274,491.376,801.522,218.144,749.153,178.604,566.519
543.760,960.853,491.345,801.591,217.906,748.332,179.005,565.407
543.831,960.889,491.638,801.400,217.694,748.289,178.173,565.996
543.602,960.943,491.348,801.448,217.883,747.788,178.050,565.710
543.682,960.486,491.413,801.502,217.851,747.836,178.373,565.965
543.576,960.688,491.315,801.522,218.237,749.171,178.631,564.832
543.345,960.514,491.454,801.457,218.208,748.865,178.180,565.304
543.564,960.730,491.266,801.595,218.199,748.679,178.394,565.948
543.587,960.561,491.400,801.348,218.591,748.817,178.359,565.794
543.654,960.635,491.730,801.299,218.123,747.798,178.273,565.488
543.547,961.206,491.623,801.213,218.257,748.106,178.284,565.437
543.412,960.383,491.711,801.259,217.833,747.767,178.332,566.189
543.306,960.100,491.757,800.997,218.124,747.835,178.095,567.137
543.517,960.604,491.743,801.028,217.725,747.853,178.126,566.385
543.298,959.974,491.493,801.308,218.386,749.040,179.455,568.396
543.364,960.593,491.642,801.257,218.379,748.844,179.660,567.917
543.290,960.055,491.432,801.266,218.175,748.966,180.105,568.106
543.276,959.726,491.593,801.248,218.084,748.897,180.054,569.872
543.343,959.831,491.404,801.574,217.926,747.872,179.660,568.826
543.373,960.528,491.461,801.533,217.903,747.975,179.723,568.724
543.246,960.631,491.387,801.284,218.163,748.090,179.325,568.371
543.328,960.719,491.551,801.235,217.843,747.876,179.351,569.054
543.550,961.406,491.389,801.541,218.134,748.059,179.532,569.106
543.227,960.885,491.677,801.454,217.925,747.546,179.082,569.816
543.179,961.294,491.455,801.497,218.640,749.182,179.024,570.483
543.312,961.649,491.273,801.612,218.121,747.976,178.930,571.384
543.332,961.822,491.601,801.382,218.191,748.046,178.732,572.380
543.427,961.736,491.357,801.585,218.579,749.008,178.404,573.078
543.399,961.391,491.285,801.545,218.578,748.972,178.211,571.385
543.252,961.667,491.380,801.370,218.161,747.812,177.919,572.700
543.291,961.496,491.171,801.635,218.094,748.003,177.935,572.780
543.169,961.412,491.165,801.691,218.002,748.038,177.804,573.411
543.176,961.623,491.262,801.787,218.029,748.289,177.396,574.327
543.242,961.359,491.208,801.692,218.223,748.093,177.544,574.420
543.320,961.271,491.427,801.387,218.319,748.067,177.579,573.934
543.367,961.461,491.418,801.212,218.155,747.899,177.770,574.182
543.364,961.550,491.517,801.287,217.992,747.825,178.023,574.479
543.249,961.463,491.679,801.168,218.024,748.138,178.030,574.131
543.188,961.494,491.258,801.754,218.363,748.812,178.120,574.211
543.273,961.612,491.833,801.009,218.395,748.800,177.990,574.162
543.210,961.380,491.241,801.579,218.003,747.663,178.958,575.749
543.322,961.710,491.354,801.460,217.951,747.824,178.926,575.987
543.254,961.345,491.212,801.463,218.417,748.838,179.139,576.212
543.407,961.539,491.207,801.505,218.323,748.811,178.942,577.475
543.405,961.615,491.309,801.406,218.525,748.820,178.772,578.354
543.261,961.734,491.152,801.585,218.417,748.659,178.967,578.414
543.548,961.938,491.386,801.390,218.505,748.846,178.472,579.433
543.744,961.989,491.606,801.261,218.464,748.635,178.366,579.773
543.674,961.538,491.508,801.100,218.515,748.708,177.547,579.238
543.700,961.383,491.403,801.398,218.435,748.538,177.690,579.602
543.574,961.251,491.523,801.382,218.182,748.900,177.442,579.879
543.534,960.922,491.273,801.565,218.193,748.613,177.065,579.941
543.446,960.977,491.385,801.449,218.101,748.667,176.644,581.176
543.378,960.800,491.092,801.646,218.380,748.611,176.681,582.920
543.587,960.592,491.062,801.620,218.442,748.686,176.786,583.056
543.359,960.685,491.075,801.533,218.374,748.711,176.838,583.936
543.443,961.346,491.323,801.232,218.421,748.862,176.952,584.303
543.259,960.609,491.360,801.282,218.189,748.861,176.962,584.212
543.342,960.637,491.243,801.378,218.291,748.802,176.892,584.175
543.541,960.993,491.414,801.330,218.531,748.899,177.016,584.448
543.230,960.172,491.359,801.307,218.553,748.852,176.974,584.347
543.528,960.605,491.221,801.369,218.084,747.870,177.029,584.508
543.443,960.499,491.511,801.250,217.805,747.329,177.126,584.446
543.422,960.189,491.188,801.456,217.759,747.865,177.669,585.347
543.465,960.086,491.105,801.450,218.033,747.612,176.913,585.166
543.461,960.140,491.416,801.213,218.400,748.699,176.942,585.318
543.708,960.644,491.275,801.197,218.339,748.599,177.622,586.476
543.502,959.678,491.238,801.256,218.507,748.529,177.725,586.278
543.599,960.272,491.091,801.193,218.398,748.928,177.686,586.965
543.765,959.246,491.178,801.264,218.259,748.699,177.787,586.820
543.455,959.255,491.207,801.200,218.433,748.748,177.768,587.072
543.654,960.243,491.226,801.292,218.448,748.676,177.705,587.172
543.617,960.150,490.888,801.374,218.377,748.566,177.698,587.057
543.682,960.547,491.061,801.244,218.563,748.792,177.721,586.401
543.814,961.540,491.061,801.418,218.690,748.852,177.836,586.782
543.718,961.567,491.284,801.342,218.167,748.248,177.245,584.161
543.551,961.354,491.282,801.156,218.215,747.750,178.194,584.571
543.835,961.627,491.192,801.226,217.779,747.422,178.515,585.531
543.786,961.715,491.168,801.327,217.606,747.191,178.312,585.698
543.719,961.718,491.374,801.203,218.074,747.796,178.280,584.672
543.665,961.233,491.556,801.229,217.882,747.621,178.388,585.428
543.975,961.571,491.324,801.323,218.035,747.646,178.257,586.446
543.877,960.758,491.193,801.407,217.968,747.670,178.461,585.154
543.675,960.738,491.404,801.206,217.946,747.825,177.969,585.426
543.863,961.044,490.965,801.327,218.033,747.959,178.256,585.451
543.941,960.885,490.950,801.484,217.682,747.594,178.239,584.154
543.831,960.552,490.942,801.472,217.988,747.672,177.824,585.131
543.741,960.558,491.111,801.395,218.679,748.921,178.099,584.602
543.804,960.943,490.893,801.528,218.722,748.793,178.705,585.821
543.748,960.451,490.987,801.479,218.616,748.478,178.514,585.205
543.832,960.291,491.095,801.618,218.622,748.778,177.431,584.983
543.978,960.729,491.044,801.721,218.640,748.693,178.096,585.437
543.738,961.098,490.989,801.535,218.514,749.014,176.864,583.732
543.869,961.349,491.417,801.164,218.417,748.918,177.293,584.082
543.676,960.346,491.104,801.482,217.890,747.794,177.097,584.042
544.104,961.364,491.044,801.516,217.838,747.734,176.471,584.169
544.102,960.843,491.202,801.502,218.330,748.453,177.458,583.667
543.830,960.478,490.972,801.539,218.375,748.507,178.573,583.794
543.885,960.967,490.816,801.843,218.448,748.575,178.462,584.537
543.846,960.995,490.984,801.613,218.487,748.287,178.707,584.259
544.122,960.884,491.469,801.257,217.850,747.305,178.145,584.074
543.846,960.414,491.533,801.285,218.060,747.684,178.637,584.368
543.930,960.110,491.468,801.180,218.037,747.888,178.568,584.338
543.906,960.710,491.389,801.278,217.914,747.716,177.462,583.197
543.959,960.206,491.428,801.286,218.029,747.676,177.439,583.137
543.799,959.649,491.587,801.145,217.892,747.425,177.213,582.670
543.992,960.597,491.538,801.186,218.089,747.846,177.498,582.639
543.920,960.115,491.255,801.407,217.944,747.576,178.319,584.502
543.983,960.228,491.332,801.524,218.335,747.954,178.656,584.420
543.956,960.201,491.409,801.222,217.968,747.728,178.759,583.261
543.842,960.251,491.397,801.428,217.782,747.462,178.599,583.555
543.662,960.173,491.451,801.183,217.636,747.328,178.315,583.714
543.804,960.327,491.391,801.174,217.724,747.415,178.205,582.991
543.870,960.604,490.984,801.700,218.041,748.022,178.414,582.992
543.654,960.408,490.969,801.504,218.371,748.702,178.679,583.288
543.643,960.519,490.809,801.743,218.536,748.948,178.647,583.492
543.576,960.731,491.326,801.331,218.220,748.807,178.560,583.865
543.741,960.721,490.922,801.696,218.151,748.877,178.690,583.666
543.417,960.612,491.419,801.272,218.106,747.605,179.106,583.444
543.518,960.436,491.233,801.320,217.909,747.556,179.075,581.909
543.567,960.842,491.196,801.437,217.831,747.784,179.258,581.549
543.453,960.716,491.320,801.350,217.934,747.754,178.782,583.212
543.565,960.714,491.340,801.248,218.004,747.639,179.114,584.394
543.648,961.191,491.334,801.359,218.013,747.459,179.144,583.355
543.603,960.527,490.624,801.960,217.869,747.481,179.312,581.961
543.520,960.657,491.221,801.259,217.966,747.478,179.261,582.485
543.676,960.644,491.525,801.052,217.857,747.580,179.151,583.881
543.392,960.226,490.880,801.622,217.542,747.513,178.965,583.907
543.463,960.382,490.861,801.816,218.088,748.515,179.141,584.165
543.759,960.779,491.080,801.604,218.341,748.451,179.158,584.374
543.470,960.502,491.444,801.237,218.225,748.659,179.067,584.978
543.531,960.575,491.441,801.294,218.085,747.730,179.040,585.412
543.623,960.733,490.897,801.683,218.128,747.784,178.672,585.761
543.651,960.578,491.419,801.222,218.138,747.975,178.220,586.178
543.685,961.018,491.344,801.335,217.907,747.425,177.400,584.457
543.803,960.773,491.377,801.361,218.082,748.024,177.157,583.937
543.677,960.665,491.431,801.239,217.903,747.634,177.306,584.378
543.587,960.475,491.107,801.555,218.484,748.702,177.331,584.066
543.662,960.690,491.336,801.191,218.359,748.661,177.396,584.331
543.569,960.755,491.427,801.174,218.394,748.567,177.919,586.102
543.497,960.849,491.798,800.918,218.487,748.905,177.431,584.475
543.448,961.297,491.665,800.954,218.326,748.490,177.175,584.317
543.299,960.848,491.082,801.421,218.479,748.807,176.993,585.041
543.287,960.861,491.132,801.304,218.430,748.907,176.932,585.281
543.324,961.094,491.093,801.400,218.613,749.062,176.951,585.042
543.148,960.934,491.102,801.443,218.460,749.063,176.970,585.012
543.171,961.329,491.092,801.318,217.771,747.458,177.160,584.587
543.159,961.413,491.231,801.144,217.847,747.508,176.971,584.908
543.041,961.559,491.205,801.362,217.854,747.835,177.085,584.581
542.982,961.783,491.341,801.149,217.786,747.832,177.688,586.360
543.016,962.090,491.262,801.385,218.352,748.898,177.720,586.686
542.941,962.710,491.357,801.238,218.268,748.619,177.684,587.922
542.950,963.024,491.254,801.326,218.562,748.535,177.647,589.021
542.853,963.482,491.312,801.094,218.360,748.635,176.878,586.079
542.769,963.215,491.272,801.332,218.425,748.767,176.550,586.502
542.767,963.436,490.805,801.747,218.277,748.745,176.802,586.611
542.916,963.371,490.843,801.803,218.112,748.741,176.773,586.180
543.050,963.618,491.289,801.308,218.102,748.676,176.953,586.337
543.130,963.893,491.082,801.393,218.200,748.696,177.301,587.142
543.143,963.553,491.154,801.590,218.128,747.956,177.452,587.350
543.091,963.684,491.186,801.418,218.376,748.881,177.319,587.281
542.936,963.507,491.426,801.218,218.168,748.649,177.567,587.561
542.795,962.981,491.481,801.171,218.272,748.757,177.643,587.897
542.584,962.694,491.459,801.242,218.633,748.749,177.637,588.251
542.710,962.498,491.445,801.281,218.569,748.910,177.603,588.457
542.542,962.075,491.364,801.134,218.488,748.831,177.845,588.765
542.164,962.780,491.142,801.420,218.438,748.750,178.213,589.342
541.997,962.054,491.110,801.414,218.493,748.742,178.291,589.923
541.790,961.429,491.253,801.135,218.412,748.625,178.122,589.175
541.873,961.436,491.428,801.078,218.460,748.604,177.954,588.572
542.103,962.304,491.439,801.095,218.464,748.452,177.971,587.573
542.133,962.195,491.353,801.489,218.394,748.618,177.905,587.416
542.214,962.145,491.507,801.237,218.468,748.763,177.794,587.450
541.950,961.492,491.376,801.443,218.026,747.851,177.236,587.373
542.005,961.550,491.581,801.293,218.128,747.581,177.767,586.732
542.020,961.901,491.630,801.149,217.994,747.540,177.518,586.979
542.097,962.057,491.278,801.434,217.987,747.553,178.119,587.389
542.148,962.373,491.265,801.410,217.974,747.291,178.097,587.271
542.209,962.216,491.276,801.389,218.035,747.745,178.110,587.086
542.171,962.624,491.252,801.213,218.368,748.458,178.036,587.089
541.997,962.342,490.914,801.746,218.610,748.864,177.705,586.899
542.036,961.940,491.011,801.642,218.460,748.642,178.043,587.020
542.063,961.969,491.043,801.494,218.458,748.502,178.014,586.942
541.904,962.494,491.096,801.411,218.634,748.784,178.105,586.757
542.047,962.164,490.861,801.772,218.504,748.607,178.031,586.889
542.021,962.214,491.285,801.269,218.566,749.085,178.020,586.863
542.053,962.102,491.413,801.048,218.540,749.086,177.886,586.970
541.868,961.564,491.071,801.257,218.028,747.669,177.879,586.714
541.918,961.862,491.138,801.214,217.960,747.774,178.051,586.835
542.115,962.571,491.149,801.581,218.666,749.002,177.933,586.631
542.098,962.354,491.303,801.412,218.738,749.069,177.169,585.383
542.074,961.815,491.343,801.367,218.082,747.734,178.033,586.544
542.093,961.868,491.413,801.041,217.999,747.655,178.089,586.692
541.979,961.729,491.514,801.075,217.977,747.747,178.005,586.667
542.023,961.602,491.426,801.057,217.934,747.692,178.119,586.973
542.095,961.887,491.520,801.096,218.128,747.822,177.991,586.625
542.011,961.804,491.387,801.142,217.869,747.417,177.892,586.463
541.924,961.588,491.567,801.136,217.962,747.509,177.210,585.350
542.058,961.979,491.123,801.300,218.739,748.865,178.041,586.298
541.946,961.630,491.163,801.505,217.914,747.558,178.080,586.349
542.063,961.567,491.212,801.677,218.403,748.585,177.838,586.762
541.961,961.417,491.272,801.646,218.464,748.860,177.857,587.545
542.028,961.096,491.297,801.213,218.358,748.041,177.912,586.925
542.130,961.831,491.408,801.023,217.999,747.772,177.743,587.448
542.182,961.621,491.127,801.437,217.805,747.747,177.729,586.920
542.084,961.291,491.289,801.269,218.472,748.752,177.880,586.874
542.032,961.548,491.226,801.266,217.747,747.603,177.989,586.613
541.922,961.824,491.195,801.428,218.171,749.069,178.374,586.700
542.019,961.529,491.462,801.236,218.375,748.844,178.125,586.665
541.915,960.930,491.247,801.298,217.602,748.011,178.196,586.553
541.896,961.153,491.202,801.377,218.228,748.898,177.721,586.424
542.026,961.152,491.032,801.682,218.680,748.791,177.328,586.222
541.898,961.145,490.886,801.679,218.527,748.633,177.685,586.344
541.657,960.510,491.367,801.285,218.584,749.134,178.437,585.760
541.511,961.010,490.928,801.572,218.517,748.997,178.557,585.991
541.329,960.676,491.325,801.188,218.792,749.130,178.234,586.282
541.524,960.559,491.233,801.275,218.367,748.791,178.238,585.975
541.423,960.920,491.344,801.441,218.377,748.642,178.549,586.771
541.224,960.147,491.319,801.350,218.108,748.067,178.071,586.889
541.440,960.006,491.207,801.447,217.949,747.819,178.188,586.191
541.771,960.160,491.026,801.649,217.986,747.967,179.185,586.075
541.523,959.894,491.104,801.572,217.977,748.008,178.351,586.587
541.659,958.976,491.065,801.417,217.941,747.739,177.969,586.564
541.752,958.840,491.036,801.579,217.767,747.493,178.482,585.023
541.488,958.677,491.186,801.331,218.386,748.792,178.878,586.007
541.816,959.398,491.267,801.211,217.868,747.686,178.272,586.918
541.777,960.210,491.301,801.136,218.125,747.849,178.070,586.485
541.711,960.369,491.304,801.138,218.076,747.743,178.557,586.706
541.729,959.593,491.268,801.151,217.876,747.737,178.705,586.306
541.655,959.936,491.216,801.179,218.054,747.700,178.771,586.042
541.469,959.384,491.147,801.350,217.997,747.734,178.658,586.295
541.563,959.359,491.285,801.203,217.864,747.583,178.573,586.365
541.536,959.505,491.105,801.271,218.487,748.805,177.440,585.057
541.631,959.924,490.902,801.600,218.557,748.989,177.440,585.143
541.658,959.495,491.216,801.290,218.425,748.685,177.436,585.041
541.697,959.898,491.183,801.490,218.023,747.633,177.484,584.654
541.696,959.391,491.125,801.499,218.424,749.009,177.589,584.963
541.700,959.730,491.179,801.513,218.146,747.638,177.159,584.921
541.753,959.665,491.183,801.471,217.940,747.609,176.898,584.450
541.937,960.433,491.376,801.303,218.027,747.643,175.896,583.241
541.592,959.938,491.258,801.297,217.893,747.620,175.652,583.142
541.477,959.407,491.085,801.424,217.973,747.497,175.143,582.604
541.489,959.459,491.156,801.255,217.876,747.400,174.970,581.751
541.561,959.438,491.103,801.365,218.641,748.852,174.909,581.981
541.555,959.659,490.953,801.580,218.659,748.925,174.942,581.641
541.566,959.202,491.199,801.342,218.668,748.856,175.073,582.043
541.331,959.058,491.508,801.283,218.622,748.997,174.815,581.433
541.657,959.598,491.254,801.343,218.619,748.800,174.655,580.659
541.963,960.152,491.113,801.569,218.340,748.827,174.777,580.653
541.745,959.772,491.445,801.167,218.379,748.780,174.997,582.208
541.799,959.926,491.088,801.360,218.070,747.843,175.479,583.531
541.746,959.975,490.932,801.474,218.482,748.885,175.191,582.737
541.802,959.432,491.409,801.142,218.603,749.040,175.718,583.944
541.904,959.662,491.206,801.377,218.380,748.763,175.775,584.407
541.956,959.461,491.521,801.021,218.571,748.732,175.751,584.154
541.653,959.246,491.311,801.308,218.525,748.592,175.834,584.018
541.981,959.744,491.034,801.535,217.771,747.560,175.705,584.015
541.954,959.832,491.121,801.645,217.926,747.510,175.693,584.040
541.891,959.672,491.307,801.443,217.808,747.845,175.849,584.184
541.789,959.305,491.485,801.058,217.953,747.648,176.062,584.241
541.768,959.602,491.196,801.385,217.732,747.454,175.825,584.032
541.570,958.948,491.159,801.436,218.216,748.716,175.811,583.809
541.720,959.443,491.379,801.136,218.226,748.631,175.897,583.431
541.806,959.074,491.215,801.092,218.422,748.807,176.076,583.631
541.687,959.223,491.205,801.190,218.416,748.911,176.188,583.445
542.019,958.985,491.540,801.072,218.428,748.638,175.956,581.913
541.801,959.062,491.357,801.073,218.222,748.586,175.944,582.315
541.684,958.801,491.390,801.261,218.526,748.600,175.978,582.623
541.879,959.300,491.234,801.545,218.479,748.665,175.832,582.259
541.877,958.746,491.497,801.143,218.392,747.981,176.197,583.435
541.781,959.020,491.372,801.273,218.110,747.714,176.102,583.154
541.780,959.937,491.413,801.145,218.085,748.012,176.382,583.561
541.484,958.955,491.417,801.432,217.799,747.506,176.325,583.315
541.479,958.883,491.568,801.026,217.967,747.301,176.425,583.293
541.870,959.426,491.236,801.311,218.169,747.623,176.547,583.730
541.771,960.020,491.222,801.255,218.010,747.713,176.440,583.015
541.572,959.500,491.563,801.259,217.984,747.676,176.155,582.912
541.625,959.984,491.444,801.419,217.958,747.817,176.354,583.205
541.403,959.442,491.167,801.564,217.903,747.794,176.410,583.551
541.276,959.212,491.072,801.646,218.263,747.948,176.190,583.695
541.360,959.723,491.170,801.207,218.460,748.673,176.288,584.098
541.501,959.293,491.259,801.116,218.555,748.698,176.230,584.099
541.414,958.983,491.166,801.428,218.188,747.746,176.107,584.095
541.371,959.278,491.054,801.456,218.235,747.472,176.072,583.962
541.685,959.773,491.247,801.361,217.922,747.119,176.059,583.305
541.510,959.331,491.085,801.799,218.106,747.438,176.252,583.798
541.553,959.890,491.213,801.469,218.142,747.240,176.418,584.066
541.421,959.295,490.995,801.424,217.891,747.366,176.283,584.016
541.354,959.626,490.809,801.764,218.049,747.310,176.454,584.302
541.225,959.128,491.079,801.602,218.385,748.423,176.811,584.186
541.227,959.476,491.168,801.250,218.297,748.587,176.523,584.277
541.369,959.137,491.032,801.592,217.984,747.325,176.363,583.989
541.290,959.125,491.052,801.643,218.427,748.333,176.454,584.249
541.391,959.648,491.421,801.096,218.248,747.664,176.310,583.996
541.451,959.862,491.340,801.164,218.106,747.784,176.379,584.223
541.458,959.456,491.321,801.267,217.970,747.535,176.292,584.599
541.189,959.463,491.328,801.572,217.996,747.529,176.403,584.309
541.336,959.679,491.292,801.285,218.492,748.786,176.878,584.517
541.216,959.506,490.979,801.522,218.334,748.493,176.442,583.722
541.225,960.019,490.998,801.510,217.898,747.449,176.291,583.584
541.360,959.851,491.329,801.265,218.238,748.465,176.523,584.281
541.487,960.150,491.349,801.076,218.248,748.150,176.473,584.225
541.333,959.784,491.281,801.342,218.422,748.704,176.568,584.422
541.250,958.921,491.551,801.179,218.497,748.561,176.553,584.348
541.281,959.668,491.522,801.034,218.263,748.603,176.509,584.194
541.208,959.607,491.550,800.919,218.314,748.566,176.351,583.887
541.293,960.189,491.346,801.353,217.998,747.550,176.445,583.893
541.478,960.268,491.295,801.339,217.829,747.619,176.492,583.727
541.464,959.912,491.325,801.257,217.743,747.458,176.621,584.052
541.415,960.146,491.375,801.136,217.868,747.412,176.399,584.091
541.128,959.724,491.359,801.397,218.002,747.099,176.476,584.162
541.259,959.722,490.766,801.804,218.096,747.515,176.761,584.263
541.213,959.230,490.811,801.943,218.088,747.211,176.636,584.298
541.034,959.581,491.394,801.340,218.469,748.435,176.638,584.354
541.043,958.738,491.444,801.206,218.319,748.250,176.554,584.237
540.733,958.100,491.314,801.438,217.912,747.488,176.663,584.062
541.167,958.971,491.395,801.389,217.929,747.568,176.673,584.012
541.431,958.074,491.507,801.078,218.396,748.598,176.574,584.504
541.178,957.834,491.432,801.275,218.517,748.570,176.579,584.178
541.249,958.341,491.285,801.372,218.222,748.155,176.464,584.574
541.084,957.856,491.235,801.318,218.288,748.458,176.473,584.529
541.077,957.269,491.307,801.318,218.307,748.527,176.529,584.360
541.277,957.579,491.228,801.436,218.260,748.446,176.544,584.405
540.910,957.804,491.041,801.544,218.317,748.535,176.667,584.386
540.865,957.252,491.378,801.504,218.366,748.632,176.767,584.490
541.293,958.042,491.466,801.455,218.235,748.602,176.693,584.415
540.979,957.523,491.313,801.349,218.300,748.362,176.623,584.389
541.044,957.591,491.598,801.022,218.405,748.733,176.708,584.465
540.888,957.455,491.394,801.333,218.192,748.691,176.805,584.571
541.013,957.273,491.482,801.174,218.380,748.497,176.901,584.742
540.954,957.372,491.152,801.561,218.485,748.656,176.883,584.063
540.760,958.158,491.250,801.432,218.582,748.760,177.100,584.254
540.824,957.348,491.265,801.414,218.427,748.666,177.483,584.009
540.841,957.234,491.592,801.025,218.637,748.999,177.688,584.071
540.645,956.999,491.194,801.647,218.386,748.684,177.528,583.590
540.706,956.908,491.685,801.447,218.535,748.541,178.140,583.401
541.207,957.900,491.480,801.363,218.405,748.818,178.402,583.717
541.285,957.790,491.366,801.537,218.171,748.415,178.788,583.607
541.132,958.187,491.265,801.417,218.397,748.497,178.562,583.130
541.266,958.666,491.379,801.408,218.303,748.756,179.632,582.728
541.226,958.527,491.406,801.491,218.548,748.738,178.954,581.671
541.094,958.301,491.215,801.542,218.316,748.810,180.020,581.741
541.290,958.362,491.350,801.470,218.381,748.886,179.920,581.864
541.111,958.227,491.350,801.281,218.347,748.463,179.135,581.019
541.402,958.594,491.334,801.367,218.419,748.593,179.722,582.212
541.175,958.213,491.130,801.286,217.813,747.366,179.245,580.392
541.170,958.418,491.645,801.093,217.957,747.602,179.183,580.532
541.249,958.841,490.988,801.355,217.961,747.592,179.495,580.001
541.249,958.415,491.231,801.495,218.675,748.616,179.494,580.600
541.190,958.407,491.249,801.558,218.023,747.425,179.444,580.210
541.222,958.808,490.825,801.713,218.268,748.396,179.498,580.770
541.253,958.293,491.237,801.458,218.069,747.533,179.588,581.502
541.145,958.145,491.190,801.344,217.865,747.397,179.642,581.199
541.332,958.126,491.127,801.672,218.310,747.715,179.530,581.243
541.097,958.285,490.690,802.021,218.473,748.631,179.883,582.417
541.357,958.430,491.115,801.647,218.351,748.652,179.999,582.805
541.270,958.436,491.035,801.711,218.335,748.559,180.172,582.756
541.294,958.603,491.241,801.484,218.376,748.542,179.961,582.323
541.393,958.884,491.403,801.366,217.968,747.892,179.420,581.818
541.523,959.056,491.303,801.401,218.368,748.601,178.926,580.833
541.162,958.117,491.368,801.327,218.060,747.769,178.833,579.925
541.546,958.633,491.479,801.310,218.074,747.819,178.987,580.601
541.220,957.799,491.341,801.462,218.098,747.557,179.952,580.678
541.279,957.607,491.771,801.000,217.698,747.026,179.323,579.827
541.276,957.862,491.548,801.295,217.938,747.521,179.417,580.064
540.966,957.057,491.168,801.353,218.025,747.568,179.320,580.302
541.286,957.239,491.132,801.469,218.312,748.509,179.355,580.268
541.240,957.580,491.223,801.474,218.514,748.761,179.181,580.280
541.160,957.134,490.982,801.680,218.526,748.517,179.405,579.943
541.280,957.307,491.220,801.311,218.587,748.812,179.379,580.221
541.250,957.109,491.194,801.495,218.527,748.851,179.221,580.484
541.126,956.969,491.251,801.334,218.269,748.679,179.298,580.138
541.335,957.654,491.183,801.374,218.380,748.495,179.810,580.495
541.523,957.990,491.294,801.505,218.371,748.714,179.391,580.983
541.347,957.694,491.235,801.395,218.214,748.692,179.324,580.974
541.522,957.838,491.322,801.237,218.297,748.506,179.540,580.913
541.451,958.090,491.211,801.594,218.360,748.330,179.224,579.982
541.343,958.473,491.098,801.779,218.318,748.149,179.468,580.165
540.946,957.406,490.823,801.822,218.448,748.393,179.546,579.982
541.168,958.162,491.163,801.445,218.445,748.595,179.397,579.853
541.513,958.053,491.417,801.289,218.526,748.670,179.383,580.357
541.290,957.605,491.259,801.337,218.595,748.703,179.350,580.786
541.822,957.986,491.056,801.597,218.577,748.671,179.775,580.959
541.602,957.704,491.060,801.586,218.580,748.743,179.562,580.387
541.287,956.906,491.247,801.203,218.411,748.647,179.384,580.241
541.859,958.310,491.014,801.626,218.292,748.381,179.189,580.386
541.606,957.925,491.289,801.309,218.649,748.923,179.449,580.699
541.534,957.539,491.261,801.264,218.461,748.648,179.418,580.839
541.253,957.313,491.629,801.092,218.351,748.607,179.265,581.233
541.570,958.116,491.222,801.469,218.314,748.469,179.075,580.411
541.509,958.198,491.267,801.376,218.256,748.224,179.064,580.356
541.266,957.129,491.351,801.357,218.383,748.348,179.420,580.663
541.456,957.784,491.464,801.200,218.308,748.405,179.385,580.490
541.479,957.804,491.499,801.053,218.492,748.750,178.889,580.198
541.299,957.755,491.330,801.299,218.042,747.776,179.075,580.593
541.149,957.703,491.251,801.496,218.294,748.521,178.999,580.383
541.082,957.035,491.213,801.483,218.461,748.695,179.018,580.562
541.185,957.323,491.190,801.463,218.331,748.795,179.068,580.730
541.339,958.009,491.232,801.359,218.311,748.658,179.185,581.580
541.552,957.094,491.209,801.529,217.835,747.725,179.316,581.275
541.459,957.397,491.416,801.234,218.400,749.181,179.242,580.310
541.552,957.513,491.653,801.091,218.385,749.064,179.065,579.788
541.773,957.185,491.301,801.152,218.583,748.834,179.284,580.546
541.422,956.857,491.229,801.501,218.594,748.826,179.245,580.567
541.376,957.117,491.048,801.499,218.028,747.482,179.514,580.633
541.475,956.613,491.098,801.343,218.032,747.795,179.230,581.131
541.646,957.166,491.221,801.566,217.901,747.642,179.044,580.605
541.557,957.504,491.473,801.264,217.930,747.617,178.935,580.331
541.526,957.465,491.328,801.377,217.813,747.560,179.132,580.345
541.692,957.754,491.248,801.366,218.191,748.561,179.331,580.418
541.376,957.019,491.164,801.400,218.452,748.755,179.181,580.534
541.444,957.358,491.357,801.017,218.464,748.787,179.163,580.835
541.537,957.423,491.259,801.338,218.181,748.578,179.268,580.754
541.364,957.352,491.191,801.160,218.264,748.475,179.271,580.492
541.565,957.871,491.399,801.127,218.556,748.682,179.513,581.720
541.360,957.516,491.492,801.087,218.167,748.315,179.349,580.390
541.602,957.853,491.617,801.102,218.085,747.441,178.977,581.152
541.381,957.947,491.184,801.437,218.045,747.384,179.006,581.028
541.238,957.850,491.248,801.429,217.828,747.692,179.474,581.269
541.519,957.765,491.468,801.295,218.300,748.462,179.141,580.699
541.529,957.665,491.490,801.154,218.499,748.494,179.579,580.802
541.403,957.528,491.547,801.234,218.290,748.492,180.054,581.012
541.429,957.565,491.324,801.424,218.314,748.349,179.511,580.978
541.329,957.813,491.311,801.332,218.292,748.845,179.492,580.786
541.503,958.052,491.013,801.647,218.421,748.836,179.654,581.730
541.436,957.850,491.536,801.088,218.453,748.669,179.338,582.084
541.430,958.023,491.667,800.935,218.423,748.731,179.088,580.643
541.624,958.058,491.554,801.205,218.452,748.674,179.353,581.199
541.436,958.048,491.421,801.214,218.085,747.842,179.403,580.830
541.243,957.817,491.471,801.281,218.066,747.843,179.429,580.616
541.433,957.567,491.204,801.353,217.996,747.713,179.219,580.149
541.587,957.726,491.274,801.414,217.983,747.652,179.790,580.503
541.582,957.779,491.722,801.135,217.954,747.568,179.308,580.568
541.633,957.553,491.624,801.321,218.521,748.596,179.239,580.624
541.766,957.892,491.212,801.630,218.799,749.144,178.286,580.202
541.544,957.741,491.078,801.628,218.556,748.829,179.306,580.872
541.687,958.289,491.528,801.256,218.411,748.630,179.500,580.396
541.578,958.196,491.248,801.371,218.450,748.732,179.864,580.615
541.546,957.853,491.582,801.106,218.344,748.876,179.785,580.953
541.514,957.841,491.360,801.399,218.322,748.799,179.544,580.663
541.624,958.369,491.399,801.131,218.305,748.816,179.434,581.581
541.314,958.326,491.431,801.296,217.950,747.791,179.612,580.995
541.587,958.430,491.480,801.329,217.779,747.715,179.388,581.234
541.512,958.113,491.232,801.306,218.551,748.826,179.510,581.602
541.672,958.827,491.530,801.114,218.443,748.576,179.240,580.689
541.608,958.593,491.475,801.184,218.429,748.628,179.398,581.206
541.375,957.610,491.559,801.190,218.433,748.539,179.638,581.259
541.598,958.431,491.474,801.205,218.495,748.674,179.549,580.658
541.568,957.549,491.386,801.297,218.540,748.711,179.554,580.587
541.660,957.075,491.261,801.347,218.394,748.716,179.515,580.637
541.742,957.108,491.189,801.501,218.446,748.590,179.486,580.479
541.562,957.169,491.470,801.270,218.010,747.635,179.693,580.978
541.418,957.356,491.128,801.330,217.860,747.569,179.932,581.038
541.506,956.678,491.344,801.466,217.915,747.508,179.910,581.046
541.851,957.347,491.467,801.146,217.918,747.543,179.803,580.847
541.682,956.708,491.404,801.273,217.911,747.441,179.862,581.135
541.823,957.064,491.087,801.634,218.546,748.826,180.117,580.778
541.756,956.905,491.583,801.037,218.515,748.864,179.652,581.287
541.552,956.972,491.011,801.469,218.362,748.718,179.408,581.064
541.715,956.720,491.306,801.182,218.668,748.993,179.643,580.748
541.664,957.230,491.127,801.480,218.213,748.772,179.595,581.348
541.467,957.688,491.456,801.232,218.007,748.496,180.908,583.828
541.745,957.544,491.319,801.389,218.119,748.709,179.414,581.861
541.805,957.592,491.519,801.259,218.098,748.565,179.838,582.270
541.925,957.780,491.495,801.263,217.590,747.390,180.058,581.108
541.770,957.688,491.280,801.343,218.157,748.485,180.903,580.318
541.780,957.877,491.348,801.274,218.309,748.652,181.073,579.793
541.703,957.719,491.385,801.281,217.727,747.516,181.093,580.247
541.685,957.941,491.358,801.398,218.191,748.684,180.555,579.779
541.326,956.850,491.341,801.321,218.466,748.479,180.667,579.694
541.640,957.023,491.540,801.178,217.876,747.786,180.464,579.792
541.696,956.981,491.369,801.404,218.085,748.393,180.050,579.578
541.708,956.411,491.324,801.290,218.193,748.540,180.100,579.432
541.628,956.259,491.545,801.238,217.736,747.452,180.749,579.850
541.871,957.429,491.636,801.069,217.812,747.247,180.918,580.736
541.995,957.445,491.558,801.113,218.283,748.426,181.611,582.231
541.752,958.471,491.237,801.301,218.372,748.446,181.733,581.698
541.447,958.193,491.479,801.301,217.871,747.554,182.247,581.445
541.573,957.732,491.589,801.085,217.802,747.386,182.791,581.086
541.276,957.314,491.357,801.091,217.660,747.148,183.563,581.685
541.370,957.234,491.221,801.449,217.685,747.262,182.869,580.349
541.276,957.162,491.291,801.372,217.666,747.138,182.212,579.783
541.312,957.188,491.264,801.416,218.197,748.103,182.186,579.508
541.394,957.509,491.480,801.172,217.871,747.145,181.215,577.575
541.249,956.918,491.613,801.178,218.051,747.817,180.515,577.124
541.436,957.197,491.258,801.085,218.016,747.741,180.502,577.392
541.474,957.381,491.182,801.222,217.998,747.546,180.296,577.740
541.557,957.169,491.248,801.206,217.911,747.586,180.421,577.944
541.358,957.193,491.188,801.238,217.965,747.543,180.525,578.182
541.369,957.096,491.318,801.212,217.992,747.393,180.376,577.607
541.431,957.226,491.583,801.160,218.279,748.464,180.372,577.483
541.486,957.487,491.555,801.105,218.275,748.396,180.303,577.374
541.504,957.240,491.544,801.328,218.324,748.667,179.829,577.441
541.446,957.239,491.441,801.317,218.303,748.573,179.731,577.557
541.514,957.194,491.471,801.222,218.332,748.650,179.730,577.603
541.567,957.810,491.100,801.418,218.487,748.647,179.988,577.729
541.605,957.735,491.405,801.178,218.453,748.582,179.954,577.647
541.529,957.644,491.208,801.431,218.547,748.854,180.011,577.926
541.387,957.217,491.318,801.187,218.675,748.978,180.126,578.148
541.576,957.670,491.085,801.447,218.602,748.767,180.221,578.030
541.668,957.631,491.254,801.547,218.549,748.837,180.286,578.027
541.439,957.324,491.045,801.444,218.382,748.781,180.119,577.545
541.627,957.293,491.163,801.586,218.508,748.656,180.177,577.677
541.719,957.359,490.812,801.962,217.911,747.315,180.249,577.745
541.495,956.679,491.276,801.403,217.985,747.634,180.010,577.290
541.527,956.434,491.381,801.446,217.944,747.704,180.518,577.787
541.491,956.448,491.282,801.384,218.469,748.692,180.209,578.031
541.577,956.679,491.070,801.438,217.934,747.544,180.074,577.769
541.499,956.868,491.075,801.481,218.271,748.574,180.162,577.808
541.447,956.189,491.067,801.432,218.527,748.735,179.960,577.448
541.789,956.641,491.362,801.041,218.446,748.710,180.029,577.847
541.621,956.743,491.203,801.319,218.442,748.668,180.097,577.860
541.440,956.623,491.534,801.089,218.548,748.687,180.297,577.978
541.587,957.229,491.570,801.128,218.625,748.789,180.326,576.981
541.550,956.660,491.435,801.164,217.973,747.711,180.563,576.966
541.601,957.121,491.174,801.440,217.962,747.766,180.936,577.141
541.468,957.498,491.049,801.501,218.064,748.934,180.598,577.111
541.656,957.310,491.284,801.335,218.293,748.876,180.242,577.268
541.698,957.161,491.109,801.568,218.247,748.650,180.202,577.202
541.453,957.040,491.340,801.135,218.294,748.597,180.299,577.139
541.698,957.363,491.470,801.084,218.290,748.737,180.372,577.075
541.710,956.935,491.316,801.484,217.820,747.450,180.186,576.785
541.696,956.696,491.439,801.246,217.883,747.541,180.590,577.125
541.516,956.790,491.436,801.396,218.499,748.586,180.792,577.543
541.659,957.015,491.381,801.432,218.140,747.815,180.737,577.560
541.775,956.999,490.922,801.657,217.711,747.542,180.627,577.315
541.447,956.956,491.086,801.502,218.003,747.602,180.616,577.356
541.498,956.545,490.966,801.745,217.942,747.402,180.243,576.856
541.628,957.254,491.257,801.443,217.916,747.451,180.233,576.894
541.441,956.089,491.327,801.333,218.419,748.628,180.152,577.104
541.652,956.858,491.179,801.423,218.307,748.614,180.255,577.372
541.857,956.990,491.075,801.578,217.561,747.419,180.364,577.290
541.318,955.872,491.312,801.316,218.065,747.587,180.314,577.177
541.392,956.273,491.344,801.360,217.861,747.462,180.590,577.307
541.455,956.951,491.259,801.465,218.241,747.915,180.354,577.477
541.687,956.887,491.133,801.589,217.990,747.708,180.202,577.325
541.539,956.489,491.191,801.442,217.941,747.621,180.520,577.922
541.377,955.717,490.881,801.783,217.835,747.477,180.431,576.907
541.558,956.525,491.227,801.619,218.034,747.818,180.568,577.043
541.517,956.433,491.057,801.542,217.959,747.838,180.585,577.001
541.570,956.451,491.066,801.687,217.657,747.481,180.325,577.109
541.748,955.806,491.133,801.558,218.307,748.246,180.191,576.893
541.678,956.097,491.361,801.262,218.225,748.217,180.414,576.777
541.551,956.194,491.356,801.207,218.021,747.469,180.594,576.830
541.458,955.863,491.446,801.420,218.126,747.945,180.469,576.761
541.588,955.268,491.034,801.773,217.786,747.828,180.502,576.835
541.389,956.071,491.507,801.204,216.921,747.451,180.398,576.749
541.472,956.113,491.236,801.355,216.215,747.840,180.587,576.701
541.423,955.886,491.405,801.373,216.186,748.019,180.650,576.291
541.494,957.109,491.491,801.234,215.306,747.845,181.076,575.151
541.324,956.197,491.424,801.219,215.976,749.185,181.798,572.958
541.404,956.512,491.574,801.249,214.661,749.524,182.001,571.693
541.458,956.599,491.556,801.244,214.410,750.583,182.026,571.789
541.478,956.774,491.520,801.129,214.359,751.758,182.469,571.950
541.587,956.407,491.542,801.088,214.289,753.135,182.290,571.910
541.414,956.646,491.418,801.367,214.251,756.552,182.439,571.855
541.353,956.891,491.249,801.474,214.215,758.634,182.464,571.702
541.374,956.998,491.874,801.085,213.610,760.534,182.734,571.143
541.334,956.249,491.561,800.961,214.116,759.982,182.754,571.152
541.539,956.823,491.436,801.151,214.366,760.659,182.674,570.957
541.497,956.311,491.567,801.177,214.558,760.708,182.490,570.944
541.370,956.347,491.514,801.045,214.945,760.733,182.080,571.186
541.530,957.028,491.645,801.165,215.257,765.786,182.361,571.034
541.602,957.162,491.578,801.142,215.287,767.405,182.355,571.035
541.394,956.898,491.696,800.929,215.859,768.372,182.051,570.552
541.392,956.530,491.738,800.927,216.636,768.888,183.023,569.602
541.366,956.595,491.696,801.207,216.762,769.336,184.573,570.766
541.275,956.952,491.806,801.169,216.847,769.710,184.796,570.760
541.528,956.869,491.624,801.315,216.553,769.431,184.521,570.509
541.458,956.757,491.760,801.161,216.838,769.368,184.751,570.844
541.492,957.344,491.530,801.262,217.208,769.110,184.759,570.692
541.608,957.166,491.602,801.189,220.510,769.169,184.941,570.463
541.577,957.285,491.667,801.177,221.760,767.925,184.719,570.120
541.522,957.500,491.691,801.177,220.908,768.281,184.628,569.838
541.680,957.503,491.738,801.268,221.275,767.989,184.561,569.930
541.765,957.262,491.554,801.218,221.373,768.690,184.722,569.455
541.660,957.331,491.529,801.297,221.350,768.935,184.815,569.585
541.449,957.244,491.266,801.408,221.842,768.660,184.817,569.649
541.139,958.129,491.414,801.253,221.532,768.886,184.660,569.493
540.993,958.929,491.456,801.322,222.156,769.127,184.640,569.788
540.790,959.114,491.456,801.342,222.219,769.423,184.788,569.592
540.940,959.753,491.352,801.330,222.400,769.433,184.668,569.712
540.948,960.120,491.582,801.131,222.450,769.532,184.614,569.542
541.138,960.301,491.479,801.069,222.279,769.912,184.575,569.252
541.089,960.295,491.510,801.099,222.266,769.820,184.475,568.797
540.798,959.722,491.479,801.221,222.279,769.399,184.585,568.916
541.059,960.463,491.444,801.179,222.445,769.735,184.560,569.014
541.767,960.106,491.533,801.273,222.368,769.875,184.634,569.054
541.993,960.332,491.519,801.204,222.331,769.539,184.631,568.807
542.097,960.258,491.357,801.299,222.378,769.730,184.569,568.717
541.902,959.557,491.504,801.076,222.455,769.701,184.809,569.078
542.117,959.278,491.806,800.836,222.385,769.752,184.705,569.105
541.650,958.780,491.884,800.959,221.951,769.889,184.980,569.157
541.753,958.700,491.689,801.132,222.426,769.739,184.938,569.390
541.585,958.390,491.676,801.107,222.715,770.304,184.851,569.126
541.493,958.083,491.446,801.239,222.663,770.327,184.888,569.080
541.638,958.324,491.265,801.512,222.794,770.915,184.901,569.158
541.963,958.465,491.492,801.406,222.638,770.946,185.086,569.407
541.888,958.447,491.377,801.482,222.755,771.125,184.998,569.369
541.917,958.339,491.507,801.164,222.797,771.232,184.987,569.104
542.065,958.059,491.418,801.304,222.815,771.182,184.882,568.999
542.483,957.455,491.598,801.187,222.621,771.448,185.019,569.029
542.105,956.791,491.612,801.239,222.761,771.180,185.003,568.991
542.027,956.898,491.431,801.309,222.243,771.353,184.984,569.116
542.020,956.855,491.422,801.248,223.353,772.236,184.960,569.235
542.054,956.463,491.393,801.419,224.023,770.454,184.914,569.326
542.054,955.659,491.537,801.329,223.319,770.143,184.679,569.151
541.725,955.468,491.740,801.210,223.775,769.617,184.868,569.278
541.638,955.390,491.586,801.279,223.649,769.419,184.921,569.371
541.208,954.009,491.647,801.370,223.903,770.124,185.026,569.452
541.054,952.990,491.107,801.531,223.652,769.623,184.742,568.686
541.216,953.131,491.252,801.396,223.602,769.700,184.725,568.737
541.151,953.810,491.768,801.016,223.780,769.625,184.854,569.083
540.967,953.967,491.665,801.180,223.888,769.557,184.866,569.162
540.866,953.804,491.505,801.289,224.019,769.502,184.804,568.559
540.498,952.712,491.527,801.235,224.099,769.544,184.793,568.691
540.175,952.246,491.498,801.120,223.910,769.639,184.887,568.746
539.868,951.701,491.652,800.973,223.874,769.603,184.822,568.634
540.043,950.772,491.550,801.136,224.172,769.279,184.748,568.306
540.003,950.446,491.434,801.309,223.998,769.537,184.803,568.481
540.227,950.050,491.544,801.248,223.871,769.041,184.834,568.941
540.293,951.445,491.444,801.270,224.802,768.467,184.806,568.648
540.734,951.924,491.482,801.279,224.417,768.184,184.976,569.075
540.940,953.175,491.409,801.543,223.908,768.377,184.923,568.929
541.237,953.143,491.208,801.593,223.563,767.942,184.931,568.750
541.225,953.431,491.325,801.318,223.476,768.654,184.818,568.506
540.594,953.363,491.231,801.331,223.598,768.432,184.835,568.542
540.719,953.495,491.180,801.540,223.540,768.182,184.864,568.697
540.616,953.106,491.426,801.302,225.443,768.183,184.753,568.421
540.690,952.592,491.430,801.271,228.364,769.899,184.796,568.141
540.952,952.164,491.409,801.233,229.210,769.854,184.649,567.696
541.179,952.576,491.158,801.414,229.597,769.336,183.095,564.723
541.155,952.502,491.253,801.525,229.291,769.722,182.625,563.790
540.749,951.773,491.450,801.196,229.772,769.224,182.737,563.914
540.341,951.647,491.705,801.046,228.567,768.911,182.707,563.761
539.494,950.816,491.651,801.381,226.610,767.462,182.563,563.746
538.431,949.327,491.398,801.390,224.846,767.429,182.965,563.824
538.048,949.046,491.230,801.686,224.470,767.741,182.877,563.679
537.831,948.648,491.355,801.400,225.233,767.337,182.983,563.921
537.417,947.830,491.288,801.425,224.902,766.833,183.076,563.858
537.343,948.221,491.567,801.380,224.913,767.693,183.075,564.073
536.654,948.397,491.414,801.637,226.235,770.919,183.062,564.073
537.089,948.674,491.585,801.055,226.209,771.359,182.950,563.884
536.820,948.957,491.339,801.341,226.585,769.441,182.923,563.891
536.286,949.000,491.454,801.164,225.749,765.806,183.024,564.253
535.359,948.531,491.209,801.351,225.107,767.036,183.020,564.150
534.564,948.767,491.623,801.216,225.289,766.746,183.936,565.295
534.377,949.048,491.402,801.331,227.149,766.821,183.914,565.303
534.795,949.522,491.370,801.242,226.768,767.125,183.821,565.213
535.650,951.117,491.822,801.202,225.369,766.647,182.752,563.907
535.929,951.944,491.599,801.216,225.111,767.214,182.765,563.937
535.919,952.086,491.718,801.122,225.965,767.896,182.743,563.901
535.976,952.161,491.654,801.166,225.129,767.794,182.797,563.847
535.741,952.020,491.562,801.346,224.048,765.607,182.799,563.986
535.783,952.291,491.324,801.648,224.822,765.232,182.777,563.942
535.487,951.774,491.531,801.242,224.637,764.880,182.985,563.889
535.689,952.045,491.619,801.309,226.948,765.732,183.045,563.984
535.929,951.872,491.552,801.239,226.634,768.766,182.941,564.056
535.640,951.640,491.589,801.218,223.705,766.506,182.868,563.790
534.594,950.509,491.792,801.061,222.650,763.125,183.952,565.341
533.943,950.178,491.502,801.247,223.300,760.766,184.151,565.494
533.902,950.290,491.491,801.506,222.687,758.823,184.148,565.627
533.353,950.881,491.259,801.495,222.810,758.081,184.192,565.447
532.233,950.700,491.438,801.513,222.563,757.455,184.287,565.386
532.209,951.610,491.506,801.267,223.090,757.222,184.352,565.286
531.369,951.578,491.330,801.382,223.409,757.071,184.194,565.355
530.832,952.197,491.490,801.249,223.386,756.053,184.197,565.240
530.723,952.040,491.698,801.188,222.746,754.201,184.243,565.415
530.610,953.040,491.129,801.735,222.376,753.228,182.997,564.005
530.772,953.691,491.157,801.612,221.899,752.594,182.956,563.751
530.918,954.790,491.658,801.217,220.809,751.860,183.218,563.952
531.565,956.493,491.750,801.210,220.468,751.660,183.189,563.948
531.914,957.467,491.736,801.410,219.752,753.034,183.283,564.280
531.747,957.257,491.462,801.315,219.994,752.661,182.869,563.751
531.324,956.736,491.102,802.077,219.680,752.655,183.749,565.258
531.026,956.677,491.379,801.386,220.410,753.666,183.884,565.489
530.978,956.809,491.457,801.496,220.281,753.372,183.972,565.380
530.708,956.668,491.592,801.337,219.591,752.716,184.089,565.535
530.483,955.446,491.580,801.496,218.061,753.106,184.232,565.602
530.155,955.396,491.496,801.287,214.978,753.772,184.228,565.581
529.873,954.704,491.514,801.317,215.455,753.639,183.987,565.236
529.791,954.607,491.703,801.408,216.206,753.749,182.981,563.843
529.822,954.434,491.810,801.167,216.657,754.004,183.239,563.920
529.562,954.809,491.349,801.540,216.610,754.495,183.351,564.102
529.781,954.821,491.376,801.395,216.206,754.440,183.016,563.960
530.009,954.699,491.576,801.218,217.564,754.852,182.906,564.000
529.609,954.565,491.457,801.389,218.120,754.789,183.235,564.090
529.922,955.275,491.714,801.310,218.730,755.012,183.236,564.211
528.915,954.862,491.557,801.239,218.248,755.296,182.992,563.706
528.467,954.675,491.286,801.438,217.003,755.400,182.984,563.867
528.357,954.083,490.944,801.848,216.200,755.147,182.912,563.908
528.296,953.902,491.082,801.723,216.221,755.355,182.867,563.973
528.541,954.172,491.263,801.493,216.423,754.895,183.323,564.046
528.482,953.858,491.402,801.377,216.680,754.711,183.056,563.841
528.364,953.289,491.443,801.472,216.736,754.442,182.989,564.007
527.303,952.950,491.587,801.293,216.715,753.235,182.963,564.002
526.974,952.518,491.558,801.338,216.338,753.352,182.916,563.923
526.874,952.052,491.515,801.443,215.617,753.690,182.999,564.204
526.558,951.850,491.833,801.086,215.613,752.989,183.064,564.275
526.671,951.372,491.493,801.072,215.289,753.189,183.293,564.291
526.346,951.675,491.418,801.151,215.317,752.890,182.728,563.612
526.280,952.502,491.370,801.669,214.593,752.588,182.635,563.669
526.321,953.477,491.304,801.602,214.590,752.526,182.839,563.880
526.525,953.435,491.513,801.448,215.047,752.376,182.914,564.106
526.772,952.975,491.183,801.708,215.045,752.436,183.087,564.156
526.889,952.735,491.213,801.641,214.406,752.882,183.465,564.236
526.779,952.423,491.421,801.452,214.947,751.834,184.306,565.237
526.704,952.852,491.570,801.385,213.963,749.894,182.911,563.787
526.692,952.856,491.095,801.849,215.346,752.804,182.920,564.103
526.683,953.006,491.564,801.353,215.332,752.093,183.240,564.898
526.687,953.003,491.273,801.773,214.192,751.938,184.396,566.261
526.708,952.956,491.527,801.375,214.163,751.763,184.576,566.623
526.623,953.245,491.374,801.347,215.539,752.791,184.699,566.467
526.640,953.046,491.644,801.074,214.204,751.151,183.446,564.707
526.773,953.272,491.065,801.804,214.110,750.955,183.230,564.470
526.860,953.242,491.449,801.311,214.394,751.119,183.229,564.297
526.577,952.913,491.680,801.272,214.860,751.957,183.854,563.957
526.481,952.527,491.691,801.316,214.958,751.903,184.201,564.095
526.244,952.157,491.517,801.507,214.894,752.532,185.487,565.584
526.120,952.250,490.845,801.969,214.923,752.404,185.624,565.128
526.185,951.960,491.379,801.391,214.674,752.410,185.417,565.070
526.296,951.926,491.480,801.564,214.580,752.258,185.366,564.888
526.960,952.537,491.559,801.296,215.322,752.791,185.315,565.093
527.295,953.438,491.477,801.275,215.420,752.731,185.480,565.286
527.628,953.607,491.656,801.071,215.469,752.981,185.253,565.525
527.477,954.064,491.557,801.389,214.610,753.258,185.393,565.484
527.495,954.035,491.698,800.960,214.814,752.965,185.357,565.740
527.415,953.672,491.769,801.127,215.017,752.731,185.217,565.422
527.305,953.774,491.687,801.258,214.918,752.708,185.199,565.266
527.071,953.449,491.097,801.695,214.965,752.906,185.249,565.054
527.114,953.457,491.333,801.431,214.986,752.901,185.302,565.261
527.076,953.493,491.254,801.593,215.072,752.711,185.255,564.934
526.983,953.581,491.549,801.227,215.076,752.692,185.392,564.577
526.625,953.610,491.642,801.334,215.219,752.291,185.443,564.800
526.489,953.470,491.601,801.330,214.953,752.005,185.417,564.709
526.531,953.652,491.423,801.367,215.383,752.144,185.260,564.472
526.494,953.548,491.383,801.496,215.026,752.113,185.441,564.541
526.475,953.806,491.805,801.052,214.665,753.060,185.293,564.845
526.338,954.310,491.631,801.173,214.825,753.861,185.379,564.375
526.167,954.115,491.343,801.616,214.927,754.175,185.440,564.558
525.875,953.772,491.746,801.256,214.618,753.676,185.356,564.668
525.767,953.752,491.667,801.222,214.428,753.109,185.456,564.804
525.708,953.536,491.470,801.358,213.743,753.347,185.426,564.899
525.801,953.716,491.441,801.320,213.577,753.327,185.496,564.670
526.051,953.816,491.439,801.175,212.761,753.251,185.356,564.815
526.064,953.886,491.275,801.490,213.563,752.943,185.369,564.531
526.263,953.780,491.190,801.587,213.731,752.785,185.405,565.066
526.145,953.876,491.227,801.430,213.925,752.719,185.464,564.839
526.334,953.856,491.671,801.092,214.628,752.825,185.415,565.402
526.237,953.765,491.359,801.369,214.733,751.324,185.387,564.842
526.243,953.910,491.547,801.342,215.047,751.273,185.475,565.082
526.195,953.927,491.482,801.533,215.080,751.997,185.491,564.957
526.432,953.911,491.610,801.310,214.286,751.213,185.372,564.889
526.168,953.783,491.588,801.153,214.379,752.144,185.367,564.801
526.374,953.929,491.466,801.338,214.619,752.003,185.389,564.734
526.277,954.060,491.602,801.416,214.025,751.718,185.448,564.960
526.163,953.897,491.623,801.259,214.071,751.042,185.461,564.911
526.350,954.120,491.584,801.355,214.320,751.098,185.443,564.469
526.328,953.941,491.552,801.358,214.804,751.896,185.424,564.583
526.143,954.286,491.371,801.518,214.296,751.856,185.446,564.899
526.181,954.243,491.344,801.550,213.886,751.867,185.433,564.582
526.008,953.935,491.594,801.142,213.913,752.182,185.237,564.671
525.876,954.049,491.523,801.393,213.121,750.901,185.308,564.781
526.070,954.111,491.589,801.415,213.426,751.621,185.385,564.809
526.056,954.269,491.680,801.293,213.508,751.732,185.395,564.509
525.931,953.762,491.425,801.604,213.331,750.303,185.260,564.697
526.074,953.823,491.468,801.201,213.522,751.054,184.512,563.717
526.197,953.988,491.350,801.529,213.798,750.382,184.575,563.663
526.287,954.535,491.623,801.319,212.939,749.334,184.480,563.650
525.888,954.302,491.520,801.377,213.129,748.563,184.552,563.837
526.047,953.834,491.076,801.736,213.062,748.820,184.544,563.894
526.258,954.102,491.334,801.583,212.517,749.127,185.306,564.967
526.001,953.667,491.756,801.276,212.138,748.559,185.368,564.809
525.957,953.637,491.410,801.327,213.272,750.935,185.391,564.928
525.774,953.746,491.261,801.593,212.227,748.605,185.334,564.670
525.957,953.641,491.226,801.616,212.597,748.876,185.358,564.968
525.845,953.593,491.737,801.138,212.645,748.584,185.229,564.866
525.817,953.689,491.559,801.520,212.536,748.642,185.229,564.845
526.000,953.825,491.451,801.767,212.822,748.499,185.228,564.690
525.953,953.751,491.350,801.662,212.103,748.848,185.403,564.599
526.031,953.697,491.280,801.616,211.842,748.741,185.322,564.641
526.014,953.781,491.252,801.734,211.430,748.893,185.340,564.753
526.064,953.801,491.351,801.712,211.722,748.590,185.370,564.648
526.301,954.036,491.384,801.523,211.889,748.358,185.377,564.642
525.978,953.601,491.469,801.370,211.834,748.194,185.337,564.743
526.288,953.999,491.150,801.832,211.981,748.564,185.387,564.888
525.963,953.632,491.388,801.646,212.171,748.663,185.287,564.632
525.940,953.743,491.830,801.233,211.808,748.597,185.332,564.568
526.157,953.872,491.546,801.390,211.963,748.623,185.283,564.564
525.962,953.760,491.590,801.399,212.528,748.857,185.331,564.616
525.960,953.658,491.177,801.770,212.164,748.677,185.330,564.634
525.746,953.666,491.415,801.534,212.087,748.575,185.364,564.461
525.913,953.766,491.601,801.409,211.384,748.632,185.413,564.647
526.079,953.804,491.567,801.362,211.938,748.190,185.395,564.540
525.969,953.846,491.452,801.424,211.676,748.697,185.436,564.688
525.833,953.798,491.791,801.180,213.014,750.110,185.308,564.622
526.153,954.041,491.419,801.613,212.188,748.979,185.376,564.677
526.077,953.965,491.618,801.500,211.861,748.656,185.416,564.756
526.297,954.277,491.341,801.647,212.480,748.726,185.402,564.827
526.102,954.044,491.797,801.225,212.481,748.825,185.457,564.896
526.161,954.062,491.418,801.529,211.829,748.759,184.594,563.565
526.204,953.958,491.357,801.600,211.693,748.842,184.516,563.446
526.076,954.273,491.208,801.773,211.940,748.380,185.298,564.597
525.742,953.911,491.271,801.577,212.438,748.743,185.311,564.735
525.705,953.823,491.297,801.504,211.764,748.604,185.268,564.667
526.258,954.093,491.503,801.451,211.733,748.622,185.488,565.124
525.881,953.799,491.320,801.503,212.123,749.203,185.306,564.604
525.881,953.916,491.547,801.405,211.748,747.602,185.418,564.739
526.007,954.077,491.487,801.583,211.750,748.338,185.572,564.868
526.103,954.049,491.446,801.553,212.155,748.621,185.467,564.616
526.134,954.202,491.463,801.283,211.439,747.674,185.484,564.713
526.187,954.198,491.583,801.213,211.302,748.237,185.393,564.626
526.428,954.227,491.500,801.405,211.475,747.767,185.344,564.612
526.324,954.199,491.460,801.393,211.715,748.471,185.443,564.725
526.519,954.468,491.527,801.497,212.354,748.709,185.423,564.583
526.278,954.198,491.297,801.580,211.617,748.622,185.461,564.652
526.362,954.218,491.341,801.491,211.680,748.010,185.397,564.561
526.460,954.135,491.477,801.436,211.993,748.489,185.440,564.524
526.520,954.291,491.381,801.290,211.718,748.317,185.573,564.673
526.595,954.404,491.392,801.347,211.248,748.223,185.519,564.722
526.541,954.210,491.221,801.598,211.266,748.400,185.469,564.740
526.842,954.453,491.466,801.460,211.394,748.533,185.500,564.790
526.512,954.435,491.338,801.570,211.513,748.309,185.348,564.621
526.378,954.504,491.225,801.572,211.932,748.578,185.426,564.792
526.245,954.292,491.473,801.366,211.796,748.567,184.563,563.589
526.201,954.340,491.584,801.434,212.620,749.805,184.695,563.632
525.919,953.680,491.536,801.403,212.841,750.379,185.449,564.721
526.200,954.140,491.622,801.444,213.112,750.633,185.456,564.813
525.866,953.691,491.673,801.326,213.603,751.171,185.346,564.687
525.888,953.895,491.802,801.263,213.804,751.175,185.359,564.740
526.294,954.262,491.647,801.410,213.917,750.535,185.372,564.698
526.041,954.057,491.713,801.355,213.759,750.529,185.322,564.927
526.200,954.227,491.764,801.332,213.876,750.762,185.268,564.714
526.457,954.101,491.718,801.274,213.567,750.627,185.491,564.432
526.378,954.140,491.685,801.423,213.776,750.391,185.402,564.399
526.377,954.178,491.514,801.296,213.880,750.658,185.347,564.350
526.433,954.252,491.723,801.305,214.133,750.760,185.377,564.391
526.443,954.325,491.721,801.244,214.274,750.900,185.443,564.383
526.452,954.412,491.632,801.199,213.581,750.387,185.418,564.465
526.281,954.222,491.417,801.251,213.960,750.784,185.437,564.289
526.278,954.157,491.506,801.216,214.125,750.957,185.463,564.384
526.293,954.040,491.661,801.153,214.328,751.051,185.533,564.791
525.811,953.749,491.601,801.375,214.380,751.074,185.509,564.680
525.920,953.601,491.640,801.318,214.451,751.073,185.674,564.792
526.287,953.993,491.546,801.281,214.293,750.867,185.563,564.927
525.953,953.666,491.323,801.416,214.296,750.828,185.586,564.786
525.993,953.731,491.274,801.346,214.387,750.801,185.430,564.743
526.186,954.075,491.626,801.277,214.593,750.781,185.538,565.144
525.972,953.974,491.488,801.331,213.771,750.345,185.398,564.589
526.183,954.229,491.547,801.351,214.133,750.770,185.490,564.603
526.441,954.201,491.570,801.409,214.028,750.769,185.406,564.856
526.150,953.912,491.504,801.370,213.988,751.357,185.418,564.683
525.953,953.547,491.274,801.503,213.763,751.754,185.547,564.646
526.096,953.600,491.006,801.784,214.113,752.132,185.470,564.522
526.050,954.038,491.659,801.435,213.945,752.180,185.532,564.632
525.824,953.843,491.389,801.475,214.100,752.388,185.584,564.713
526.225,954.311,491.523,801.272,213.906,751.821,185.478,564.571
526.215,954.129,491.594,801.206,213.757,751.525,185.373,564.532
526.538,954.360,491.735,801.066,214.139,751.092,185.469,564.613
526.413,954.167,491.545,801.109,213.546,751.338,185.464,564.434
526.551,954.293,491.644,801.085,213.499,751.253,185.437,564.424
526.301,954.326,491.749,801.088,213.270,750.422,185.448,564.387
526.259,954.095,491.720,801.027,213.475,750.374,185.497,564.561
526.281,953.759,491.828,801.008,212.323,749.046,185.430,564.622
526.345,953.910,491.842,800.861,212.110,748.942,185.516,564.700
525.948,953.824,491.836,801.075,212.684,748.486,185.492,564.688
526.077,953.892,491.832,801.102,212.677,748.961,185.461,564.483
526.325,954.230,491.666,801.166,211.886,748.799,185.442,564.741
526.396,954.082,491.929,801.041,212.238,748.682,185.466,564.685
526.547,954.246,491.163,801.842,212.044,748.860,185.522,564.568
526.325,954.065,491.730,801.221,212.929,750.682,185.402,564.606
526.281,954.084,491.710,801.411,214.222,751.051,185.365,564.582
526.417,954.202,491.836,801.264,211.909,748.598,185.505,564.492
526.403,954.252,491.544,801.583,211.786,748.730,185.476,564.497
525.909,953.762,491.689,801.218,211.781,748.637,185.336,564.508
526.067,953.772,491.509,801.370,211.657,748.469,185.504,564.489
526.563,954.173,491.495,801.368,213.060,750.431,185.377,564.534
526.535,954.258,491.545,801.404,213.659,750.817,184.687,563.477
526.177,953.938,491.390,801.408,212.278,748.436,184.447,563.125
526.407,954.131,491.398,801.414,211.995,747.762,184.589,563.405
526.391,954.100,491.776,801.062,211.878,748.516,185.536,564.555
526.561,954.107,491.473,801.591,211.914,748.913,185.578,564.549
526.368,953.888,491.578,801.331,212.133,749.100,185.509,564.399
526.306,953.900,491.529,801.324,212.666,748.470,185.509,564.525
526.295,953.882,491.654,801.262,212.503,748.569,185.421,564.433
526.374,954.338,491.854,801.114,212.591,748.913,185.449,564.462
526.164,954.185,491.656,801.240,212.394,748.633,185.426,564.593
526.423,953.980,491.663,801.305,212.820,748.791,185.618,564.677
526.572,954.108,491.781,801.110,212.939,748.877,185.621,564.746
526.545,954.142,491.710,801.046,213.723,750.119,184.583,563.314
526.538,954.183,491.633,801.198,213.968,750.418,184.765,563.455
526.007,954.062,491.670,801.580,213.883,750.285,185.381,564.390
526.224,954.079,491.713,801.300,214.019,750.512,185.371,564.208
526.230,954.062,491.724,801.410,214.063,750.325,185.588,564.413
526.255,954.044,491.663,801.317,214.018,750.626,185.574,564.283
526.328,953.974,491.582,801.225,213.752,750.326,185.549,564.453
526.233,954.053,491.764,801.246,213.846,750.353,185.440,564.206
526.290,954.096,491.820,801.306,214.063,750.373,185.535,564.384
526.330,954.129,491.400,801.322,214.460,750.869,185.450,564.387
526.343,954.225,491.393,801.455,212.841,749.450,185.446,564.254
526.474,954.264,491.415,801.476,213.729,750.786,185.453,564.655
526.313,954.166,491.580,801.387,212.786,749.033,185.469,564.479
526.241,953.992,491.421,801.525,212.968,749.170,185.550,564.491
526.484,954.100,491.610,801.538,212.745,748.908,185.519,564.681
526.295,954.194,491.540,801.472,212.759,748.478,185.475,564.512
526.176,954.031,491.464,801.565,213.766,750.136,185.545,564.559
526.322,954.024,491.637,801.257,213.037,748.545,185.497,564.918
526.339,954.075,491.652,801.244,213.284,748.067,185.420,564.750
526.288,954.015,491.620,801.455,213.181,748.229,185.512,564.579
526.410,954.170,491.759,801.125,214.043,750.814,184.759,563.695
526.237,953.958,492.012,800.993,213.435,751.188,185.496,564.689
526.457,954.158,491.589,801.306,213.910,750.356,185.415,564.633
526.398,954.215,491.293,801.459,213.418,750.202,185.390,564.443
526.285,954.333,491.535,801.223,213.225,749.441,185.547,564.918
526.320,954.043,491.691,801.223,213.976,749.944,185.453,564.739
526.213,954.117,491.511,801.266,213.286,749.757,185.419,564.363
526.136,954.141,491.689,801.102,211.870,748.686,185.427,564.318
526.368,954.217,491.702,801.340,212.560,748.227,185.340,564.281
526.415,954.298,491.604,801.362,212.100,747.813,185.412,564.436
526.368,954.019,491.627,801.280,212.361,748.711,185.448,564.874
525.919,953.691,491.386,801.591,211.288,748.767,185.409,564.827
525.879,954.133,491.446,801.427,211.725,748.235,185.607,564.853
525.876,954.142,491.258,801.436,212.497,750.204,185.299,564.476
526.046,953.982,491.433,801.286,211.662,748.343,185.365,564.586
526.158,953.849,491.385,801.497,211.758,748.251,185.504,564.672
525.976,953.684,491.549,801.580,211.970,748.662,185.563,564.588
526.188,954.159,491.849,801.143,212.801,750.275,185.329,564.497
526.229,954.231,491.831,801.162,213.183,749.999,185.394,564.494
526.197,954.209,491.826,801.092,213.059,749.922,185.306,564.609
526.228,954.120,491.485,801.414,213.034,750.150,185.439,564.510
526.269,954.053,491.564,801.494,212.392,749.903,185.358,564.408
526.115,953.994,491.777,801.251,212.694,750.237,185.374,564.496
526.374,954.103,491.625,801.376,212.225,750.560,185.421,564.579
526.401,954.060,491.659,801.273,211.088,750.388,185.311,564.506
525.937,953.556,491.375,801.694,211.518,750.210,185.498,564.634
525.883,953.901,491.512,801.564,212.518,750.242,185.369,564.588
525.570,953.555,491.465,801.708,212.705,750.409,185.375,564.560
526.125,953.966,491.717,801.470,212.188,750.193,185.378,564.506
526.028,953.967,491.386,801.478,212.730,750.859,185.390,564.626
526.106,954.134,491.845,801.136,213.548,750.812,185.371,564.630
525.709,953.643,491.626,801.603,213.018,750.710,185.453,564.858
526.210,954.130,491.664,801.354,212.664,749.693,185.489,564.587
526.194,954.026,491.798,801.230,212.892,749.011,185.540,564.845
526.372,954.253,491.611,801.285,214.388,749.841,185.557,564.761
525.890,954.117,491.864,801.156,213.745,746.897,185.438,564.618
526.437,954.095,491.652,801.265,214.642,746.060,185.421,564.677
526.388,954.258,491.575,801.332,215.628,743.557,185.491,564.784
526.331,953.926,491.384,801.537,216.259,743.405,185.502,564.819
526.144,954.164,491.568,801.295,218.832,750.227,185.442,564.635
525.947,953.880,491.479,801.368,218.568,749.664,185.433,564.518
526.038,954.109,491.578,801.491,217.136,745.194,185.341,564.373
525.879,954.033,491.802,801.399,218.419,747.824,185.391,564.481
525.814,953.804,491.337,801.741,216.924,746.628,185.424,564.508
525.978,953.835,491.533,801.471,215.955,746.228,185.492,564.597
526.038,953.840,491.613,801.464,216.002,745.994,185.453,564.539
525.891,953.919,491.797,801.495,216.318,744.597,185.453,564.511
526.081,953.881,491.101,801.868,216.445,743.538,185.411,564.300
525.888,953.695,491.401,801.321,216.263,743.863,185.443,564.307
526.265,953.924,491.601,801.246,216.271,743.035,185.334,564.285
526.307,954.191,491.269,801.517,216.908,742.566,185.518,564.486
526.304,954.520,491.564,801.359,217.291,742.127,185.430,564.472
526.318,954.114,491.637,801.461,216.878,742.130,185.395,564.210
526.251,954.129,491.484,801.513,216.050,742.041,185.493,564.363
526.347,954.228,491.433,801.708,215.772,741.193,185.292,564.137
526.578,954.372,491.172,801.797,216.201,745.582,185.253,564.118
526.565,954.388,491.297,801.598,215.520,745.615,185.371,564.233
526.508,954.336,491.190,801.666,215.585,744.091,185.324,564.122
526.184,954.106,491.224,801.874,216.160,745.046,185.396,564.404
526.211,954.000,491.333,801.695,216.001,745.477,185.397,564.513
526.016,954.083,491.541,801.474,216.145,745.365,185.386,564.320
526.135,954.180,491.466,801.533,215.683,744.245,185.387,564.242
526.139,954.162,491.412,801.602,215.364,742.297,185.279,564.298
526.231,954.152,491.415,801.538,214.638,742.529,185.360,564.391
526.392,954.127,491.284,801.643,214.665,742.578,185.163,564.141
526.325,954.077,491.514,801.606,213.943,742.241,185.342,564.013
526.287,954.037,491.436,801.629,214.162,742.360,185.317,563.962
526.246,954.338,491.678,801.554,214.401,741.031,185.418,564.051
526.380,954.299,491.290,802.076,214.407,741.031,185.348,563.932
525.965,954.053,491.664,801.566,213.890,740.924,185.515,564.437
526.372,954.258,491.773,801.367,213.971,740.968,185.419,564.248
525.841,953.614,491.859,801.425,213.666,741.106,185.563,564.182
525.731,953.630,491.948,801.311,214.437,741.191,185.571,564.327
526.298,954.018,491.705,801.230,213.975,740.918,185.612,563.483
525.851,953.531,491.599,801.469,213.923,740.859,185.853,563.211
526.272,953.998,491.463,801.767,213.913,740.750,185.625,563.048
526.120,953.755,491.383,801.501,214.261,740.693,184.560,561.911
526.035,953.780,491.261,801.775,213.953,740.208,184.366,562.375
526.205,954.111,491.527,801.473,213.687,740.102,184.497,563.155
526.037,953.778,491.452,801.611,213.944,740.127,184.570,563.155
526.126,953.954,491.293,801.679,214.184,740.471,184.490,563.384
526.512,954.377,491.621,801.424,213.754,740.026,184.322,563.106
525.928,953.846,491.779,801.167,214.092,740.263,183.058,561.066
526.327,954.160,491.644,801.310,214.376,740.194,183.136,560.602
526.296,954.184,491.844,801.216,214.433,739.853,184.290,562.285
526.327,954.235,491.863,801.199,214.749,741.036,185.185,563.088
526.775,954.232,491.903,801.365,214.466,741.096,186.045,565.123
526.469,954.336,491.622,801.443,214.429,740.867,186.017,565.012
526.254,953.957,491.801,801.407,214.547,740.817,185.997,564.453
526.197,954.040,491.369,801.692,214.721,740.267,185.919,564.019
526.269,954.056,491.698,801.481,213.979,740.547,185.620,563.386
526.067,953.920,491.753,801.274,214.381,740.574,184.480,562.575
526.136,953.911,491.687,801.204,214.380,740.068,184.119,563.183
525.854,953.460,491.746,801.433,214.523,739.946,183.877,563.715
526.053,953.898,491.706,801.367,214.546,740.321,183.823,564.175
525.994,953.553,491.376,801.769,214.607,739.818,182.840,562.631
526.324,953.784,491.342,801.778,214.458,739.949,182.357,562.034
526.321,953.899,491.513,801.469,214.239,740.081,182.775,562.163
526.282,953.949,491.433,801.585,214.279,739.850,184.005,563.999
525.999,953.737,491.408,801.544,214.003,740.223,185.667,565.780
526.072,953.723,491.403,801.678,214.053,739.800,186.151,565.402
526.242,953.925,491.644,801.526,214.463,739.992,186.150,565.400
526.215,953.907,491.434,801.699,213.838,740.553,186.294,565.184
525.978,953.802,491.659,801.639,213.976,740.765,186.670,565.747
526.439,954.110,491.317,801.888,213.938,740.031,186.432,565.134
526.408,954.075,491.491,801.771,214.133,740.107,186.159,565.269
526.385,954.065,491.178,801.991,214.057,740.347,184.710,564.209
526.312,953.944,491.637,801.697,214.302,739.496,184.500,563.768
526.395,954.021,491.936,801.417,214.479,739.456,184.192,563.927
526.118,953.796,492.057,801.433,214.175,739.749,184.239,563.702
526.251,953.843,492.085,801.566,214.360,739.429,184.221,563.993
526.195,953.932,491.606,801.985,214.178,739.668,184.489,563.869
526.240,954.102,491.329,802.617,213.689,739.627,185.576,565.376
526.099,954.003,491.488,802.523,213.655,738.725,184.854,563.678
526.066,954.008,491.764,802.293,213.948,739.560,185.708,565.408
526.135,954.089,492.047,802.073,214.033,740.778,185.841,565.280
526.142,953.961,492.147,801.908,213.823,740.342,185.985,565.256
525.981,953.911,492.083,801.805,213.708,740.327,185.704,564.183
525.835,954.054,491.798,802.328,213.257,739.234,185.873,564.769
526.258,954.283,492.067,801.896,214.042,739.464,185.967,564.909
526.187,954.103,492.099,801.587,213.881,739.677,186.059,565.043
526.366,954.141,491.663,801.961,214.131,740.041,186.254,565.139
526.399,954.171,491.572,802.073,214.026,739.631,186.223,565.371
526.506,954.366,491.691,802.035,213.667,739.494,186.011,564.774
526.729,954.318,491.761,802.010,213.649,740.167,186.070,565.504
526.569,954.174,491.570,802.263,213.013,738.969,186.049,565.344
526.714,954.280,491.421,802.115,213.546,738.891,186.018,565.356
526.353,953.834,492.102,801.699,213.431,739.877,186.160,565.251
526.520,954.140,492.086,801.655,213.239,739.341,186.047,565.348
526.350,954.063,492.263,801.456,213.282,738.472,186.194,565.468
526.210,954.270,492.230,801.400,213.551,739.393,186.095,565.141
526.346,954.156,491.946,801.721,213.807,739.252,186.164,565.177
526.222,953.807,491.951,801.628,213.912,739.451,186.276,565.394
526.281,953.860,491.939,801.775,213.668,739.272,186.293,565.403
526.216,954.047,491.649,801.707,213.615,739.057,186.184,565.204
526.493,954.170,491.661,801.790,213.747,739.182,186.107,564.973
526.301,953.934,491.508,801.159,213.449,739.378,186.191,565.342
526.060,954.035,491.784,801.655,213.452,739.173,186.252,565.206
526.030,953.708,491.876,801.603,213.580,739.312,186.145,565.086
526.506,954.202,492.020,801.391,213.610,739.252,186.180,565.081
526.408,954.247,491.895,801.675,213.645,739.365,186.128,565.259
526.260,954.103,491.948,801.506,213.928,739.224,186.108,565.530
526.015,954.002,492.200,801.044,213.371,739.254,186.043,565.500
526.328,954.187,491.899,801.621,213.894,739.114,186.156,565.501
526.394,954.173,491.962,801.468,213.772,738.889,186.169,565.271
526.360,954.243,492.037,801.611,213.504,738.969,186.271,564.998
526.393,954.599,491.998,801.652,213.288,739.408,186.298,565.016
526.531,954.017,492.005,801.554,212.884,738.837,186.240,565.079
526.567,953.997,491.971,801.570,213.437,739.241,186.230,564.906
526.427,954.028,491.929,801.709,213.338,739.095,186.221,565.254
526.340,954.012,491.877,801.656,212.946,738.797,186.110,564.903
526.003,953.689,491.723,801.761,213.500,739.032,185.992,565.126
526.000,953.752,491.742,801.803,213.422,739.145,186.015,565.187
526.107,953.984,492.142,801.415,212.932,738.651,186.091,565.215
526.075,953.768,491.897,801.658,213.262,738.826,186.136,565.265
526.369,954.128,491.785,801.851,212.482,738.961,186.261,565.330
526.101,953.754,491.806,801.804,212.527,738.800,186.206,565.270
525.914,953.784,491.778,801.780,212.931,739.004,186.257,565.313
526.337,953.996,491.894,801.591,212.373,738.261,186.372,565.495
526.410,954.066,491.331,802.113,212.562,739.166,186.185,565.240
526.391,954.130,491.427,802.145,213.060,739.303,186.374,565.396
526.462,954.041,491.920,801.663,213.577,738.674,186.184,565.119
526.052,953.801,491.813,801.735,213.116,738.958,186.336,565.482
525.975,953.835,491.421,802.130,212.655,738.805,186.152,565.472
526.215,954.131,491.804,801.698,212.598,738.646,186.327,565.383
526.055,953.901,491.606,801.804,212.699,739.138,186.278,565.292
526.199,953.956,492.265,801.369,212.627,738.848,186.159,565.265
526.251,953.947,492.086,801.433,213.471,739.250,186.129,565.105
526.062,953.749,491.976,801.736,212.793,738.812,186.423,565.345
526.363,954.106,492.041,801.339,212.884,738.736,186.199,565.349
526.334,953.942,491.970,801.692,213.312,738.917,186.296,565.344
526.023,953.913,491.789,801.793,213.505,738.828,186.263,565.259
526.094,953.934,491.783,801.840,213.721,739.518,186.225,565.348
526.450,954.131,491.610,801.884,213.299,740.190,186.282,565.442
526.164,953.901,491.525,801.988,213.649,738.921,186.178,565.391
526.146,954.177,491.956,801.669,213.543,738.871,186.226,565.487
526.326,954.109,491.848,801.729,213.387,739.973,186.329,565.465
526.198,953.860,491.677,801.816,213.130,738.692,186.149,565.283
526.227,953.843,491.845,801.682,213.657,738.487,186.164,565.300
525.731,953.347,492.213,801.443,213.202,739.302,186.190,565.418
525.822,953.321,491.881,801.702,212.990,739.529,186.189,565.496
526.280,953.911,492.092,801.723,213.067,738.037,186.278,565.470
526.616,954.104,491.749,801.623,213.427,738.323,186.369,565.580
526.392,954.100,491.905,801.467,213.305,739.102,186.285,565.477
526.237,953.911,491.776,801.573,213.613,739.956,186.232,565.397
526.209,953.904,491.434,801.944,212.808,738.564,186.297,565.371
526.344,953.741,491.944,801.613,213.539,739.743,186.234,565.429
526.200,953.629,491.827,801.536,213.805,740.208,186.252,565.460
526.038,953.386,491.775,801.738,213.708,739.794,186.334,565.234
526.291,953.735,491.901,801.660,213.703,739.727,186.317,565.135
526.329,953.798,491.719,801.611,213.659,739.355,186.403,565.664
526.194,953.778,491.580,801.744,213.495,739.320,186.368,565.534
526.423,954.228,491.682,801.783,213.886,739.911,186.235,565.506
526.323,953.698,491.690,801.533,213.763,739.841,186.414,565.623
526.165,953.468,491.957,801.630,213.651,740.042,186.320,565.426
526.627,953.704,492.023,801.383,213.491,739.719,186.192,565.312
526.596,953.956,491.840,801.611,213.418,739.796,186.201,565.480
526.177,953.780,491.769,801.823,213.289,739.525,186.263,565.168
526.412,954.160,492.038,801.537,213.333,739.613,186.353,565.375
526.509,953.911,491.946,801.491,212.416,739.658,186.299,565.224
526.102,953.632,491.800,801.613,212.867,740.714,186.321,565.365
526.074,953.829,492.069,801.460,212.710,740.559,186.271,565.411
526.612,954.135,492.042,801.487,212.825,740.777,186.194,565.322
526.203,953.883,492.028,801.323,212.725,740.475,186.335,565.479
526.558,954.013,491.879,801.565,213.125,739.955,186.275,565.427
526.145,953.884,491.944,801.567,212.867,738.998,186.413,565.326
526.144,953.693,491.828,801.651,212.919,738.867,186.304,565.292
526.259,953.923,491.699,801.716,213.418,738.705,186.392,565.275
526.242,954.203,491.312,802.004,212.032,737.986,186.381,565.468
526.346,954.463,491.657,801.714,212.176,738.211,186.300,565.341
526.363,954.195,491.741,801.914,213.269,738.530,186.255,565.318
526.169,953.951,491.772,801.813,212.441,738.409,186.299,565.278
526.540,954.119,492.098,801.615,212.059,737.835,186.381,565.183
526.443,954.002,491.979,801.615,213.469,738.789,186.339,565.448
525.939,953.524,491.491,801.980,211.985,737.587,186.285,565.324
526.352,953.967,491.679,801.694,211.720,738.225,186.364,565.304
526.167,953.762,492.100,801.405,212.378,737.392,186.324,565.229
526.245,953.816,492.022,801.470,211.870,737.024,186.277,565.110
525.961,953.524,491.983,801.493,212.462,737.350,186.291,565.300
526.147,953.985,492.142,801.472,211.385,737.687,186.330,565.532
526.324,954.152,491.857,801.411,211.075,738.737,186.556,565.613
526.441,954.025,491.980,801.441,212.149,737.638,186.300,565.228
526.210,953.880,491.797,801.715,212.632,737.170,186.470,565.575
526.229,954.019,492.229,801.323,212.807,738.020,186.422,565.450
526.247,953.958,492.121,801.215,212.387,738.178,186.374,565.404
526.274,954.021,491.404,801.917,211.681,737.369,186.363,565.804
526.031,953.778,491.632,801.962,211.853,737.484,186.450,565.717
525.958,953.763,492.003,801.382,212.589,737.742,186.146,564.555
526.551,954.240,492.144,801.370,212.855,737.663,186.206,564.783
526.506,954.104,491.703,801.789,212.476,736.945,186.225,565.372
526.584,954.097,491.739,801.724,212.312,737.417,186.091,564.607
526.006,953.767,491.522,801.887,213.425,737.864,186.192,565.133
526.120,953.726,491.934,801.714,212.911,737.603,186.301,565.234
526.201,953.847,491.639,801.599,212.454,737.441,186.268,564.957
525.936,953.620,491.672,801.774,212.201,737.248,186.296,564.571
526.099,953.906,491.665,801.779,212.145,736.983,186.360,564.812
526.538,954.127,491.669,801.845,212.111,737.395,186.329,565.055
526.540,954.111,491.737,801.708,212.050,737.316,186.416,565.223
526.252,953.898,491.309,802.042,211.756,737.050,186.394,565.379
526.129,953.900,491.517,801.788,211.641,736.917,186.343,565.349
526.129,953.824,491.753,801.903,211.605,737.144,186.248,565.199
526.055,953.775,491.624,802.021,212.021,737.571,186.379,565.173
526.177,953.660,491.558,801.950,212.073,737.605,186.368,565.407
526.237,953.644,491.620,801.807,211.914,737.402,186.318,565.165
526.851,954.307,491.699,801.755,211.747,737.454,186.354,565.408
526.639,954.138,491.637,801.968,212.485,738.020,186.268,565.251
526.498,954.191,491.329,801.992,212.515,737.513,186.307,565.396
525.861,953.755,491.880,801.532,212.763,737.552,186.420,565.364
525.862,953.604,492.018,801.468,212.537,737.419,186.306,565.135
526.106,953.821,491.921,801.671,212.894,737.662,186.193,564.994
526.006,953.773,491.958,801.578,212.432,737.340,186.290,565.085
525.907,953.707,491.990,801.745,212.316,737.451,186.247,565.092
525.807,953.898,491.914,801.620,212.226,737.548,186.211,565.277
526.556,954.182,491.827,801.856,212.139,738.320,186.274,565.237
526.417,954.054,491.516,802.005,211.386,737.546,186.285,565.124
525.887,953.491,491.836,801.983,210.802,737.475,186.367,565.294
526.234,954.050,491.642,802.160,211.226,737.917,186.345,565.463
526.165,953.825,492.143,801.437,211.302,737.364,186.338,565.494
526.120,953.749,491.984,801.629,211.545,737.594,186.483,565.678
526.476,954.158,491.986,801.515,212.482,738.239,186.349,565.306
526.269,954.117,491.759,801.806,213.022,737.956,186.420,565.595
526.282,954.164,492.093,801.368,214.278,737.058,186.400,565.476
526.201,953.776,491.856,801.479,215.195,737.149,186.327,565.342
526.348,954.015,492.102,801.396,214.785,737.160,186.217,565.307
526.322,954.043,491.612,801.657,215.033,737.182,186.393,565.544
526.264,954.007,491.843,801.538,214.582,736.736,186.260,565.442
526.135,954.044,491.938,801.463,214.359,735.793,186.292,565.476
526.154,953.746,491.676,801.800,215.141,735.518,186.297,565.562
526.247,953.877,492.226,801.263,215.218,734.071,186.239,565.120
525.944,953.450,492.059,801.468,214.435,731.707,186.319,565.288
526.419,953.904,491.948,801.510,214.600,731.392,186.390,565.465
526.264,953.718,491.743,801.786,214.853,730.979,186.315,565.590
526.110,953.735,491.435,801.878,214.996,731.162,186.371,565.479
526.399,954.081,491.980,801.709,215.445,729.206,186.390,565.573
526.228,953.883,491.942,801.739,215.486,730.362,186.327,565.379
526.484,954.022,491.749,801.945,214.866,728.701,186.194,565.336
526.141,953.691,491.985,801.612,214.818,727.827,186.234,565.460
526.332,953.855,491.811,801.707,216.828,731.113,186.219,565.352
526.227,953.777,491.911,801.641,214.911,727.732,186.349,565.024
526.403,953.906,491.515,801.791,215.358,727.831,186.438,565.346
526.106,953.510,491.690,801.953,215.704,729.057,186.501,565.499
526.363,953.962,491.438,802.043,215.137,727.358,186.391,565.348
526.419,954.007,492.037,801.546,215.184,727.613,186.371,565.360
526.326,953.901,492.035,801.595,215.392,727.755,186.517,565.616
526.058,953.793,492.102,801.455,215.415,727.449,186.393,565.404
526.302,954.071,491.811,801.469,215.545,728.762,186.380,565.240
526.482,953.795,491.965,801.333,215.433,727.758,186.371,565.252
526.029,953.381,491.769,801.602,215.498,727.395,186.399,565.286
526.393,953.824,491.816,801.649,215.039,727.349,186.463,565.427
526.290,953.789,491.487,801.871,215.284,727.503,186.511,565.434
526.369,953.896,492.039,801.397,215.431,727.369,186.467,565.140
526.234,953.787,492.167,801.220,215.636,727.498,186.471,565.345
526.172,953.791,491.994,801.634,215.472,727.426,186.490,565.103
526.412,954.005,491.983,801.399,215.913,728.764,186.512,565.146
526.487,954.187,492.196,801.478,215.534,727.611,186.302,565.085
526.468,954.184,492.224,801.426,215.362,727.504,186.384,565.187
526.450,954.427,491.970,801.393,215.603,727.696,186.303,565.225
526.781,954.322,491.936,801.506,215.807,727.410,186.331,565.086
526.302,954.052,491.439,801.926,215.993,727.703,186.348,565.361
526.121,954.103,491.847,801.932,215.631,727.583,186.234,565.296
525.927,953.873,492.019,801.560,215.592,727.507,186.297,565.403
526.335,954.194,491.705,801.840,215.520,727.446,186.242,565.233
526.283,954.320,491.690,801.674,215.707,727.500,186.331,565.266
526.332,953.986,492.048,801.424,215.396,727.167,186.412,565.403
526.373,954.121,491.989,801.423,215.411,727.250,186.398,565.374
526.287,954.098,491.709,801.906,217.249,730.729,186.346,565.062
526.327,954.137,491.906,801.632,215.671,728.121,186.457,565.444
526.303,953.950,491.823,801.946,215.443,727.498,186.323,565.378
526.216,953.965,492.110,801.664,215.496,727.510,186.427,565.389
526.325,953.862,491.995,801.507,215.489,727.435,186.426,565.155
526.499,953.961,491.822,801.646,215.494,727.514,186.449,565.231
526.379,954.091,491.893,801.637,215.576,727.566,186.340,565.291
526.672,954.313,492.266,801.424,215.470,727.358,186.298,565.238
526.641,954.262,492.086,801.435,215.840,727.766,186.502,565.462
526.279,953.983,491.956,801.568,215.874,727.609,186.357,565.263
525.878,953.719,491.859,801.599,215.778,727.475,186.360,564.927
525.987,953.618,491.741,801.714,215.825,727.570,186.429,565.357
526.169,953.917,491.924,801.728,215.823,727.551,186.418,565.301
526.348,953.981,491.830,801.787,215.665,727.152,186.274,564.962
526.293,954.012,491.614,801.855,215.822,727.451,186.421,565.161
526.287,954.134,491.731,801.640,215.691,727.415,186.319,565.111
526.502,954.354,491.629,801.672,215.645,727.477,186.398,565.253
526.550,953.960,492.108,801.439,215.716,727.499,186.271,564.911
526.148,953.667,492.130,801.396,215.800,727.502,186.391,565.155
525.967,953.621,491.946,801.463,216.132,727.587,186.332,565.029
526.101,953.703,492.009,801.612,215.923,727.620,186.176,565.381
526.330,953.915,491.746,801.603,215.885,727.573,186.179,565.288
526.251,953.984,491.932,801.564,215.597,727.272,186.402,565.243
526.194,953.993,492.043,801.500,215.751,727.281,186.391,565.365
526.232,953.930,491.868,801.669,215.572,727.365,186.250,565.098
526.334,953.966,491.670,801.728,215.523,727.370,186.220,565.318
525.989,953.708,491.832,801.444,215.356,726.914,186.343,565.064
526.143,953.892,491.528,801.639,215.534,727.171,186.419,565.053
526.266,953.885,491.614,801.924,215.721,727.368,186.498,565.364
526.239,953.938,492.063,801.509,215.706,727.439,186.387,565.124
526.239,954.052,491.782,801.528,215.676,727.470,186.362,565.346
526.470,954.287,491.924,801.529,215.730,727.408,186.360,565.464
526.214,954.050,491.663,801.657,215.483,727.143,186.304,565.520
526.149,953.884,491.787,801.578,215.809,727.447,186.206,564.205
526.320,953.906,491.655,801.672,215.527,727.330,186.267,564.221
526.037,953.916,491.861,801.605,216.131,726.881,186.573,565.498
526.264,953.961,491.743,801.736,215.578,727.213,186.538,565.489
526.090,953.823,491.779,801.623,215.829,727.176,186.444,565.370
526.194,954.125,491.704,801.590,215.822,727.604,186.415,565.410
526.370,954.002,491.881,801.489,216.078,728.005,186.341,565.264
526.483,953.896,491.885,801.630,216.085,727.665,186.369,565.320
526.206,953.850,491.892,801.526,215.917,726.923,186.444,565.342
525.970,953.640,491.772,801.814,216.142,726.864,186.435,565.274
525.941,953.513,491.899,801.498,216.213,726.803,186.575,565.396
526.057,953.785,491.775,801.739,215.915,726.587,186.503,565.334
526.188,953.985,491.742,801.892,216.076,726.932,186.538,565.335
525.537,953.495,491.885,801.695,215.837,726.735,186.412,565.126
526.001,953.850,491.949,801.547,215.850,726.708,186.494,565.064
526.078,953.632,491.914,801.688,215.944,726.964,186.356,565.012
525.853,953.646,491.482,802.020,215.845,726.793,186.307,564.747
526.305,953.957,491.834,801.447,215.999,726.853,186.343,565.001
525.926,953.726,491.537,801.882,216.226,727.137,186.381,564.747
526.341,953.940,491.903,801.612,215.764,726.520,186.446,565.163
526.415,954.155,491.529,801.827,216.153,726.844,186.500,565.163
525.923,953.642,491.613,801.813,216.375,726.899,186.387,565.029
525.943,953.698,491.604,801.859,216.096,726.826,186.397,565.011
525.764,953.456,491.990,801.537,215.840,726.686,186.174,564.114
526.078,953.989,491.886,801.688,215.993,726.713,186.443,565.221
526.202,954.015,491.931,801.675,215.905,727.076,186.154,563.906
526.098,953.759,491.681,801.846,215.976,727.217,186.374,565.000
526.245,953.693,491.652,801.804,215.781,727.150,186.378,565.069
526.257,953.807,491.796,801.651,215.660,726.465,186.317,564.460
526.388,954.119,491.851,801.754,216.223,726.937,186.325,564.377
526.097,953.755,492.285,801.353,216.108,727.238,186.118,563.915
526.173,953.861,491.894,801.454,215.212,726.275,186.105,563.819
526.140,953.721,491.832,801.682,215.215,726.729,186.179,564.094
526.328,953.840,491.968,801.641,215.567,726.655,186.148,563.694
526.291,953.916,491.659,801.684,215.561,726.564,186.306,564.515
526.327,953.862,491.852,801.839,215.276,726.330,186.188,563.943
526.416,953.910,491.864,801.591,215.798,726.726,186.366,565.181
526.227,953.699,491.921,801.269,215.898,727.398,186.519,565.181
526.141,953.791,491.689,801.547,216.021,727.138,186.630,565.253
526.292,953.979,491.868,801.535,215.860,727.137,186.485,564.847
525.749,953.485,491.435,801.979,215.981,727.162,186.483,565.031
525.754,953.969,491.786,801.472,216.110,726.328,186.542,565.119
526.182,954.131,491.842,801.671,215.880,726.605,186.560,565.095
526.161,954.096,491.333,801.987,215.941,726.880,186.555,565.235
526.368,954.292,491.554,801.700,216.162,726.863,186.537,565.096
526.462,954.299,491.792,801.636,216.180,726.840,186.307,564.749
526.539,954.589,492.033,801.328,216.129,726.957,186.368,564.938
526.350,954.275,491.575,801.714,216.210,726.772,186.314,564.886
526.452,954.216,491.533,801.870,216.251,726.876,186.399,564.864
526.126,953.708,491.917,801.524,216.229,726.898,186.481,564.867
526.217,953.953,491.786,801.603,216.076,726.901,186.450,564.965
526.161,953.970,491.711,801.858,216.053,726.939,186.441,564.819
526.454,954.148,491.825,801.747,215.961,726.738,186.462,564.985
526.444,954.106,492.026,801.432,215.952,726.835,186.534,565.018
526.311,954.036,491.948,801.687,216.114,727.011,186.477,564.824
526.280,953.982,492.185,801.242,216.129,726.813,186.515,565.027
526.431,953.950,491.581,802.077,215.887,726.858,186.445,564.983
526.303,953.926,491.584,801.855,215.835,726.787,186.442,564.883
526.452,954.176,491.854,801.674,216.055,727.087,186.487,565.122
526.222,953.873,492.157,801.351,216.161,727.076,186.433,565.056
526.437,954.116,491.943,801.267,216.018,726.269,186.480,564.963
526.455,954.201,491.869,801.597,216.180,726.767,186.443,565.088
526.197,953.951,492.143,801.261,215.993,726.706,186.488,565.055
526.101,953.761,491.546,801.824,216.057,726.622,186.543,565.146
526.356,953.806,491.951,801.614,216.349,726.957,186.473,564.709
526.200,953.809,491.927,801.618,216.127,726.959,186.312,564.990
526.483,953.922,491.939,801.575,216.129,727.088,186.342,564.966
526.258,953.848,491.833,801.762,216.121,726.688,186.513,564.952
526.031,953.715,491.606,802.012,216.106,726.914,186.544,564.952
526.423,953.871,491.449,801.909,216.027,726.611,186.359,564.661
526.444,954.115,491.843,801.701,216.510,726.825,186.392,564.952
526.600,954.189,491.590,801.768,215.935,726.556,186.294,565.107
526.559,954.121,491.725,801.635,216.032,726.666,186.444,565.133
526.446,954.142,491.793,801.748,216.033,726.469,186.389,565.101
526.445,954.085,492.050,801.519,214.895,726.446,186.329,565.120
526.613,954.126,492.073,801.526,212.936,727.062,186.372,564.934
526.297,953.693,491.872,801.545,214.711,730.459,186.512,564.617
526.464,954.027,491.952,801.683,214.772,731.007,186.479,565.219
526.254,953.868,492.012,801.555,213.416,728.638,186.419,565.045
526.390,953.932,492.115,801.566,214.408,731.109,186.425,564.882
526.157,953.971,491.625,801.823,214.672,730.839,186.348,564.876
526.236,954.110,491.855,801.581,215.059,730.661,186.313,565.196
526.400,954.224,491.841,801.732,213.561,728.979,186.307,564.500
526.314,954.250,491.808,801.760,214.572,730.218,186.491,564.690
526.358,953.931,491.348,801.869,214.506,729.896,186.462,564.741
526.314,953.994,491.800,801.929,214.643,729.510,186.343,564.806
526.436,953.962,491.780,801.956,213.514,728.047,186.387,564.887
526.681,954.257,491.901,801.507,213.355,727.644,186.320,565.309
526.638,954.081,491.904,801.399,214.562,729.423,186.430,565.026
526.370,953.791,491.621,801.802,214.639,729.652,186.499,565.167
526.460,953.952,492.079,801.326,214.715,729.503,186.639,565.057
526.255,953.906,491.767,801.536,214.830,729.575,186.680,565.079
526.201,953.854,491.829,801.608,213.236,726.863,186.588,564.991
526.667,954.199,491.538,802.002,213.471,726.756,186.613,565.153
526.276,953.847,491.794,801.597,215.167,729.364,186.562,565.002
526.141,953.847,491.758,801.745,214.856,729.291,186.389,564.605
526.020,953.607,492.034,801.462,214.606,728.974,186.384,565.067
526.278,953.823,491.660,801.771,213.440,726.288,186.572,565.088
526.450,954.027,491.813,801.531,214.678,728.841,186.544,565.154
526.163,954.011,491.984,801.597,213.565,726.822,186.586,564.648
526.427,954.008,491.670,801.871,213.447,726.756,186.624,564.728
526.086,953.965,491.687,801.683,213.572,726.507,186.525,564.730
526.129,953.976,491.769,801.626,213.729,726.577,186.491,564.584
525.827,953.608,491.873,801.496,213.827,726.694,186.608,564.801
525.786,953.565,491.947,801.359,213.767,726.900,186.466,564.948
525.836,953.543,491.958,801.423,214.016,727.331,186.450,564.844
526.514,953.925,491.891,801.709,213.883,726.763,186.440,564.674
526.429,953.936,491.926,801.659,213.696,726.327,186.492,564.765
526.290,953.920,491.387,802.052,214.020,726.412,186.471,564.914
526.135,953.801,491.650,801.866,213.274,725.297,186.566,564.993
526.373,954.312,491.757,801.593,213.287,725.141,186.350,564.763
526.420,954.236,491.805,801.683,213.690,725.753,186.418,564.900
526.280,953.905,492.044,801.501,213.924,726.442,186.453,564.716
526.265,953.835,492.046,801.517,213.806,727.512,186.385,564.945
526.140,953.894,492.005,801.404,213.609,728.051,186.622,565.103
526.360,954.055,492.058,801.557,213.815,726.800,186.473,565.256
526.111,953.697,492.057,801.510,213.880,728.158,186.529,565.173
526.263,953.853,492.167,801.456,214.484,727.589,186.446,565.118
526.601,954.122,492.289,801.286,214.545,727.281,186.557,565.157
526.543,954.092,491.813,801.711,213.929,726.772,186.436,565.078
526.404,953.988,492.137,801.268,214.040,726.820,186.395,565.135
526.373,954.048,491.708,801.735,213.960,726.863,186.428,565.089
526.401,954.103,491.956,801.453,214.022,726.936,186.409,564.944
526.270,953.854,491.977,801.646,213.935,726.718,186.321,565.033
526.398,954.012,492.112,801.280,214.077,726.989,186.410,565.040
526.243,953.956,491.934,801.737,214.284,726.967,186.547,564.770
526.546,954.505,491.598,801.899,214.058,726.833,186.553,564.759
526.357,954.408,491.647,801.604,214.145,726.809,186.438,565.233
526.553,954.105,491.682,801.799,214.209,726.913,186.416,565.180
526.563,954.035,491.638,801.696,214.212,727.197,186.556,564.981
526.486,954.054,491.823,801.796,214.184,726.168,186.513,565.115
526.442,954.045,491.907,801.614,212.546,724.607,186.602,565.080
526.227,953.718,491.655,801.775,213.299,725.034,186.557,564.853
526.599,954.302,491.585,801.890,213.858,726.723,186.554,564.986
526.230,953.948,491.950,801.651,212.923,725.370,186.389,564.836
526.596,954.242,491.769,801.770,213.506,725.568,186.539,564.865
526.147,954.014,492.093,801.522,213.946,726.582,186.460,564.714
526.048,953.891,492.091,801.565,214.066,726.655,186.434,564.867
526.234,954.394,491.648,801.754,213.961,725.976,186.428,565.198
526.153,954.193,491.809,801.728,214.092,726.338,186.542,564.987
526.245,954.451,491.896,801.762,213.963,725.748,186.501,565.387
526.261,954.629,492.265,801.176,214.084,725.524,186.442,565.241
526.080,954.579,492.105,801.355,214.044,725.636,186.479,565.179
525.948,954.811,491.914,801.437,214.039,725.372,186.345,564.812
526.265,954.912,491.851,801.493,214.014,725.243,186.305,564.848
526.254,954.691,491.703,801.604,214.300,725.586,186.382,564.824
526.329,954.783,491.681,801.599,214.250,725.499,186.344,564.921
526.414,954.741,491.917,801.490,214.280,725.525,186.289,564.784
526.446,954.791,491.592,801.920,214.001,725.336,186.459,564.878
525.982,954.781,491.323,801.919,214.237,725.561,186.497,564.804
526.109,954.508,491.675,801.556,214.267,725.582,186.474,564.778
526.112,954.439,491.823,801.518,214.315,725.451,186.506,564.861
526.109,954.467,491.790,801.540,214.223,725.261,186.429,564.930
525.809,953.994,492.072,801.245,214.338,725.066,186.488,564.861
526.075,954.430,491.983,801.518,214.293,725.121,186.446,564.948
526.194,954.596,491.963,801.565,214.287,725.208,186.598,564.964
526.106,954.546,492.289,801.510,214.262,725.361,186.487,564.702
526.204,954.665,492.280,801.505,214.261,725.453,186.488,564.832
526.299,954.574,491.898,802.014,214.301,725.406,186.608,565.025
526.323,954.682,492.063,801.685,214.276,725.439,186.591,565.011
525.850,954.164,492.118,801.510,214.102,725.108,186.614,565.026
526.251,954.569,492.130,801.653,214.376,725.179,186.528,565.008
526.008,954.463,491.875,801.688,214.512,725.486,186.537,564.789
526.084,954.259,491.667,801.896,214.286,725.588,186.487,564.858
526.031,954.448,492.004,801.611,214.145,725.177,186.622,564.969
525.901,954.185,491.877,801.687,214.387,725.453,186.581,564.941
526.098,954.570,492.225,801.523,214.651,725.630,186.653,565.056
525.995,954.555,491.907,801.558,214.790,725.780,186.565,564.617
525.968,954.459,492.208,801.393,214.740,725.941,186.757,564.604
526.033,954.458,492.105,801.536,214.741,725.167,186.665,564.906
526.032,954.390,491.900,801.390,214.492,725.410,186.690,564.967
526.051,954.411,492.102,801.317,214.743,725.534,186.584,564.373
526.016,954.084,492.179,801.226,214.464,725.311,186.577,564.707
525.856,954.114,492.076,801.377,214.453,725.642,186.660,564.562
525.925,954.344,491.939,801.649,214.333,726.154,186.638,564.798
525.930,954.366,492.108,801.478,214.461,726.012,186.580,564.694
526.019,954.350,492.182,801.610,214.259,725.623,186.573,564.716
525.962,954.310,491.476,802.003,214.060,725.362,186.560,565.133
525.938,954.268,491.704,801.887,213.964,725.334,186.586,565.090
526.051,954.453,491.915,801.558,214.228,725.564,186.549,565.077
525.959,954.278,491.996,801.528,214.329,725.476,186.711,565.060
526.246,954.179,491.682,801.693,214.343,724.943,186.816,564.833
525.954,954.312,492.172,801.450,214.471,725.561,186.796,565.202
526.046,954.202,492.251,801.385,214.466,725.807,186.640,564.792
526.120,954.306,491.582,801.742,214.537,725.883,186.649,564.868
526.341,954.478,491.965,801.451,214.536,725.813,186.625,564.866
526.376,954.591,491.598,802.047,214.214,726.202,186.842,564.975
526.111,954.409,491.656,801.662,214.364,726.054,186.826,564.998
526.247,954.486,491.965,801.620,214.492,725.805,186.751,565.161
526.130,954.458,491.648,802.038,214.793,725.938,186.744,565.083
525.941,954.197,492.107,801.414,214.390,726.042,186.513,564.791
525.940,954.209,491.933,801.750,214.319,726.513,186.565,564.977
526.221,954.439,492.088,801.500,214.480,726.302,186.598,564.909
526.028,954.301,492.089,801.516,214.262,726.031,186.739,564.970
526.293,954.564,491.439,801.741,213.795,725.794,186.751,564.723
525.853,954.272,491.850,801.704,214.377,726.201,186.679,564.688
526.061,954.364,491.836,801.570,214.399,726.176,186.759,564.680
526.332,954.555,491.766,801.708,213.849,726.548,186.777,565.006
526.014,954.359,491.668,801.775,214.603,726.090,186.700,564.770
525.970,954.304,491.479,801.921,213.971,725.371,186.676,564.900
525.988,954.405,491.696,802.082,213.096,725.664,186.720,564.808
525.953,954.163,491.942,801.628,214.050,725.504,186.688,564.742
526.061,954.242,491.918,801.557,213.498,725.536,186.817,564.613
526.155,954.177,492.119,801.514,213.283,725.383,186.830,564.955
526.292,954.222,491.912,801.492,213.985,726.093,186.838,565.009
526.177,954.431,492.248,801.437,214.048,725.797,186.546,564.826
525.837,953.915,491.987,801.679,213.634,727.380,186.567,564.812
526.083,954.301,491.864,801.886,213.009,726.092,186.649,564.946
525.976,954.355,491.934,801.741,213.693,726.114,186.707,564.773
526.216,954.514,491.684,801.984,214.037,726.184,186.750,564.753
526.324,954.428,491.864,802.060,213.472,727.044,186.568,564.916
526.413,954.678,491.649,802.200,213.983,726.551,186.582,564.749
526.369,954.605,491.963,801.713,213.487,725.821,186.718,564.999
526.149,954.328,491.966,801.778,213.301,725.766,186.698,564.919
526.063,954.266,491.642,801.930,212.784,726.409,186.513,564.892
526.072,954.228,491.603,801.908,213.187,726.450,186.520,564.807
526.188,954.455,491.765,802.104,212.869,726.086,186.540,565.089
526.307,954.522,491.606,802.178,212.813,726.228,186.562,565.020
525.847,954.148,491.885,801.764,212.849,725.389,186.595,564.857
526.203,954.550,491.731,802.029,212.185,725.555,186.557,564.783
526.301,954.297,491.598,801.974,212.087,727.951,186.690,564.754
526.486,954.733,491.850,801.976,212.497,727.635,186.511,564.623
526.308,954.617,491.888,801.722,213.038,727.962,186.576,564.804
526.437,954.538,491.842,801.829,212.268,725.844,186.536,564.766
526.156,954.367,491.909,801.855,212.367,725.561,186.505,564.758
526.310,954.656,491.678,801.902,213.026,727.867,186.682,565.006
526.322,954.596,491.693,801.921,212.840,726.082,186.570,564.894
526.054,954.387,491.709,802.075,213.241,727.162,186.540,564.467
525.971,954.246,491.563,802.001,212.948,727.415,186.497,564.517
526.391,954.589,492.002,801.686,212.873,727.372,186.510,564.668
526.087,954.218,492.028,801.373,213.407,727.770,186.692,564.901
526.258,954.491,491.669,802.019,213.442,726.815,186.763,564.663
526.222,954.576,492.036,801.466,213.557,726.670,186.754,564.731
526.327,954.397,491.685,802.059,213.446,726.611,186.655,564.751
526.167,954.644,491.463,802.107,213.435,727.047,186.745,564.772
526.407,954.705,491.831,801.836,213.468,727.162,186.724,564.716
526.363,954.517,491.363,802.162,213.136,726.952,186.835,564.895
526.482,954.767,491.652,801.910,212.096,726.207,186.742,564.782
526.068,954.129,492.077,801.447,212.241,726.708,186.865,565.008
526.075,954.275,491.855,801.796,212.586,726.615,186.792,564.998
526.452,954.604,492.069,801.597,213.029,726.801,186.685,564.928
526.276,954.417,491.888,801.738,212.947,727.105,186.822,564.943
525.888,954.138,492.054,801.693,212.139,726.743,186.700,564.890
525.863,954.109,491.984,801.895,212.373,726.822,186.590,564.641
526.379,954.449,492.212,801.434,212.316,727.315,186.831,564.851
526.375,954.648,492.345,801.353,212.667,727.779,186.838,564.750
526.355,954.657,491.987,801.862,212.244,727.415,186.688,564.165
526.463,954.611,491.978,801.723,212.634,727.002,186.689,564.457
526.443,954.500,491.888,801.674,212.541,727.002,186.682,564.603
526.187,954.524,492.219,801.554,212.832,727.162,186.614,564.400
526.466,954.569,492.007,801.753,212.557,727.230,186.659,564.486
526.368,954.610,492.599,801.368,212.551,727.138,186.676,564.385
526.153,954.317,492.351,801.416,212.729,727.185,186.617,564.428
526.419,954.585,492.052,801.518,212.005,727.068,186.689,564.342
526.242,954.465,491.894,801.686,212.231,727.098,186.832,564.383
526.123,954.360,492.465,801.095,212.154,726.846,186.851,563.982
526.302,954.523,492.155,801.419,212.126,727.069,186.727,563.920
526.144,954.451,491.877,801.797,212.167,727.157,186.570,563.925
526.015,954.559,491.772,801.718,212.833,727.572,186.593,563.672
526.164,954.543,492.039,801.368,212.485,727.868,186.718,563.754
526.172,954.588,492.309,801.390,211.487,727.188,186.684,563.222
526.308,954.721,492.265,801.464,212.660,727.186,186.903,563.119
525.889,954.479,491.833,801.812,212.561,726.861,186.743,562.720
526.085,954.612,491.993,801.744,212.970,727.369,186.739,562.493
525.946,954.068,491.962,801.754,212.791,727.992,186.901,562.096
525.774,953.906,492.044,801.560,211.808,727.255,187.144,561.889
526.250,954.151,491.689,802.086,212.465,726.126,187.063,560.199
525.949,954.088,492.156,801.520,212.479,726.950,187.155,560.417
526.175,954.459,492.026,801.531,212.524,727.685,187.692,561.221
526.307,954.297,492.127,801.531,212.224,727.829,187.628,561.317
526.342,954.432,491.965,801.433,212.732,726.299,187.814,561.432
526.292,954.368,491.749,801.837,212.228,726.913,188.127,562.269
526.170,954.399,492.116,801.335,212.432,727.928,188.144,561.912
526.366,954.530,491.936,801.478,212.952,727.059,188.247,561.967
526.300,954.549,491.832,801.607,212.213,725.407,188.356,562.790
526.499,954.713,491.704,801.767,211.865,726.452,188.846,564.097
526.035,954.300,491.988,801.564,212.159,726.411,189.237,565.387
526.129,954.280,492.131,801.461,212.409,725.951,189.423,566.617
526.462,954.647,491.961,801.590,212.052,727.187,189.142,566.631
526.474,954.476,491.784,801.726,211.792,725.444,188.769,566.930
526.053,954.276,491.985,801.500,212.126,726.609,187.529,565.549
526.155,954.336,491.978,801.536,211.937,726.730,187.727,565.517
526.160,954.422,491.847,801.654,212.019,727.222,189.422,566.455
526.181,954.412,491.947,801.569,211.919,725.812,189.380,566.466
526.293,954.326,492.060,801.623,212.004,726.054,189.501,566.482
526.411,954.525,491.790,801.608,211.952,727.335,189.496,565.517
526.100,954.390,491.564,802.121,211.660,725.602,189.719,565.303
526.236,954.428,491.621,801.804,211.497,725.567,189.740,565.394
526.425,954.436,491.815,801.551,212.270,727.274,189.990,565.137
526.423,954.319,491.694,801.908,211.420,725.285,190.026,565.683
526.479,954.506,491.567,801.984,211.922,725.874,189.536,565.460
526.381,954.522,491.550,802.133,211.029,725.447,188.570,564.372
526.208,954.449,491.883,801.833,211.607,725.756,189.523,566.556
526.224,954.293,491.656,801.882,211.477,727.367,189.640,567.542
526.519,954.517,491.760,801.537,211.722,727.630,189.891,569.147
526.622,954.416,491.860,801.717,211.883,725.520,189.830,569.014
526.428,954.211,491.721,802.003,211.401,725.447,188.672,567.882
526.574,954.412,491.980,801.798,211.771,726.674,188.508,567.682
526.779,954.756,491.499,802.075,211.338,726.484,190.150,568.988
526.304,954.426,492.046,801.560,211.293,725.637,190.562,568.937
526.321,954.307,492.024,801.609,211.118,725.588,190.890,569.290
526.249,954.398,491.766,801.768,211.591,726.556,190.940,569.245
526.268,954.396,491.713,801.820,211.279,725.614,191.092,569.304
526.461,954.480,491.704,801.874,211.503,725.601,191.282,568.932
526.181,954.207,491.975,801.526,210.812,725.249,191.139,569.271
526.142,954.319,491.682,801.846,211.666,725.899,191.200,569.046
526.484,954.511,491.651,801.887,211.676,725.824,190.780,568.637
526.045,954.151,491.903,801.808,211.458,727.126,190.918,568.508
526.146,954.375,491.567,801.921,212.038,726.327,190.771,568.986
526.042,954.246,491.978,801.616,211.603,725.709,190.555,568.749
526.146,954.364,492.258,801.387,211.415,725.757,190.605,568.745
526.257,954.553,492.321,801.291,211.139,725.688,190.783,568.550
526.198,954.292,491.701,802.046,211.474,725.480,191.250,568.452
526.245,954.383,491.756,801.922,212.350,726.526,191.550,568.560
526.293,954.417,491.781,801.783,211.610,725.678,191.651,567.708
526.493,954.623,491.628,801.974,210.961,725.206,191.824,567.707
526.379,954.405,492.050,801.630,211.015,725.263,191.848,567.946
526.658,954.548,492.035,801.596,211.233,725.640,191.760,567.711
526.243,954.392,491.667,802.062,211.598,727.317,191.902,567.733
526.377,954.451,491.710,801.747,211.813,726.870,191.804,567.453
526.240,954.346,492.071,801.531,211.379,725.786,191.881,566.932
526.414,954.540,492.005,801.652,211.410,725.518,191.890,566.710
526.225,954.465,491.789,801.705,211.889,725.816,191.620,566.313
526.336,954.563,492.168,801.432,212.175,726.071,191.682,566.475
526.088,954.403,491.881,801.707,211.709,725.831,191.420,566.596
526.040,954.243,491.672,801.870,211.987,726.040,191.525,567.201
526.111,954.233,492.113,801.613,211.417,725.616,191.550,567.159
526.614,954.732,491.604,802.173,211.492,726.597,191.664,567.088
526.197,954.417,491.821,801.922,211.267,726.906,191.571,566.978
526.201,954.235,491.839,801.772,211.631,725.860,191.734,567.496
526.215,954.277,492.112,801.746,211.412,725.614,191.757,567.496
526.341,954.488,492.035,801.576,210.780,725.156,192.139,567.062
526.128,954.375,491.983,801.695,211.031,725.284,192.308,567.287
526.302,954.388,491.982,801.732,211.775,725.723,192.102,566.988
526.040,954.233,491.956,801.785,210.955,725.185,192.083,567.001
526.159,954.226,491.688,802.014,210.683,726.222,192.139,567.132
526.166,954.355,491.455,802.164,210.772,725.194,192.028,567.193
525.915,954.051,491.612,801.963,211.424,725.923,191.904,567.295
526.021,954.172,491.953,801.607,211.329,725.504,191.980,567.405
526.101,954.322,491.946,801.709,210.977,725.224,192.035,567.310
526.158,954.150,491.884,801.760,210.796,725.368,191.970,567.266
526.132,954.213,491.721,801.910,211.370,726.034,192.118,567.061
526.327,954.312,491.882,801.855,211.450,726.945,192.636,566.084
526.348,954.441,491.883,801.934,211.473,725.918,192.863,565.989
526.398,954.455,491.928,801.713,210.779,725.297,192.744,566.272
526.414,954.466,491.800,801.782,210.965,725.516,192.310,566.500
526.036,954.243,491.650,802.001,210.894,726.202,192.629,566.255
526.028,954.126,491.852,801.787,210.833,725.308,192.542,566.024
526.090,954.111,492.097,801.483,211.207,725.430,192.585,565.958
525.842,953.871,491.896,801.583,211.524,725.731,192.397,565.883
526.110,953.997,492.317,801.270,210.886,725.499,192.530,566.457
526.379,954.478,492.254,801.511,210.634,725.278,192.501,565.312
526.298,954.378,491.965,801.644,211.126,725.551,192.288,565.321
526.159,954.322,492.028,801.593,211.321,725.753,192.400,565.962
526.054,954.123,492.067,801.597,210.963,726.657,192.445,565.965
526.479,954.450,491.774,801.956,211.080,726.603,192.435,565.835
526.271,954.259,491.610,801.934,211.229,727.262,192.485,565.740
526.176,954.291,491.855,801.728,211.117,726.858,192.691,566.173
526.311,954.416,491.928,801.642,211.161,726.706,192.419,566.487
526.005,954.100,492.204,801.382,210.633,725.309,192.313,566.342
526.427,954.413,491.754,801.884,210.971,726.999,192.173,566.446
526.404,954.533,492.018,801.596,211.402,726.992,192.336,566.344
526.339,954.522,492.046,801.574,210.826,725.309,192.167,567.347
526.219,954.563,492.102,801.500,211.176,727.335,192.184,567.799
526.123,954.221,491.854,801.793,211.021,726.658,192.412,566.794
526.341,954.482,491.727,802.023,211.124,726.546,192.555,566.827
526.253,954.334,492.339,801.376,210.752,726.264,192.531,567.159
526.319,954.302,492.123,801.593,210.979,727.185,192.118,567.415
526.098,954.349,491.917,801.600,211.086,727.128,192.013,567.573
526.283,954.373,491.540,801.888,211.324,725.705,192.028,566.835
526.157,954.220,491.714,801.916,211.953,726.089,191.976,566.043
526.412,954.443,491.554,801.821,211.655,725.608,192.054,566.925
526.035,953.998,491.823,801.748,211.186,726.402,192.024,567.556
526.063,954.127,491.862,801.688,210.971,726.724,192.050,568.012
526.509,954.735,491.853,801.851,211.202,727.315,191.996,568.548
526.304,954.466,491.870,801.783,211.172,726.561,191.954,568.609
526.228,954.505,491.674,801.933,210.837,726.513,192.264,568.259
526.428,954.682,491.630,802.087,211.048,726.894,192.183,568.033
526.467,954.722,491.600,801.988,211.517,725.450,192.169,568.000
526.354,954.389,492.044,801.460,211.282,727.155,192.415,567.810
526.463,954.551,492.022,801.578,210.968,724.991,192.714,567.711
526.256,954.518,492.142,801.355,211.045,726.708,192.562,568.008
526.489,954.598,492.134,801.620,211.017,724.945,192.359,567.894
526.214,954.625,491.700,801.824,210.225,724.943,191.998,567.669
526.086,954.490,491.813,801.628,210.748,727.070,191.870,567.704
526.289,954.401,491.850,801.612,210.523,727.184,191.983,567.653
526.311,954.245,491.715,801.860,210.920,726.911,191.812,567.212
526.295,954.405,492.233,801.358,211.041,727.179,191.837,567.539
526.262,954.760,491.927,801.536,211.063,727.350,191.979,567.982
526.257,954.571,491.857,801.599,211.116,726.814,191.900,568.139
526.082,954.462,491.955,801.725,210.829,727.123,192.017,568.680
526.170,954.474,491.895,801.887,210.971,727.280,192.932,571.812
526.573,954.656,491.957,801.766,210.849,727.247,192.826,572.268
526.735,954.684,491.888,801.877,210.502,726.947,191.834,570.096
526.629,954.859,491.879,801.811,210.407,726.619,192.069,570.266
526.497,954.635,491.637,802.012,210.572,727.544,191.793,570.027
526.357,954.401,492.193,801.616,211.152,726.881,192.503,572.188
526.392,954.351,491.737,801.824,210.915,727.166,192.502,572.351
526.443,954.579,491.695,801.884,211.080,727.433,191.748,570.105
526.076,954.243,491.732,801.880,210.514,726.230,192.754,572.624
526.265,954.619,492.020,801.704,210.574,727.185,192.684,573.388
526.163,954.248,491.790,801.865,211.305,726.983,192.574,573.398
526.304,954.231,491.893,801.622,210.843,725.979,192.552,573.364
526.476,954.716,492.107,801.387,210.156,724.984,192.431,573.124
526.510,954.697,491.785,801.795,211.138,727.180,192.485,573.198
526.293,954.554,491.932,801.626,210.306,724.809,192.424,573.184
526.579,954.630,491.523,802.061,211.242,727.313,192.441,573.108
526.353,954.340,491.987,801.408,210.571,726.867,192.682,573.084
526.507,954.219,491.914,801.404,210.759,725.260,192.677,573.101
526.396,954.351,492.125,801.432,211.284,726.544,191.900,570.765
526.200,954.251,492.135,801.153,212.227,727.448,191.735,570.685
526.032,954.111,491.685,801.813,210.547,726.235,192.427,572.830
526.267,954.274,491.882,801.652,210.701,726.527,192.369,572.567
526.383,954.262,491.769,801.770,211.276,726.929,192.631,573.126
526.155,954.110,491.974,801.552,211.527,727.128,192.461,573.600
526.195,954.147,492.065,801.442,211.051,726.561,192.315,573.473
526.164,954.254,491.924,801.812,210.861,726.678,192.206,573.403
526.054,954.037,492.357,801.338,210.663,726.509,192.304,573.501
526.298,954.231,492.106,801.550,210.461,727.055,192.184,573.442
526.073,953.989,492.107,801.686,210.625,727.027,192.132,573.459
526.210,954.312,491.977,801.500,211.084,727.211,192.392,573.338
526.344,954.433,492.433,801.249,211.801,727.702,192.401,573.364
526.159,954.030,491.573,801.841,211.611,727.173,192.527,573.445
526.122,954.189,491.629,801.949,211.510,726.935,192.543,573.488
526.054,954.149,492.086,801.821,211.470,727.014,192.455,573.297
526.122,954.190,492.057,801.465,211.131,727.232,192.537,573.357
526.170,954.200,492.178,801.445,211.177,727.426,192.547,573.282
526.339,954.494,491.759,801.888,211.456,727.250,192.489,573.183
526.311,954.497,491.745,801.860,211.558,727.461,192.486,573.175
526.237,954.501,491.725,801.813,212.109,726.889,192.483,573.137
526.364,954.271,492.018,801.493,211.913,727.368,192.452,573.004
526.257,954.306,491.923,801.519,211.962,727.400,192.560,572.974
526.215,954.395,491.764,801.875,211.991,727.322,192.694,572.894
526.058,954.318,492.045,801.465,211.885,727.236,192.589,572.789
526.021,954.105,492.011,801.454,211.646,727.279,192.591,572.815
525.982,954.341,491.911,801.599,211.828,727.605,192.680,572.822
525.854,954.089,492.159,801.355,211.936,727.711,192.717,573.058
526.733,954.911,492.095,801.363,211.818,728.143,192.675,572.780
526.558,954.699,492.044,801.542,212.150,728.093,192.801,572.881
526.376,954.576,491.958,801.441,211.696,726.817,192.730,572.761
526.283,954.650,492.249,801.358,211.787,726.725,192.663,572.784
526.511,954.741,491.663,801.618,211.723,727.559,192.690,572.834
526.419,954.356,491.971,801.511,211.919,726.987,192.760,572.644
526.370,954.474,491.740,801.783,211.445,726.920,192.847,572.793
526.506,954.524,492.044,801.553,211.149,726.663,192.932,572.611
526.287,954.428,491.592,802.039,211.455,727.444,192.903,572.675
526.163,954.416,491.768,801.834,211.678,727.341,192.874,572.782
526.341,954.668,491.848,801.786,211.034,726.734,192.869,572.802
526.469,954.380,491.992,801.625,210.750,726.969,192.929,572.797
526.481,954.609,492.086,801.523,211.306,727.208,192.945,572.590
526.307,954.351,492.114,801.484,210.703,726.982,192.865,572.802
526.494,954.525,492.241,801.357,210.698,726.703,192.830,572.742
526.249,954.455,492.330,801.391,211.642,726.978,192.758,572.633
526.611,954.709,492.317,801.447,211.375,726.420,192.908,572.855
526.410,954.446,491.951,801.611,210.532,726.666,192.969,572.983
526.655,954.609,491.757,801.766,211.224,727.604,192.752,573.149
526.657,954.574,491.787,801.819,211.457,727.294,192.628,573.491
526.266,954.636,491.993,801.711,210.581,726.924,192.309,572.786
526.191,954.514,492.069,801.440,211.210,727.014,192.530,573.085
526.332,954.506,491.817,801.836,211.450,727.202,191.972,570.945
526.474,954.521,491.714,801.680,211.395,726.810,192.924,573.517
526.700,954.606,492.214,801.423,210.954,726.757,192.271,573.519
526.718,954.504,492.324,801.342,210.244,726.863,192.130,573.744
526.486,954.604,491.533,802.007,210.358,727.241,191.079,570.669
526.580,954.544,492.058,801.593,210.016,726.499,191.392,570.687
526.599,954.677,491.823,801.677,209.950,727.278,192.498,572.976
526.651,954.675,492.089,801.474,210.465,727.754,191.874,570.343
526.464,954.618,492.039,801.361,210.073,726.788,192.595,572.825
526.358,954.463,491.872,801.608,210.372,727.080,192.322,572.972
526.366,954.311,491.967,801.598,210.509,727.341,192.388,572.921
526.334,954.309,491.781,801.771,210.473,726.672,192.516,574.067
526.223,954.285,491.845,801.712,210.715,726.616,192.216,574.314
526.316,954.350,491.668,801.853,210.788,727.059,192.308,574.812
526.319,954.394,491.670,801.888,210.863,726.980,192.198,574.936
526.664,954.571,491.728,802.052,211.351,727.202,192.533,575.428
526.602,954.550,491.834,801.882,211.540,727.453,192.341,575.709
526.374,954.506,491.928,801.622,211.265,727.091,192.083,575.743
526.402,954.446,492.012,801.585,211.293,726.944,192.190,575.837
526.641,954.697,491.871,801.682,211.690,725.808,192.247,575.597
526.501,954.487,492.249,801.260,211.566,726.866,192.115,575.419
526.178,954.382,492.026,801.510,211.123,726.959,192.379,575.493
526.425,954.617,492.033,801.535,210.909,725.036,192.396,576.190
526.591,954.631,491.938,801.658,211.950,726.403,192.265,576.245
526.526,954.710,492.104,801.570,211.905,726.783,192.277,575.712
526.374,954.424,491.955,801.808,211.126,726.852,192.372,575.970
526.244,954.335,492.222,801.426,211.285,726.679,192.302,575.865
526.223,954.262,491.850,802.144,211.658,726.929,192.382,575.906
526.301,954.484,491.594,802.034,210.510,726.592,192.209,575.659
526.229,954.162,491.835,801.762,211.152,726.117,192.208,575.744
526.185,954.253,492.200,801.575,211.601,725.270,192.107,575.345
526.324,954.351,491.836,801.755,211.033,726.838,192.276,576.111
526.187,954.194,491.791,801.769,210.612,727.227,192.214,576.074
526.611,954.510,491.759,801.872,210.453,726.646,192.294,575.828
526.116,954.264,491.980,801.635,211.635,727.088,192.125,575.962
526.350,954.345,491.625,801.902,211.251,727.361,192.283,576.559
526.453,954.447,491.963,801.540,210.753,727.330,192.344,576.434
526.627,954.443,491.617,801.674,209.917,727.112,192.242,576.428
526.433,954.407,491.776,801.769,210.079,727.249,192.412,576.433
526.416,954.317,491.917,801.643,209.583,727.224,192.080,575.639
526.471,954.388,492.013,801.559,209.274,726.786,192.435,576.075
526.323,954.397,492.128,801.549,209.774,727.192,192.131,576.837
526.666,954.467,492.112,801.617,209.836,727.270,192.058,576.589
526.437,954.316,492.069,801.438,210.052,727.228,191.691,576.255
526.177,954.193,491.779,801.911,210.119,726.975,191.841,576.564
526.233,954.275,491.815,801.895,209.581,727.008,191.819,576.409
526.432,954.451,491.727,801.784,210.173,727.360,191.552,575.822
526.305,954.488,491.666,801.938,210.720,727.334,191.222,576.403
526.487,954.342,491.491,801.847,210.275,727.375,191.248,575.752
526.568,954.413,491.542,801.913,210.238,727.233,191.606,576.189
526.321,954.219,492.183,801.398,210.455,726.996,191.747,576.255
526.515,954.213,491.757,801.906,210.604,726.967,191.499,575.877
526.341,954.308,492.223,801.400,210.755,726.943,191.347,576.135
526.288,954.329,492.042,801.472,210.561,726.728,191.323,576.183
526.395,954.416,491.872,801.879,210.534,726.735,191.622,576.641
526.482,954.376,491.991,801.704,210.896,726.946,191.432,576.709
526.386,954.587,492.233,801.676,210.955,726.727,191.291,576.783
526.354,954.579,491.813,801.878,211.124,727.244,191.267,576.850
526.337,954.366,492.234,801.575,211.207,727.109,191.511,576.668
526.486,954.558,492.072,801.551,211.241,727.087,191.650,576.901
526.719,954.578,491.957,801.532,211.172,726.995,191.810,577.125
526.451,954.379,491.948,801.604,211.217,726.449,191.170,576.351
526.568,954.559,491.778,801.679,211.188,726.108,191.347,577.099
526.521,954.384,492.163,801.288,211.604,726.965,191.599,577.350
526.393,954.322,492.013,801.508,211.541,728.043,191.296,577.220
526.489,954.378,491.894,801.653,211.652,727.975,191.200,577.259
526.411,954.412,491.985,801.578,211.328,728.198,191.086,576.534
526.272,954.220,492.060,801.422,210.945,727.914,191.854,577.417
526.020,954.018,491.879,801.693,210.930,727.762,191.906,577.550
526.199,954.108,491.991,801.502,210.714,726.457,191.742,576.554
526.432,954.392,492.029,801.623,211.235,726.784,191.764,576.582
526.579,954.415,492.113,801.585,210.873,728.192,191.265,576.049
526.370,954.357,492.030,801.765,211.383,729.472,191.566,576.854
526.378,954.347,491.693,802.159,211.017,729.153,191.839,576.464
526.272,954.295,491.844,801.790,210.308,728.238,191.586,575.686
526.309,954.521,491.723,801.982,210.447,728.227,191.694,576.809
526.479,954.372,491.769,801.807,210.734,728.076,191.860,575.966
526.834,954.769,491.765,801.802,210.977,728.221,191.933,575.755
526.157,954.219,491.738,801.925,211.163,727.870,192.140,575.672
526.127,954.334,491.739,801.877,211.090,727.522,192.115,575.527
526.427,954.581,491.929,801.717,211.808,727.995,192.437,575.837
526.287,954.479,491.609,802.064,211.775,726.452,192.452,575.651
526.654,954.661,491.473,802.076,211.817,726.332,192.270,575.475
526.702,954.660,491.778,801.734,211.406,726.839,192.288,575.532
526.621,954.573,491.944,801.609,212.165,727.425,192.177,575.355
526.173,954.182,491.944,801.598,212.921,728.716,192.177,575.459
526.620,954.376,492.116,801.411,214.251,730.156,192.357,575.528
526.340,954.503,491.895,801.759,211.812,727.551,192.321,575.037
526.343,954.407,491.901,801.758,210.973,726.618,192.353,574.714
526.064,954.101,491.912,801.668,210.895,726.260,192.432,574.657
526.175,954.191,492.165,801.483,211.223,726.478,192.477,574.727
526.237,954.425,491.842,801.951,211.792,726.707,192.688,574.885
526.363,954.402,491.502,802.155,212.513,726.796,192.708,574.925
526.544,954.604,491.693,801.873,211.288,725.134,192.530,574.509
526.554,954.725,491.886,801.744,210.945,724.658,192.574,574.595
526.404,954.382,491.760,801.925,211.781,726.255,192.513,574.641
526.386,954.371,491.810,801.935,212.588,727.028,192.679,574.632
526.435,954.479,491.904,801.645,212.720,726.880,192.542,574.438
526.419,954.204,491.704,801.961,211.983,726.473,192.668,574.576
526.620,954.463,491.781,801.871,211.605,725.514,192.623,574.560
526.769,954.695,492.035,801.579,211.794,726.168,192.604,574.531
526.574,954.630,492.097,801.527,211.744,726.540,192.566,574.518
526.640,954.513,492.036,801.540,213.982,729.537,192.487,574.706
526.416,954.556,492.048,801.603,212.398,726.470,192.508,574.617
526.353,954.409,491.677,801.987,212.547,726.712,192.599,574.793
526.430,954.298,491.677,801.970,211.849,726.346,192.606,574.818
526.236,954.406,492.141,801.415,211.014,723.683,192.660,574.497
526.463,954.687,491.983,801.671,212.322,726.190,192.595,574.396
526.427,954.441,491.597,801.869,211.983,724.771,192.574,574.499
526.608,954.484,491.760,801.537,212.068,725.838,192.549,574.465
526.414,954.368,491.772,801.621,212.172,726.749,192.626,574.294
526.529,954.294,492.133,801.361,211.643,726.270,192.644,574.226
526.567,954.482,491.697,801.512,212.500,726.231,192.759,574.378
526.411,954.547,491.501,802.096,211.853,723.712,192.671,574.385
526.559,954.572,491.730,801.694,212.210,725.265,192.753,574.212
526.314,954.417,491.451,801.953,212.213,724.530,192.891,574.410
526.379,954.241,491.684,801.822,213.085,725.174,192.930,574.466
527.009,954.862,491.902,801.687,211.928,723.949,192.737,574.098
526.621,954.558,491.747,801.797,211.624,725.466,192.824,574.217
526.586,954.571,491.881,801.685,211.779,724.613,192.704,574.145
526.657,954.696,491.626,801.844,211.297,724.291,192.793,574.206
526.323,954.280,491.450,802.267,210.417,723.283,192.781,574.300
526.361,954.352,491.847,801.885,210.456,723.168,192.790,574.324
526.552,954.325,491.849,801.811,211.213,725.573,192.849,574.241
526.675,954.549,491.913,801.769,211.572,726.340,192.712,574.134
526.761,954.728,492.075,801.444,211.039,726.325,192.790,574.038
526.362,954.371,492.085,801.515,210.314,726.298,192.753,574.165
526.479,954.532,492.116,801.453,211.157,724.844,192.730,573.973
526.482,954.321,492.175,801.506,211.384,723.657,192.600,573.958
526.439,954.414,492.128,801.432,212.122,724.303,192.577,573.875
526.253,954.183,491.986,801.778,211.692,724.255,192.703,573.894
526.317,954.316,492.125,801.568,212.452,724.764,192.616,573.815
526.508,954.648,491.783,801.800,211.676,724.483,192.816,573.944
526.418,954.454,492.012,801.735,211.588,724.604,192.709,573.806
526.392,954.299,491.982,801.680,212.986,724.831,192.864,573.917
526.620,954.599,491.531,801.999,212.611,724.532,192.829,573.756
526.385,954.353,491.732,801.809,212.056,723.430,192.732,573.812
526.307,954.148,491.780,801.817,211.744,724.153,192.823,573.881
526.197,954.400,491.849,801.679,211.758,724.282,192.732,573.870
526.433,954.522,491.937,801.931,210.964,723.826,192.829,573.867
526.675,954.724,491.784,801.909,211.281,724.872,192.948,574.043
526.248,954.333,491.911,801.734,211.697,724.886,192.836,573.875
526.354,954.493,491.710,801.888,212.766,726.773,192.940,573.945
526.513,954.801,491.522,802.068,211.490,724.343,192.925,573.806
526.556,954.715,491.717,801.996,210.558,726.378,192.951,573.777
526.511,954.559,491.983,801.522,210.465,727.805,192.955,574.059
526.324,954.462,491.875,801.655,210.122,723.458,192.927,573.793
526.448,954.734,491.743,801.970,211.466,727.019,192.664,573.800
526.314,954.618,492.388,801.227,210.852,726.169,192.800,573.842
526.351,954.574,492.378,801.169,211.402,726.658,192.804,573.826
526.651,954.675,492.191,801.480,210.153,723.848,192.929,573.913
526.799,954.832,492.502,801.025,210.778,725.646,192.961,573.995
526.324,954.458,491.769,801.881,211.696,725.523,192.772,573.944
526.230,954.304,491.995,801.789,211.926,724.876,192.889,573.919
526.315,954.556,492.249,801.517,211.873,724.779,192.839,573.932
526.282,954.494,492.192,801.463,212.295,724.866,192.747,573.889
526.158,954.293,491.733,801.962,212.014,724.746,192.956,574.049
525.773,953.780,492.205,801.433,212.231,725.064,192.987,574.013
526.577,954.593,491.882,801.845,211.210,724.095,193.080,574.037
526.431,954.374,491.983,801.819,212.341,724.899,192.905,573.894
526.495,954.505,492.168,801.546,211.789,724.719,192.903,573.802
526.268,954.589,492.050,801.475,211.530,724.441,192.815,573.834
526.217,954.407,491.564,801.998,211.926,724.491,192.909,573.984
526.158,954.341,491.882,801.592,212.694,724.981,192.702,573.784
526.165,954.141,491.767,801.765,212.352,724.626,192.792,573.962
526.350,954.547,492.241,801.501,211.672,723.948,192.846,573.885
526.151,954.449,491.561,802.057,211.651,723.819,192.787,573.945
526.402,954.664,491.884,801.700,211.550,723.752,192.784,574.011
526.201,954.435,491.664,801.742,211.971,725.269,192.617,573.469
526.344,954.401,492.221,801.318,211.850,725.040,192.661,573.558
526.049,954.180,491.849,801.672,211.843,725.260,192.593,573.718
526.336,954.429,492.139,801.530,211.402,726.063,192.879,574.134
526.436,954.448,491.927,801.921,211.142,723.761,192.181,572.265
526.181,954.238,491.646,802.045,211.807,724.794,193.110,573.862
526.227,954.343,491.886,801.782,212.006,723.997,193.386,573.787
526.697,954.569,492.025,801.696,212.397,724.817,192.961,573.522
526.579,954.388,491.992,801.547,212.386,724.899,192.906,572.959
526.260,954.247,491.854,801.787,212.663,725.003,192.857,572.955
526.334,954.244,491.670,801.904,212.307,725.133,192.741,573.461
526.254,954.201,491.763,802.047,211.682,724.656,191.734,571.043
526.295,954.308,492.117,801.593,211.660,724.232,192.448,573.791
526.214,954.168,492.078,801.450,212.634,724.850,192.439,574.436
526.353,954.531,492.218,801.300,212.242,724.550,191.741,573.821
526.373,954.481,492.188,801.541,212.671,725.857,191.845,573.791
526.372,954.518,492.380,801.245,211.983,724.404,191.848,574.070
526.320,954.474,492.220,801.573,211.921,726.039,191.873,574.061
526.086,954.278,492.009,801.702,211.703,725.530,190.743,572.431
526.207,954.315,492.114,801.574,211.303,724.016,190.754,572.515
525.961,954.296,492.321,801.474,211.951,726.519,190.586,572.287
525.959,954.208,492.161,801.454,211.714,726.901,192.160,574.284
526.589,954.741,491.802,801.787,212.167,727.008,192.292,573.829
526.178,954.358,492.084,801.653,211.259,726.543,191.964,574.932
526.415,954.551,492.117,801.736,210.964,723.962,192.212,574.186
525.871,954.103,491.818,801.672,211.899,724.983,192.534,574.152
526.369,954.505,491.756,801.681,211.919,723.983,192.484,574.010
526.424,954.522,492.107,801.491,212.067,724.499,192.381,574.678
526.310,954.148,492.046,801.484,211.696,725.420,192.322,574.217
525.838,953.956,492.011,801.558,212.407,724.922,191.898,574.781
526.271,954.226,492.074,801.581,212.569,725.116,192.224,574.905
526.411,954.437,492.089,801.511,212.430,724.190,192.410,575.208
526.181,954.206,491.862,801.893,211.798,723.089,192.619,574.448
526.107,954.193,491.673,801.950,211.841,723.045,193.230,574.404
526.093,954.267,492.007,801.613,212.005,723.439,193.171,574.268
526.439,954.454,491.787,801.961,211.900,723.783,193.190,574.103
526.371,954.344,492.042,801.509,211.946,724.079,193.386,574.155
526.517,954.329,491.923,801.809,212.385,726.146,193.461,574.453
526.337,954.738,491.693,802.011,211.739,723.877,193.805,572.001
526.717,954.776,491.759,801.946,212.016,723.949,193.726,569.189
526.346,954.360,492.024,801.715,213.237,725.453,193.566,567.621
526.519,954.333,491.866,801.712,213.484,725.834,194.025,567.623
526.352,954.619,491.893,801.634,213.564,724.036,194.119,567.508
526.259,954.413,491.731,801.974,213.550,724.527,194.033,567.866
526.239,954.431,491.657,801.999,213.306,724.721,193.993,568.046
526.447,954.675,491.929,801.596,213.305,724.481,194.057,568.167
526.273,954.421,492.075,801.667,213.030,724.597,194.034,568.200
526.302,954.428,492.084,801.544,212.017,724.486,193.931,567.841
525.796,953.821,492.122,801.506,212.285,724.754,193.567,567.915
526.114,954.115,491.913,801.826,212.603,725.058,193.507,567.594
526.278,954.317,491.722,802.048,212.538,725.034,193.568,567.613
526.317,954.305,492.048,801.962,211.804,724.497,193.581,568.031
526.394,954.431,492.128,801.851,212.105,723.206,193.379,568.043
526.143,954.231,492.209,801.405,212.046,723.485,193.181,567.912
526.352,954.407,491.994,801.712,211.824,723.899,192.824,567.566
526.493,954.693,492.094,801.607,212.301,723.897,193.180,567.729
526.414,954.563,491.718,801.979,213.145,724.035,193.303,567.337
526.352,954.475,492.114,801.541,214.234,723.883,193.341,568.224
526.559,954.599,492.190,801.419,214.055,724.014,193.372,568.150
526.590,954.652,491.846,801.910,214.382,723.793,193.052,568.061
526.160,954.445,491.715,802.053,214.238,723.804,193.289,568.612
526.285,954.454,491.760,802.037,213.165,724.078,193.450,569.136
526.347,954.471,492.198,801.448,213.610,724.300,193.655,569.327
526.340,954.493,491.806,802.072,214.340,723.897,193.780,569.591
526.610,954.806,492.458,801.389,214.559,723.946,193.156,569.854
526.445,954.657,491.716,801.995,212.821,723.943,193.153,569.986
526.660,954.765,491.828,801.961,212.307,723.669,193.090,569.996
526.433,954.621,491.987,801.718,212.099,723.995,193.062,569.639
526.395,954.488,492.222,801.709,211.708,724.493,193.938,572.054
526.194,954.257,492.271,801.717,210.937,724.925,193.303,570.131
526.397,954.638,491.705,801.952,210.720,726.902,193.367,570.275
526.213,954.391,491.821,801.810,211.248,727.252,193.361,570.564
526.586,954.645,492.452,801.072,211.176,727.620,193.461,570.589
526.454,954.437,491.854,801.768,210.967,727.569,193.603,570.034
526.412,954.546,491.807,801.726,211.160,728.315,193.452,569.674
526.453,954.468,491.746,801.889,211.463,728.965,193.565,569.131
526.554,954.481,492.026,801.611,211.473,729.393,193.352,569.254
526.595,954.469,492.001,801.472,212.899,729.282,193.371,569.531
526.506,954.390,491.694,801.869,212.313,727.348,193.530,569.415
526.040,954.221,491.644,801.972,210.487,726.466,193.536,569.244
526.257,954.352,491.962,801.571,210.639,726.362,193.395,569.168
526.362,954.355,492.507,801.081,212.201,727.054,193.600,569.084
526.536,954.541,491.871,801.807,213.383,728.838,193.487,569.133
526.332,954.373,491.941,801.498,213.640,728.326,193.757,569.394
526.413,954.362,492.042,801.502,212.454,726.596,193.802,569.018
526.350,954.323,491.777,801.912,211.658,726.045,193.675,568.804
526.448,954.365,492.456,801.295,212.102,726.241,193.433,568.765
526.385,954.544,492.091,801.686,211.468,725.603,193.526,568.633
526.623,954.518,492.120,801.557,210.785,725.866,193.471,569.177
526.528,954.438,491.970,801.692,210.357,725.611,193.509,569.080
526.262,954.312,492.125,801.762,210.556,726.208,193.620,568.814
526.469,954.413,492.320,801.715,211.751,726.821,193.574,568.643
526.705,954.588,492.213,801.411,213.047,726.773,193.413,568.954
526.267,954.435,492.136,801.553,212.283,726.362,193.417,568.953
526.571,954.478,492.160,801.677,213.062,727.867,193.650,568.949
526.397,954.311,492.148,801.661,211.503,727.349,193.613,568.916
526.491,954.542,491.882,801.931,210.838,726.113,193.533,569.000
526.385,954.491,492.116,801.521,210.534,726.822,193.556,569.178
526.320,954.411,492.048,801.692,211.027,728.085,193.608,568.860
526.294,954.351,491.842,801.942,212.231,726.690,193.526,568.889
526.233,954.128,491.757,801.978,211.016,726.644,193.262,568.649
526.294,954.339,491.715,802.006,210.151,725.298,193.423,568.889
526.195,954.381,492.111,801.610,211.277,726.045,193.386,568.763
526.501,954.556,491.826,801.683,211.356,726.716,193.328,568.814
526.485,954.435,492.164,801.707,210.051,725.452,193.362,568.755
526.883,954.744,492.253,801.413,209.944,725.721,193.350,568.996
526.591,954.708,492.431,801.261,210.616,726.191,193.308,568.883
526.273,954.393,492.159,801.636,210.806,726.730,193.354,568.653
526.699,954.765,492.228,801.498,212.273,727.339,193.396,569.149
526.582,954.460,492.090,801.552,210.164,725.849,193.364,568.837
526.545,954.601,492.426,801.222,209.911,726.787,193.222,568.908
526.483,954.440,492.011,801.474,211.093,728.327,193.357,569.610
526.546,954.696,492.273,801.537,211.809,726.645,194.135,571.540
526.442,954.707,491.722,802.040,210.682,727.206,194.163,571.690
526.290,954.698,491.720,801.859,210.759,726.920,193.549,570.169
526.474,954.868,491.857,801.662,210.694,725.840,193.262,570.191
526.255,954.655,492.219,801.501,209.681,725.328,193.147,570.193
526.400,954.872,491.836,801.909,210.244,725.270,193.082,570.325
526.313,954.698,492.104,801.583,211.476,726.576,193.148,570.242
526.198,954.603,491.934,801.725,211.773,727.001,193.273,570.264
526.359,954.386,492.181,801.454,212.271,727.076,192.968,569.953
526.296,954.451,492.330,801.432,211.108,726.720,194.044,572.208
526.392,954.483,492.379,800.990,209.880,726.758,194.066,572.173
526.626,954.583,492.133,801.365,211.664,728.697,194.154,572.307
526.596,954.720,492.251,801.397,210.426,726.054,193.301,569.997
526.330,954.772,492.368,801.263,210.094,727.827,193.268,570.213
526.334,954.825,492.634,800.840,210.624,728.815,193.114,571.137
526.224,954.805,491.866,801.795,209.992,726.303,192.561,570.916
526.457,954.978,492.564,801.024,210.601,726.540,192.481,570.758
526.556,955.288,492.002,801.702,209.608,726.402,192.396,571.019
526.616,955.130,492.173,801.512,210.099,726.442,192.399,570.951
526.383,954.786,491.717,801.919,210.485,726.284,193.061,573.035
526.733,955.069,491.971,801.732,209.167,725.481,193.095,572.573
526.346,954.760,492.111,801.528,209.200,725.469,193.232,572.977
526.478,954.638,492.082,801.617,210.034,725.977,193.159,572.793
525.922,954.419,492.041,801.697,208.914,726.192,192.525,570.915
526.240,954.722,491.964,801.711,208.385,726.475,192.500,571.003
526.152,954.533,492.394,801.387,208.156,726.549,192.641,570.981
526.629,954.913,492.392,801.289,207.671,726.215,193.069,572.425
526.225,954.739,492.178,801.498,208.807,727.519,193.092,572.592
526.183,954.601,492.156,801.605,207.721,727.455,193.206,573.281
526.229,954.721,492.589,801.105,210.214,727.654,193.127,572.654
526.315,954.740,492.556,801.126,210.906,727.601,193.056,573.152
526.312,954.848,492.536,801.094,210.160,729.187,193.219,573.333
526.039,954.540,492.354,801.247,209.358,727.056,193.108,573.147
526.125,954.654,492.236,801.377,210.072,727.384,193.121,573.151
526.280,954.776,492.448,801.518,210.118,726.892,193.254,573.457
526.623,954.827,492.477,801.350,209.795,728.289,192.857,573.765
526.517,954.968,491.870,801.761,209.367,726.857,192.630,573.465
526.579,954.875,492.066,801.352,209.106,726.886,192.893,573.486
526.681,954.943,491.774,801.797,209.226,727.773,192.844,573.357
526.130,954.796,491.922,801.825,210.141,726.914,192.946,573.617
526.495,954.707,492.274,801.470,208.610,725.347,193.072,573.292
526.314,954.605,491.871,801.812,208.626,725.344,193.023,573.388
526.341,954.587,492.093,801.549,210.673,726.801,193.001,573.514
526.321,954.695,491.932,801.734,209.761,726.410,193.225,573.663
526.349,954.704,491.962,801.767,211.013,727.946,193.114,573.582
526.281,954.645,491.890,801.781,210.619,728.287,192.437,571.005
526.383,954.727,491.565,802.111,210.637,728.569,192.420,570.606
526.305,954.571,492.020,801.654,209.503,728.208,192.204,570.121
526.461,954.744,491.795,801.871,208.924,727.617,192.168,569.970
526.471,954.759,492.365,801.285,208.979,727.873,193.112,572.555
526.538,954.707,492.148,801.663,209.152,728.235,193.227,572.867
526.374,954.704,492.267,801.479,209.000,727.835,193.180,574.010
526.336,954.513,492.203,801.510,211.392,728.379,193.475,573.733
526.127,954.344,491.894,801.725,209.668,727.653,193.365,574.447
526.175,954.518,491.731,801.755,209.856,728.994,193.196,574.193
526.211,954.601,491.706,801.896,209.681,727.867,193.227,574.659
526.230,954.459,491.978,801.719,211.219,727.315,193.168,574.335
526.479,954.686,491.927,801.764,210.135,728.299,193.240,574.676
526.141,954.595,492.149,801.652,209.885,727.218,192.962,573.923
526.567,954.920,491.985,801.715,208.361,726.281,192.944,574.378
526.492,954.742,492.039,801.607,207.662,727.040,192.885,574.160
526.439,954.763,492.034,801.625,207.495,726.368,192.774,574.002
526.363,954.724,491.975,801.856,208.513,726.443,193.465,575.303
526.233,954.743,492.008,801.718,207.996,727.019,193.367,574.060
525.949,954.235,491.942,801.880,208.022,727.489,193.458,574.668
526.020,954.321,491.948,801.695,207.761,727.163,193.499,574.652
526.191,954.602,491.986,801.953,207.198,726.875,193.429,574.634
526.182,954.375,492.423,801.316,207.465,727.067,193.637,574.793
526.213,954.496,492.118,801.602,208.197,727.613,193.483,575.854
526.181,954.444,492.130,801.640,208.002,728.262,192.924,576.295
526.384,954.628,491.975,801.766,209.531,728.769,192.925,576.173
526.484,954.546,491.991,801.645,208.993,728.122,192.439,574.983
526.284,954.573,492.184,801.495,210.321,728.742,192.756,575.355
526.375,954.547,491.952,801.771,209.352,727.190,193.069,576.195
526.578,954.617,492.088,801.588,209.343,727.691,192.717,574.512
526.243,954.358,492.087,801.737,208.731,728.235,192.757,574.445
526.356,954.433,492.185,801.735,209.399,728.580,192.598,574.149
526.369,954.524,491.724,802.011,208.415,726.707,192.628,574.992
526.365,954.321,492.063,801.649,207.303,726.473,192.592,574.902
526.562,954.655,491.906,801.782,207.065,726.709,192.834,575.396
526.189,954.405,491.948,801.867,207.791,726.621,193.157,576.770
526.202,954.170,492.188,801.627,209.052,727.617,192.985,576.246
526.177,954.432,491.883,801.842,208.704,727.384,192.737,574.965
526.721,954.686,491.817,801.959,210.744,728.261,192.833,574.908
526.906,954.945,491.924,801.986,209.202,728.055,193.280,575.908
526.902,954.831,491.925,801.983,209.900,729.188,193.253,575.586
526.574,954.763,491.834,801.950,210.046,728.745,193.374,576.080
526.268,954.485,491.859,801.924,210.290,728.366,192.764,576.995
526.537,954.553,491.827,801.954,209.181,728.213,192.742,577.174
526.514,954.573,491.514,802.130,208.795,728.264,192.758,576.890
526.372,954.669,491.701,801.920,209.093,729.021,192.416,576.154
526.490,954.861,492.008,801.757,209.244,727.419,192.438,576.657
526.311,954.483,492.084,801.844,210.092,728.053,192.678,577.317
526.332,954.569,491.973,801.888,209.168,727.558,192.527,576.481
526.387,954.731,492.214,801.524,208.809,727.167,192.140,576.765
526.354,954.704,491.943,801.676,209.038,727.293,191.659,573.950
526.407,954.720,491.736,802.008,207.449,726.955,191.828,573.359
526.413,955.084,491.929,801.789,207.199,726.803,192.284,574.391
526.233,954.783,492.204,801.575,207.709,727.137,192.422,574.804
526.826,955.075,492.037,801.787,208.733,728.200,193.104,577.186
526.393,954.751,491.845,801.763,209.232,728.055,192.727,578.043
526.173,954.469,492.008,801.830,209.586,728.295,192.742,577.969
526.112,954.503,491.740,802.130,208.092,727.385,192.725,577.772
526.016,954.369,492.007,801.709,209.744,729.569,192.651,577.795
525.941,954.395,492.004,801.815,208.236,727.977,192.678,577.985
526.106,954.511,492.051,801.641,210.777,728.686,192.668,578.121
526.174,954.630,492.321,801.411,211.154,728.973,192.950,578.174
526.040,954.452,492.384,801.290,209.411,727.723,192.785,577.733
526.159,954.716,491.923,801.713,208.518,727.693,193.089,577.267
526.333,954.798,492.044,801.583,209.190,727.200,193.365,579.296
525.808,954.302,492.196,801.519,207.177,726.813,193.367,578.542
525.812,954.273,492.217,801.507,207.215,726.977,193.215,578.125
526.551,954.658,492.063,801.623,207.096,727.024,193.408,578.150
526.415,954.455,492.029,801.774,208.090,727.869,193.159,578.180
526.170,954.502,492.086,801.596,210.377,730.589,193.408,578.588
526.144,954.506,492.228,801.576,209.846,730.262,193.363,578.741
526.306,954.528,492.681,801.105,208.939,728.065,193.484,578.561
526.357,954.621,492.258,801.448,209.952,728.221,193.599,578.542
526.241,954.509,491.988,801.876,210.728,728.359,193.790,579.663
526.329,954.291,492.402,801.458,210.950,728.809,193.714,580.220
526.211,954.327,492.266,801.528,210.889,728.957,193.614,580.625
526.212,954.489,492.093,801.790,210.933,728.780,194.131,583.486
526.067,954.410,492.202,801.440,210.881,729.444,193.566,582.765
526.011,954.281,492.248,801.555,209.706,729.294,193.067,581.657
526.109,954.368,491.980,801.726,209.767,730.004,193.154,582.165
526.330,954.481,491.998,801.746,209.336,729.471,193.406,582.895
526.416,954.839,492.060,801.491,209.790,729.326,193.093,580.702
526.431,954.721,491.527,802.249,210.083,728.906,193.598,582.813
526.453,954.735,491.912,801.864,209.935,728.949,193.303,583.965
526.316,954.703,491.818,801.910,208.846,728.968,193.265,582.613
526.315,954.759,491.818,801.951,208.989,729.599,193.428,581.510
526.071,954.361,492.039,801.795,208.508,728.835,193.011,582.382
526.320,954.477,491.585,802.034,208.327,729.131,193.152,583.389
526.321,954.569,491.699,802.004,207.948,729.942,193.350,581.549
526.271,954.345,491.752,802.001,208.669,729.824,193.338,582.677
526.110,954.173,491.792,801.933,208.463,729.026,193.103,581.707
526.402,954.499,491.848,802.088,208.642,729.203,193.352,580.898
526.255,954.299,491.974,801.959,208.241,729.855,193.226,580.747
526.494,954.541,491.752,802.098,208.104,729.836,193.513,581.693
526.362,954.413,492.068,801.815,208.528,729.576,193.882,583.445
526.389,954.449,491.762,801.963,209.744,729.379,193.222,582.523
526.348,954.500,491.921,801.807,209.609,729.388,193.613,583.041
526.474,954.708,492.015,801.715,209.880,729.713,193.268,583.069
526.459,954.671,492.444,801.475,209.238,729.568,193.287,581.996
526.473,954.653,492.104,801.838,209.381,728.932,193.487,581.492
526.449,954.588,492.083,801.580,210.473,728.071,193.489,581.863
526.279,954.559,492.115,801.554,210.933,727.787,193.330,582.215
526.253,954.419,491.948,801.802,211.783,727.869,193.291,581.748
526.428,954.413,491.875,801.752,210.574,727.078,193.743,583.893
526.575,954.723,491.776,801.866,210.252,729.196,193.311,582.563
526.350,954.664,491.769,801.833,210.265,729.482,193.370,581.647
526.352,954.708,491.992,801.695,210.729,729.214,193.599,581.582
526.418,954.592,492.146,801.577,210.277,728.554,193.193,581.175
526.104,954.436,491.906,801.860,210.456,728.250,193.086,581.940
526.129,954.478,492.094,801.644,212.396,729.841,192.993,582.583
526.066,954.278,492.228,801.557,212.021,727.001,193.163,584.150
526.465,954.569,492.031,801.787,211.620,727.741,193.480,585.001
526.367,954.357,492.280,801.509,211.626,727.529,193.586,584.690
526.349,954.313,492.198,801.719,211.095,726.851,193.374,584.318
526.373,954.447,492.004,801.861,211.602,727.136,193.680,584.183
526.483,954.472,491.919,801.822,212.749,727.956,193.227,583.505
526.250,954.537,491.818,801.969,211.605,726.767,193.121,582.737
526.003,954.156,491.642,802.030,211.620,726.436,193.277,582.856
526.340,954.572,491.998,801.838,211.632,725.960,193.315,582.837
526.101,954.318,491.793,801.979,212.115,726.648,193.214,583.145
526.348,954.393,491.920,801.698,212.644,726.378,192.910,583.713
526.339,954.390,492.269,801.393,212.218,724.833,192.579,583.037
526.010,954.216,492.097,801.566,211.852,724.490,192.427,582.447
526.248,954.476,491.956,801.835,210.844,724.690,192.807,582.874
526.187,954.532,492.396,801.385,210.671,726.093,192.773,583.077
526.030,953.821,492.196,801.575,210.898,727.625,193.268,583.465
526.200,954.271,492.181,801.539,212.073,728.864,193.076,582.632
526.286,954.420,492.018,802.016,210.858,728.585,193.244,582.853
526.427,954.833,492.035,801.741,210.077,727.231,193.166,582.725
526.253,954.600,492.143,801.770,210.173,726.362,192.942,583.662
526.035,954.326,492.255,801.533,210.634,727.574,193.043,584.208
526.068,954.376,492.131,801.833,210.891,727.139,192.819,583.854
526.421,954.302,491.504,802.190,210.473,726.496,192.649,583.488
526.288,954.373,492.054,801.678,210.613,726.410,192.633,583.175
526.493,954.243,491.965,801.955,211.343,727.340,192.737,582.671
526.242,954.127,491.727,802.087,212.075,727.765,192.441,582.857
526.156,954.234,492.239,801.551,213.091,730.028,192.499,583.086
526.204,954.380,492.238,801.550,210.501,726.939,192.913,582.746
526.358,954.512,492.033,801.607,210.549,726.853,192.459,582.470
526.485,954.754,492.587,801.253,210.978,727.590,192.443,582.090
526.328,954.626,492.255,801.601,210.919,726.963,192.213,582.162
526.391,954.570,492.275,801.624,211.113,726.128,191.972,581.708
526.523,954.731,492.405,801.542,211.114,726.204,192.183,581.211
526.763,954.722,492.247,801.575,210.060,725.385,192.230,581.703
526.781,954.705,492.220,801.532,210.473,727.887,192.448,582.287
526.206,954.401,491.869,802.020,210.151,726.716,192.502,581.705
526.317,954.406,491.716,802.058,210.302,725.573,192.151,581.807
526.478,954.527,492.190,801.503,210.915,724.973,191.921,581.767
526.349,954.456,492.103,801.761,211.347,724.656,191.834,581.533
526.317,954.464,492.227,801.507,211.152,725.557,191.967,581.275
526.089,954.308,491.855,801.860,210.789,726.497,191.989,581.049
526.098,954.213,492.243,801.502,210.034,725.457,192.044,580.753
526.216,954.571,492.533,801.719,209.961,725.646,191.992,581.121
526.210,954.603,492.548,801.958,209.884,727.208,191.775,581.369
526.443,954.558,492.397,801.902,209.334,726.903,190.654,580.320
526.340,954.404,492.358,801.783,209.672,726.771,190.316,580.083
526.332,954.332,492.533,801.467,209.324,726.243,190.331,580.231
526.488,954.588,492.552,801.332,209.642,727.299,190.481,580.264
526.507,954.751,492.375,801.434,209.597,727.447,190.765,580.465
526.482,954.695,492.216,801.689,209.722,726.832,190.787,580.048
526.140,954.424,491.718,801.452,210.376,726.518,191.840,580.956
526.389,954.521,491.885,801.184,209.786,724.416,192.057,580.813
526.194,954.416,491.784,801.210,210.708,724.934,192.108,581.484
526.326,954.545,491.838,801.263,210.703,724.717,191.375,581.301
526.333,954.409,491.587,801.175,210.580,725.149,190.053,580.175
526.262,954.450,491.883,801.080,210.503,725.469,189.795,580.094
526.203,954.398,491.314,801.450,212.196,725.439,189.795,579.837
526.739,954.918,491.700,801.556,211.166,724.918,190.385,580.305
526.370,954.598,491.002,801.648,211.137,726.274,190.683,580.360
526.371,954.641,490.914,801.647,210.858,725.027,190.220,580.206
526.317,954.349,490.869,801.842,212.743,725.600,190.137,580.202
526.367,954.514,491.209,802.571,210.914,726.231,190.388,580.340
526.408,954.467,490.963,802.461,210.757,726.167,190.700,580.663
526.322,954.471,491.138,802.453,210.743,727.629,190.597,580.270
526.395,954.610,491.404,802.286,210.307,727.681,190.639,580.274
526.233,954.363,491.007,802.369,209.890,726.962,191.656,580.760
526.258,954.371,490.650,802.557,210.207,726.894,192.048,580.862
526.351,954.445,490.826,802.543,211.236,728.335,192.321,580.910
526.433,954.670,490.411,802.156,210.638,726.865,192.093,581.140
526.443,954.579,490.411,802.850,211.318,724.894,192.058,581.427
526.643,954.845,490.720,802.315,211.920,725.209,192.037,580.913
526.790,954.765,490.530,802.484,212.212,725.941,192.183,581.182
526.581,954.660,490.681,802.940,211.292,725.277,192.327,582.012
526.728,954.727,491.063,802.355,211.649,724.430,192.647,582.106
526.670,954.682,490.906,802.580,211.970,724.740,192.452,581.997
526.324,954.502,491.199,802.638,211.084,724.740,192.214,582.329
526.339,954.464,490.783,801.555,211.259,724.357,192.166,581.785
526.322,954.356,490.670,801.683,210.735,724.331,192.248,582.205
526.497,954.589,490.725,801.687,210.404,724.015,192.221,581.789
526.185,954.305,490.475,802.264,211.005,727.557,192.225,582.342
526.360,954.444,490.713,802.363,211.086,726.622,191.905,582.512
526.207,954.410,490.813,802.871,211.044,725.330,191.895,582.240
526.340,954.450,490.818,803.410,211.321,725.175,191.756,582.015
526.222,954.325,490.934,802.801,211.159,725.304,190.676,581.227
526.498,954.591,491.355,803.129,212.491,726.089,190.568,581.147
526.520,954.658,490.839,802.025,211.430,725.230,189.906,581.332
526.065,954.303,490.578,801.453,211.479,724.938,189.850,580.839
526.371,954.321,490.898,801.891,211.530,726.224,191.606,581.413
526.411,954.323,491.346,802.317,212.479,725.245,192.039,581.673
526.474,954.554,491.006,802.647,212.153,725.735,191.166,581.474
526.389,954.451,491.248,803.074,211.881,724.824,191.635,582.024
526.296,954.662,491.796,802.855,210.963,724.100,191.729,581.644
526.337,954.667,491.425,802.318,210.867,723.872,191.994,582.056
526.171,954.453,490.494,801.637,210.770,724.033,192.108,581.571
526.434,954.508,490.471,801.804,211.116,727.073,192.201,581.240
526.561,954.680,490.330,801.982,211.477,727.534,192.432,581.456
526.328,954.469,490.229,802.419,211.795,727.765,192.447,581.417
526.637,954.712,490.037,802.708,210.608,726.776,192.621,581.149
526.229,954.419,489.805,802.796,211.357,726.709,191.929,581.635
526.482,954.692,489.911,802.727,211.897,726.313,191.678,581.681
526.189,954.317,489.777,802.670,210.940,724.223,192.038,581.659
526.469,954.491,489.983,802.422,212.322,724.715,191.939,581.521
526.486,954.537,490.069,802.946,211.522,724.549,191.297,581.285
526.622,954.551,489.969,802.647,211.414,724.900,191.557,581.700
526.242,954.474,489.796,802.964,211.477,725.061,190.126,580.556
526.209,954.293,489.766,803.018,212.317,724.874,190.676,580.596
525.948,954.179,489.454,802.061,211.598,724.516,190.592,581.026
526.072,954.287,489.919,802.607,211.763,725.298,190.669,581.092
526.162,954.375,489.944,802.530,212.275,724.593,190.623,580.811
526.463,954.562,489.425,802.343,211.753,724.583,190.641,580.959
526.450,954.693,489.606,802.296,211.178,724.031,191.220,581.314
526.292,954.359,489.752,801.640,210.940,724.095,191.708,581.564
526.161,954.294,489.282,801.823,210.900,724.022,192.119,581.492
526.502,954.619,489.844,801.425,211.330,726.295,192.104,581.195
526.380,954.550,489.779,801.448,211.360,724.788,192.201,581.138
526.330,954.572,489.575,801.746,212.932,726.699,192.363,580.629
526.229,954.384,489.875,802.361,212.439,724.723,192.301,580.772
526.211,954.313,490.584,802.314,211.329,723.965,191.872,581.187
526.477,954.472,490.315,801.296,211.382,724.761,190.815,580.783
526.164,954.407,490.681,801.768,211.339,724.870,191.785,581.455
526.276,954.524,489.951,801.850,211.306,724.561,190.509,580.220
526.356,954.439,490.076,802.240,210.683,724.365,190.647,580.434
525.925,954.055,490.285,802.283,210.590,724.085,191.823,580.872
526.151,954.345,490.685,801.737,210.995,723.747,190.536,580.376
526.312,954.463,490.573,802.346,211.288,724.127,190.725,580.880
526.300,954.405,489.988,802.545,211.557,724.581,191.999,581.175
526.156,954.490,489.367,801.904,211.782,726.852,191.062,580.967
526.146,954.365,490.142,801.808,211.602,726.399,191.503,581.121
526.127,954.414,490.642,802.209,212.156,726.060,191.365,581.591
526.139,954.276,490.382,802.337,212.727,726.640,191.343,580.977
525.969,954.194,490.076,802.961,212.437,725.079,191.475,581.458
526.219,954.662,490.057,802.340,211.635,724.297,191.555,581.179
526.112,954.479,489.546,802.797,213.305,724.905,191.288,581.398
526.041,954.363,489.339,801.334,212.358,724.668,191.038,581.295
526.222,954.418,489.781,801.612,212.680,724.731,191.466,580.991
525.990,954.369,489.998,802.527,212.046,724.559,191.496,581.281
526.166,954.354,489.964,802.714,211.927,724.073,191.493,581.354
526.408,954.643,490.087,802.228,213.210,724.790,191.553,582.005
526.307,954.610,490.433,802.343,212.731,724.845,192.274,583.024
526.479,954.761,489.354,802.348,212.153,725.188,192.790,582.327
526.326,954.753,489.571,803.200,211.751,723.387,192.801,582.581
526.277,954.571,489.741,803.240,213.169,726.674,192.700,581.773
526.264,954.500,489.368,803.362,211.350,724.755,193.091,581.297
526.640,954.889,489.502,804.131,210.778,723.852,193.111,581.900
526.129,954.383,489.773,803.395,210.402,723.392,192.321,582.814
526.368,954.592,489.657,804.020,210.637,724.011,192.913,582.410
526.297,954.495,489.981,803.982,211.802,726.171,192.651,581.171
526.186,954.557,489.648,804.337,212.906,727.739,192.949,581.068
526.465,954.726,489.654,803.828,212.480,726.116,192.294,581.357
526.450,954.771,489.896,803.936,212.974,725.878,192.573,580.938
526.549,954.718,490.265,803.682,212.458,724.913,192.487,581.531
526.355,954.529,489.690,804.292,211.961,724.338,190.837,579.290
526.239,954.512,489.391,804.106,212.040,724.748,190.746,578.858
526.302,954.658,489.619,803.961,212.533,724.775,190.087,578.923
526.547,954.521,489.952,803.678,212.317,725.070,189.870,577.784
526.406,954.553,489.973,803.835,211.934,724.900,189.694,577.658
526.457,954.627,489.955,803.726,211.841,726.238,188.932,577.531
526.467,954.630,489.842,803.837,211.457,728.866,188.945,577.582
526.528,954.725,489.543,803.866,210.769,725.079,188.857,578.503
526.309,954.475,489.631,803.725,211.037,724.917,188.225,577.310
526.397,954.551,489.723,803.693,210.333,724.839,188.122,577.977
526.249,954.635,490.041,803.722,210.449,724.967,188.174,578.419
526.273,954.513,489.418,804.239,211.094,726.589,188.443,578.102
526.275,954.463,489.400,803.914,210.262,726.452,188.848,579.603
526.244,954.471,489.497,803.833,209.750,724.788,188.605,580.696
526.381,954.586,489.151,804.158,210.124,723.835,188.858,580.785
526.233,954.652,489.407,804.015,209.442,724.352,188.412,582.008
526.429,954.667,489.172,804.173,209.112,724.784,188.645,580.658
526.471,954.602,489.272,803.909,209.499,725.192,187.914,579.208
526.278,954.581,489.633,803.709,210.304,726.806,188.094,576.175
526.298,954.532,489.490,804.058,211.628,728.496,188.516,579.097
526.300,954.349,489.635,803.935,211.443,728.776,187.544,578.116
526.217,954.441,489.366,804.135,211.301,727.767,187.630,577.201
526.265,954.449,489.463,804.262,211.198,727.291,188.129,578.695
526.296,954.490,489.474,804.105,211.384,727.884,188.677,579.849
526.689,954.838,489.457,804.094,210.480,726.492,188.421,577.040
526.656,954.714,489.408,804.079,210.949,727.486,188.891,581.001
526.493,954.647,489.193,804.157,210.955,727.393,188.771,580.670
526.453,954.361,489.422,804.220,211.198,727.565,188.017,577.325
526.546,954.485,489.237,804.189,211.066,727.650,188.426,580.311
526.439,954.706,489.238,804.582,210.851,727.311,188.276,578.447
526.367,954.705,489.454,804.335,211.708,727.846,188.478,579.678
526.418,954.565,489.160,804.065,211.511,728.153,188.156,580.133
526.246,954.317,489.754,803.772,212.086,728.701,188.926,581.092
526.443,954.509,489.264,803.939,212.945,729.929,187.847,579.083
526.725,954.807,489.002,804.435,212.963,730.320,187.982,579.272
526.490,954.592,489.077,804.231,211.830,729.923,187.613,581.048
526.440,954.606,489.170,804.136,212.220,729.754,186.904,580.939
526.702,954.771,489.184,803.876,212.251,729.421,188.581,577.153
526.483,954.479,489.293,804.069,212.442,729.540,188.807,574.349
526.320,954.493,489.306,804.078,212.286,729.176,188.604,576.469
526.497,954.607,488.992,804.393,212.598,729.607,188.535,576.409
526.293,954.520,489.143,804.288,212.895,729.737,188.411,577.977
526.415,954.533,488.862,804.645,212.854,729.469,188.773,578.850
526.417,954.535,488.994,804.286,212.247,728.271,189.045,578.978
526.246,954.707,488.804,804.182,213.296,730.098,189.419,579.780
526.332,954.725,488.528,803.559,213.039,729.780,189.517,579.794
526.332,954.663,489.249,804.146,213.229,729.390,190.386,578.846
526.521,954.567,489.022,803.158,213.223,729.614,191.193,578.293
526.082,954.220,489.430,803.821,212.960,729.554,190.714,579.324
526.850,954.893,489.579,803.698,213.181,729.456,191.286,578.905
526.794,954.891,489.595,803.956,213.500,729.554,193.439,579.697
526.588,954.822,489.643,803.685,212.635,729.528,192.252,580.301
526.641,954.708,489.174,803.781,212.022,729.833,190.781,579.134
526.434,954.684,489.109,803.944,212.744,730.148,190.290,579.441
526.490,954.708,488.980,803.981,213.160,730.117,191.463,580.319
526.675,954.727,489.093,803.423,212.199,730.111,191.622,580.111
526.422,954.600,489.391,803.544,211.988,729.522,191.921,580.188
526.651,954.819,489.672,803.997,212.453,729.931,191.875,580.769
526.507,954.611,489.746,804.169,211.857,729.676,191.314,579.862
526.564,954.799,489.582,803.829,211.287,729.585,191.875,579.821
526.373,954.593,489.391,803.674,212.489,730.663,191.909,580.016
526.637,954.688,489.421,803.688,212.617,729.739,192.952,580.669
526.302,954.518,489.468,803.483,212.230,729.005,191.913,580.494
526.229,954.494,489.074,803.627,212.811,729.754,192.881,580.369
526.079,954.381,489.191,803.883,212.351,728.000,191.928,580.010
526.193,954.501,489.010,803.640,212.931,727.488,191.952,579.945
526.608,954.757,489.143,804.148,211.896,726.697,191.848,580.014
526.378,954.559,489.169,804.362,211.394,725.764,192.006,579.978
526.407,954.697,489.556,804.497,212.406,728.669,191.652,579.823
526.437,954.688,489.734,804.501,212.383,729.042,191.834,579.853
526.341,954.805,489.827,803.829,212.562,728.022,191.977,580.015
526.350,954.542,489.722,804.734,213.050,728.064,192.743,580.426
526.581,954.663,489.767,804.622,212.758,727.339,192.747,580.045
526.366,954.510,489.804,802.881,212.851,727.350,192.837,579.990
526.384,954.527,489.714,803.335,213.329,727.939,192.822,580.251
526.195,954.418,489.923,803.920,213.443,727.929,192.737,580.009
526.301,954.474,489.814,803.912,213.901,728.219,192.823,579.875
526.401,954.679,489.544,803.100,212.566,727.462,192.906,579.879
526.533,954.811,489.673,802.900,212.620,727.850,193.191,579.674
526.318,954.430,489.449,803.725,212.763,728.122,193.141,579.953
526.247,954.411,489.663,804.321,212.225,727.421,193.883,579.633
526.448,954.609,489.154,803.528,213.044,728.131,193.926,579.994
526.516,954.758,489.756,803.013,213.154,727.944,193.731,579.312
526.258,954.400,489.034,804.074,212.950,727.583,193.267,579.366
526.454,954.652,488.867,804.579,212.694,727.575,193.480,579.207
526.526,954.791,488.623,803.900,212.567,727.579,193.593,579.091
526.451,954.558,488.660,803.382,212.444,727.457,193.191,579.260
526.440,954.418,488.398,803.139,212.172,727.588,193.100,579.539
526.579,954.772,488.369,803.010,211.947,728.065,192.662,579.111
526.358,954.604,488.178,803.236,211.221,727.780,192.748,579.340
526.503,954.831,487.758,803.513,210.298,728.141,193.023,579.349
526.396,954.731,487.719,803.649,211.426,727.844,192.945,578.978
526.405,954.520,488.056,803.886,211.551,728.888,192.885,578.993
526.430,954.492,487.761,804.243,211.144,728.205,193.280,578.942
526.369,954.586,487.854,804.185,212.411,730.163,193.874,578.924
526.407,954.424,487.944,804.226,212.307,729.670,193.712,579.240
526.259,954.475,487.797,803.843,211.913,729.664,193.183,577.803
526.360,954.537,488.270,803.869,211.848,730.785,193.532,578.496
526.531,954.668,488.162,804.634,211.404,729.867,193.946,577.666
526.529,954.642,488.128,804.261,212.043,730.055,193.503,577.444
526.490,954.677,488.085,803.995,212.331,731.114,193.346,578.020
526.405,954.569,488.525,803.205,212.225,730.647,193.113,577.197
526.548,954.757,488.593,803.378,211.553,730.076,192.774,578.125
526.581,954.816,488.690,803.940,211.699,730.622,191.608,577.789
526.461,954.767,488.250,804.076,212.170,731.353,191.222,577.727
526.456,954.800,488.540,803.213,213.833,732.483,190.576,578.680
526.276,954.742,488.891,802.837,212.277,730.493,191.108,578.387
526.533,954.770,488.528,803.273,211.314,729.072,191.687,578.699
526.491,954.862,488.251,803.523,211.669,727.922,192.868,579.051
526.369,954.536,487.904,804.101,211.656,728.004,192.537,578.511
526.300,954.558,488.341,803.801,211.746,729.679,193.017,578.893
526.261,954.456,487.635,803.036,213.376,730.642,192.905,578.738
526.568,954.576,488.199,803.088,212.555,729.389,192.983,578.963
526.515,954.539,487.948,804.154,211.713,728.594,192.945,578.522
526.566,954.605,488.083,803.724,210.383,728.891,192.960,578.400
526.446,954.665,488.390,803.229,209.545,729.008,192.885,578.464
526.492,954.781,487.763,803.232,210.517,730.160,193.004,578.843
526.479,954.778,488.075,803.188,211.576,731.285,193.189,578.870
526.221,954.501,488.027,803.141,210.383,730.117,193.311,579.016
526.146,954.368,487.800,803.380,208.497,729.555,193.366,579.005
526.494,954.587,487.716,803.775,208.251,729.923,193.174,578.702
526.482,954.540,487.750,803.741,209.587,730.845,193.319,578.532
526.302,954.429,487.804,803.854,209.603,730.894,193.008,578.419
526.164,954.324,487.373,803.575,208.079,730.143,193.015,579.223
526.127,954.122,487.364,803.861,208.124,730.729,192.844,578.812
526.720,954.589,487.552,803.580,210.049,731.985,193.249,577.836
526.412,954.368,487.734,803.849,209.716,731.098,193.462,578.326
526.560,954.704,487.846,804.043,209.396,730.254,193.855,578.559
526.647,954.739,487.756,804.146,208.798,729.524,192.799,577.577
526.755,954.902,488.118,803.458,212.275,732.380,192.889,577.405
526.381,954.677,488.364,803.141,212.172,731.904,192.979,577.192
526.380,954.332,488.043,803.054,210.907,730.002,192.502,578.996
526.247,954.489,488.002,803.603,210.560,730.278,192.008,578.357
526.484,954.736,487.543,803.908,209.400,728.890,191.792,576.994
526.468,954.748,487.678,803.641,209.762,729.094,191.865,577.729
526.065,954.139,488.043,803.292,211.847,731.683,192.069,577.852
526.201,954.304,488.616,803.045,211.177,731.150,191.490,577.558
526.392,954.395,488.277,804.043,210.658,730.905,192.575,578.295
526.565,954.711,488.161,804.592,209.011,730.083,192.569,578.469
526.522,954.702,488.187,804.728,208.975,729.440,192.476,578.343
526.894,954.873,487.934,804.749,208.743,729.956,192.938,576.935
526.790,954.728,488.027,804.801,208.571,729.410,193.250,576.957
526.622,954.665,488.062,804.387,208.011,729.433,193.395,577.136
526.641,954.709,487.932,804.517,208.126,729.814,193.344,576.966
526.581,954.447,488.046,804.240,209.003,730.027,193.258,576.924
526.691,954.585,487.921,804.479,210.866,731.163,192.935,577.024
526.371,954.210,488.249,804.047,212.344,731.401,192.833,577.549
526.420,954.346,487.992,804.522,208.790,727.878,192.704,578.163
526.468,954.805,488.097,804.237,208.707,728.157,191.700,578.708
526.080,954.241,488.254,803.995,208.953,728.602,192.794,579.100
525.968,954.480,487.939,804.786,211.193,729.627,193.025,576.912
526.288,954.258,487.828,804.879,211.287,729.901,193.364,577.841
526.282,954.234,487.644,804.928,211.078,729.300,193.145,577.871
526.508,954.436,487.808,804.547,209.923,727.984,192.956,578.129
526.125,954.304,487.828,804.629,208.980,728.101,193.064,577.941
526.544,954.376,488.020,804.388,208.312,728.373,192.980,578.514
526.478,954.609,487.957,804.604,208.914,728.139,193.190,578.477
526.687,954.630,487.658,805.053,209.983,728.496,193.230,578.432
526.502,954.448,487.694,805.000,211.453,729.429,193.253,578.481
526.564,954.675,487.972,804.462,211.825,729.225,193.271,578.526
526.475,954.590,487.916,803.939,210.544,727.364,193.351,578.602
526.223,954.619,487.763,803.822,210.322,727.797,193.164,578.398
526.010,954.461,487.941,803.822,212.502,729.404,193.174,578.339
526.078,954.503,487.309,804.317,210.702,729.080,193.121,578.430
525.848,954.117,487.694,803.857,210.779,728.011,193.121,577.352
526.243,954.514,487.563,804.407,210.241,727.136,193.193,577.139
526.011,954.284,487.702,804.585,209.626,727.169,193.235,577.205
526.036,954.420,487.973,804.533,210.105,728.300,193.332,577.687
526.273,954.604,487.514,804.838,209.797,727.521,192.951,577.759
526.268,954.611,487.238,804.806,208.633,727.259,192.906,578.244
526.388,954.570,487.584,804.500,208.142,726.813,192.037,578.662
526.384,954.430,487.446,804.561,208.771,727.043,191.593,578.922
526.524,954.636,487.383,804.384,210.987,728.065,191.593,578.989
526.538,954.542,487.372,804.207,211.156,728.868,192.690,578.618
526.402,954.557,487.388,804.717,212.091,729.233,192.101,579.256
526.585,954.676,487.444,804.448,209.779,727.761,190.626,578.058
526.269,954.453,487.295,804.599,209.059,728.056,190.946,577.803
526.103,954.397,487.510,804.297,209.540,727.566,192.478,578.466
526.221,954.536,487.585,804.270,209.553,727.193,193.105,579.044
526.188,954.499,487.518,804.774,209.106,726.866,193.203,579.350
526.068,954.383,487.620,804.763,209.027,727.538,193.305,579.470
525.797,954.197,487.713,804.713,206.732,727.893,193.172,579.302
526.061,954.354,487.585,804.955,206.674,727.527,193.136,578.745
526.073,954.285,487.609,804.714,206.077,728.744,193.412,579.446
526.171,954.356,487.596,804.911,207.098,728.063,193.365,579.286
526.187,954.521,487.509,804.728,208.385,727.734,193.366,579.112
526.207,954.535,487.458,805.149,209.557,728.007,193.521,579.040
526.641,954.900,487.393,804.782,210.585,728.038,193.248,578.639
526.250,954.506,487.423,804.879,208.731,727.940,193.254,578.654
526.372,954.694,487.622,804.626,207.995,728.458,192.330,578.622
526.566,954.794,487.659,804.725,208.812,728.941,192.239,578.820
526.689,954.701,487.501,804.906,208.280,728.099,191.348,578.567
526.068,954.241,487.669,804.622,208.204,728.693,192.195,578.712
526.102,954.310,487.385,805.103,208.266,728.996,192.312,578.835
526.646,954.903,487.429,804.494,209.545,728.185,192.351,578.904
526.527,954.794,487.449,804.580,208.382,727.092,192.486,579.021
526.138,954.479,487.433,805.194,208.487,727.993,192.407,579.051
525.951,954.267,487.386,805.157,208.183,727.392,192.557,578.362
526.561,954.745,487.513,804.980,206.720,728.156,192.789,578.768
526.230,954.334,487.504,805.002,206.229,727.436,193.150,579.160
526.384,954.600,487.404,804.656,206.437,728.430,193.225,579.376
526.360,954.396,487.152,804.727,206.929,728.846,193.385,579.417
526.352,954.497,487.369,804.664,207.083,728.024,193.300,578.694
526.423,954.484,487.325,804.677,208.042,728.923,193.311,578.950
526.274,954.247,487.349,804.713,206.740,727.885,193.294,578.951
526.140,954.372,487.573,804.333,207.832,728.524,193.172,578.811
526.066,954.133,487.423,804.445,208.740,729.954,193.156,578.797
526.141,954.343,487.634,804.647,209.167,731.181,193.162,578.777
526.143,954.393,487.549,804.839,210.303,731.533,193.229,579.115
526.341,954.561,487.413,804.723,207.789,729.960,193.257,579.034
526.443,954.521,487.623,804.559,208.023,729.874,193.449,579.235
526.237,954.571,487.114,803.954,209.240,730.315,193.445,579.094
526.352,954.592,487.088,803.982,208.954,729.968,193.402,579.167
526.417,954.714,487.511,803.531,207.798,729.738,193.406,579.265
526.112,954.497,487.220,803.901,207.245,729.876,193.404,579.344
525.812,954.100,487.659,804.304,206.915,729.252,193.339,578.786
526.262,954.357,487.957,803.669,206.325,728.316,193.534,578.960
526.486,954.747,488.175,804.235,205.764,728.121,193.537,578.760
526.413,954.473,488.100,803.946,206.462,728.576,193.407,578.825
526.127,954.179,488.208,803.908,206.349,728.234,193.386,578.458
526.163,954.467,487.803,804.181,206.874,728.340,193.222,578.130
526.323,954.541,487.720,804.210,209.130,729.110,193.334,578.028
526.197,954.549,487.616,804.406,207.579,728.783,193.454,578.188
526.284,954.686,487.772,804.253,207.716,729.487,193.690,578.101
526.212,954.466,487.813,804.318,208.391,730.412,193.933,578.038
526.367,954.497,487.482,804.309,205.784,729.019,193.834,578.016
526.303,954.316,487.306,804.043,207.284,729.671,193.635,577.904
526.668,954.615,487.606,804.250,207.864,731.060,193.699,578.028
526.094,954.305,487.620,804.577,208.294,729.742,193.832,578.160
526.376,954.374,487.683,804.810,207.469,729.880,193.712,577.974
526.381,954.512,487.231,804.467,207.222,729.735,193.776,578.109
526.488,954.621,487.326,804.744,207.760,730.466,193.504,578.017
526.456,954.768,487.942,803.736,206.411,728.518,193.129,578.049
526.292,954.576,487.974,804.033,206.282,728.496,193.391,577.772
526.559,954.698,487.617,804.816,205.855,728.313,193.350,577.797
526.453,954.733,487.686,804.892,206.287,729.189,193.092,577.582
526.461,954.661,487.876,804.072,207.003,729.291,193.174,577.637
526.341,954.927,487.969,803.642,207.517,729.589,193.324,577.633
526.100,954.346,488.009,803.239,207.506,729.048,193.349,577.800
526.531,954.587,487.849,803.599,208.300,730.661,193.166,577.737
526.400,954.451,488.500,803.825,208.658,731.107,193.160,577.681
526.448,954.590,488.022,804.065,208.386,730.232,193.148,577.679
526.442,954.654,488.002,804.264,207.973,728.974,193.253,577.714
526.513,954.635,487.892,803.659,207.438,729.465,193.311,577.818
526.648,954.748,487.940,804.028,208.101,730.134,193.146,577.680
526.675,954.730,487.685,803.469,208.508,730.245,193.198,577.598
526.575,954.763,487.144,803.742,208.008,729.814,193.324,577.706
526.321,954.708,487.127,804.388,207.332,730.015,193.388,577.629
526.555,954.641,486.956,804.394,207.727,729.701,193.212,577.554
526.547,954.952,487.214,804.403,209.605,730.246,193.160,577.486
526.380,954.426,487.196,803.973,208.274,729.392,193.506,577.567
526.330,954.407,487.821,803.861,208.112,729.173,193.233,577.540
526.220,954.561,487.501,805.045,206.983,728.863,193.378,577.686
526.408,954.656,486.808,804.754,206.331,728.917,193.493,577.915
526.299,954.515,487.041,803.563,207.245,728.994,193.153,577.882
526.358,954.598,487.249,803.961,207.109,728.574,193.312,577.701
526.382,954.637,487.397,803.226,207.150,728.890,193.386,577.635
526.181,954.584,487.456,804.447,207.627,728.715,193.387,577.593
526.113,954.592,487.025,804.817,207.466,728.523,193.524,577.760
526.071,954.375,487.561,804.491,207.346,729.088,193.908,577.976
526.059,954.335,486.740,803.787,207.244,729.162,194.086,577.968
526.407,954.781,487.418,803.588,207.782,729.588,193.990,577.721
526.291,954.619,487.263,803.555,206.815,729.333,193.974,577.734
526.272,954.487,487.826,804.396,207.256,730.166,194.116,577.690
526.058,954.381,487.369,803.640,207.273,730.576,194.157,577.715
526.241,954.551,487.793,803.658,206.724,730.102,194.207,577.794
526.391,954.650,486.829,805.002,206.795,730.199,194.039,577.669
526.216,954.441,486.696,803.939,206.793,730.653,193.973,577.365
526.464,954.488,486.436,804.563,207.427,730.433,193.868,577.339
526.311,954.437,487.245,804.277,206.707,729.672,193.992,577.311
526.211,954.280,487.246,804.722,206.638,730.050,193.695,577.552
526.120,954.220,487.316,803.908,206.601,730.684,193.873,577.499
526.498,954.650,487.239,804.067,206.770,730.443,194.000,577.297
526.569,954.621,486.698,804.318,206.950,730.112,194.054,577.480
526.271,954.393,486.257,804.483,206.745,730.073,193.941,577.426
526.250,954.338,485.120,805.126,206.520,730.649,193.900,577.308
526.393,954.485,485.884,805.869,206.638,730.433,193.995,577.458
526.387,954.608,486.401,806.213,206.671,730.370,194.099,577.492
526.415,954.577,485.318,806.545,206.412,730.120,194.094,577.319
526.464,954.613,486.207,805.406,206.023,730.937,194.058,577.466
526.514,954.558,485.705,806.529,206.254,730.775,194.177,577.398
526.304,954.406,484.883,806.696,206.839,730.469,194.095,577.280
526.235,954.351,484.937,806.814,206.670,729.947,194.058,577.384
526.089,954.469,486.179,805.919,206.481,730.528,194.230,577.489
526.275,954.719,484.738,806.962,206.678,730.575,193.998,577.294
526.206,954.499,484.426,807.838,207.264,730.311,194.209,577.493
526.187,954.345,485.789,806.869,207.824,730.146,194.184,577.365
526.177,954.541,484.333,807.168,207.137,729.723,194.168,577.308
526.080,954.582,484.828,807.881,207.110,730.106,194.234,577.564
526.359,954.836,485.328,807.960,207.236,730.502,194.088,577.302
526.370,954.874,485.005,807.150,208.100,730.997,194.060,577.163
526.186,954.747,484.347,807.596,207.922,730.152,194.018,577.149
526.351,954.515,484.705,808.634,207.095,730.399,193.912,577.074
526.202,954.490,484.626,808.210,207.510,730.379,194.010,577.132
526.023,954.361,484.837,806.583,207.515,729.740,193.912,577.163
526.160,954.643,485.289,807.518,207.643,729.408,194.021,577.316
526.237,954.543,485.674,807.216,208.646,729.187,193.970,577.248
526.204,954.460,484.909,806.335,209.194,729.668,193.938,577.217
525.973,954.467,484.071,807.323,210.153,729.727,194.047,577.318
526.151,954.614,484.330,808.332,209.226,728.961,193.881,577.059
526.381,954.758,484.229,807.408,209.299,729.137,194.096,577.246
526.351,954.669,484.421,808.460,209.930,729.290,193.883,577.001
526.346,954.736,484.162,808.522,212.224,729.756,193.913,577.077
526.289,954.699,485.131,806.899,213.749,730.421,194.034,577.291
526.549,954.843,484.049,807.904,212.067,727.946,193.869,577.095
526.707,954.923,484.243,808.565,210.895,727.357,193.829,577.055
526.170,954.590,483.979,807.750,210.645,727.958,193.776,577.004
526.353,954.720,483.929,808.132,210.983,727.254,193.955,577.312
526.429,954.738,484.159,808.716,212.965,728.884,193.889,577.150
526.251,954.882,484.140,808.048,213.868,728.924,193.960,577.123
526.323,954.713,484.009,808.854,211.600,725.442,193.917,577.118
526.397,954.778,483.596,807.946,210.429,725.770,193.897,577.020
526.169,954.676,483.627,808.133,210.472,725.833,193.709,576.978
526.321,954.642,484.130,808.771,210.772,725.960,193.952,577.057
526.223,954.667,484.244,808.297,211.495,727.155,193.663,577.084
525.662,954.056,483.954,807.801,211.337,726.114,193.400,578.049
526.085,954.561,484.140,808.487,210.890,725.592,193.328,577.379
526.055,954.324,484.230,808.233,211.363,727.692,192.957,577.262
526.092,954.396,483.732,807.811,211.628,728.721,192.940,577.450
526.144,954.554,484.030,808.992,211.795,729.366,193.137,577.083
526.378,954.698,484.202,807.513,210.059,729.186,192.985,577.111
526.256,954.480,483.908,807.833,210.170,728.873,192.963,577.006
526.232,954.567,484.125,808.681,210.073,728.096,193.054,577.301
526.210,954.661,483.980,808.802,209.975,728.984,192.933,577.317
526.244,954.603,483.886,807.759,209.351,727.471,192.890,576.983
526.168,954.543,484.168,808.764,209.879,729.625,192.769,577.366
526.083,954.431,484.144,808.993,209.159,729.182,192.785,577.389
526.134,954.568,484.273,807.584,209.326,727.213,193.261,577.319
526.077,954.343,483.999,808.104,209.886,726.559,193.588,576.925
526.163,954.547,483.778,808.252,209.486,725.805,193.471,576.605
526.240,954.553,483.883,808.590,211.583,728.137,193.722,577.205
526.221,954.571,483.520,808.816,212.179,728.835,193.556,576.963
525.857,954.256,484.033,809.395,210.660,726.380,193.727,577.585
526.037,954.456,484.101,809.035,210.598,726.489,193.450,577.478
526.006,954.383,484.247,808.582,210.511,725.720,193.360,577.587
525.900,954.354,484.102,808.805,210.829,726.055,193.874,577.923
525.770,954.221,484.539,808.521,210.703,726.075,193.945,577.850
526.316,954.419,484.378,809.142,210.761,724.989,194.271,578.536
526.162,954.412,484.020,808.280,211.038,725.260,194.206,579.070
526.399,954.666,484.530,808.879,210.408,724.802,193.890,578.893
526.395,954.645,484.044,808.416,210.402,725.973,193.860,579.162
526.041,954.648,484.035,809.068,210.676,726.523,193.778,579.058
526.302,954.894,484.107,809.241,209.983,726.935,193.941,579.020
526.199,954.651,484.084,809.115,210.184,729.204,193.872,578.834
526.058,954.543,483.750,809.092,210.055,727.449,193.917,578.870
526.029,954.594,484.108,809.113,209.165,727.967,193.702,578.582
526.288,954.364,483.881,810.546,209.164,726.011,193.304,578.494
526.341,954.425,484.038,809.389,210.370,725.915,193.537,578.515
526.225,954.281,484.130,808.150,210.231,726.039,193.462,578.817
526.102,954.145,484.004,808.109,211.395,726.217,193.723,578.769
526.218,954.583,484.096,807.932,211.900,726.473,193.459,579.022
526.425,954.789,484.320,808.428,211.958,726.064,193.275,579.132
526.075,954.646,484.017,808.481,211.199,726.401,193.283,578.982
526.300,954.807,484.051,808.598,211.861,724.941,192.928,578.029
526.182,954.383,484.094,809.627,212.237,724.679,192.980,577.924
526.084,954.330,484.451,808.998,211.034,724.770,193.200,578.047
526.260,954.765,484.019,808.195,210.168,725.684,193.147,578.265
526.222,954.615,484.094,808.754,210.078,726.366,193.529,578.726
526.268,954.533,483.731,808.411,209.975,728.156,192.863,578.248
526.148,954.585,483.659,808.511,209.605,727.122,192.891,578.769
525.899,954.329,483.483,808.498,209.761,726.874,193.014,579.178
526.120,954.448,483.618,808.723,210.156,726.561,193.153,578.807
526.018,954.242,483.967,807.663,209.919,724.368,192.894,578.448
526.107,954.416,483.461,808.339,210.515,723.711,193.171,578.738
526.209,954.573,483.593,807.897,211.525,725.381,193.687,578.974
525.961,954.418,484.168,807.537,211.308,725.053,193.386,579.064
525.988,954.330,483.540,808.320,211.154,725.450,193.272,578.894
526.327,954.650,483.549,807.711,212.235,725.305,193.272,579.114
526.266,954.679,484.135,808.219,210.989,725.067,193.289,579.197
526.162,954.368,483.050,808.196,209.957,725.332,193.271,579.453
526.502,954.719,483.749,807.660,209.776,726.147,193.218,579.510
526.241,954.653,483.336,808.234,211.399,725.391,193.244,579.326
526.211,954.559,483.656,808.693,211.131,725.185,193.108,579.468
526.241,954.398,483.685,808.996,210.617,726.854,193.254,579.251
526.256,954.332,483.509,808.575,209.972,725.893,193.452,579.298
526.302,954.333,483.914,808.460,209.343,725.961,193.354,579.411
526.229,954.472,483.908,808.432,209.376,727.789,193.055,579.361
526.244,954.611,483.368,808.015,209.173,726.420,193.023,579.500
526.432,954.652,483.476,808.038,209.260,726.290,193.038,579.376
526.321,954.507,483.841,808.426,210.211,725.675,193.031,579.461
526.004,954.418,483.487,808.439,209.831,725.658,193.055,579.357
526.055,954.388,483.298,808.622,211.101,726.127,193.083,579.326
526.005,954.432,483.933,809.349,210.798,726.252,193.284,579.059
526.074,954.432,483.521,807.856,210.817,726.637,193.271,578.785
526.305,954.494,483.060,807.994,209.747,726.056,192.649,579.586
526.166,954.449,483.502,808.244,210.663,725.104,192.786,579.216
526.237,954.496,483.791,808.820,210.609,725.462,193.004,579.107
526.239,954.235,483.627,808.308,210.137,725.677,193.253,578.896
526.317,954.391,483.538,807.469,209.094,726.622,193.180,579.019
526.632,954.649,483.339,807.669,210.506,724.676,193.282,578.922
526.461,954.559,483.483,807.491,211.989,725.436,193.190,579.100
526.513,954.791,483.367,807.970,210.615,725.002,193.527,578.935
526.425,954.774,483.867,807.400,209.716,725.753,193.982,578.840
526.007,954.571,483.749,808.070,209.191,725.246,193.912,578.812
526.119,954.595,483.709,807.809,209.267,727.547,193.722,579.109
526.257,954.712,484.150,807.519,209.103,724.315,193.561,578.758
526.237,954.555,483.517,807.678,209.598,724.956,193.470,579.155
526.059,954.599,484.142,807.266,210.427,725.533,192.772,579.079
525.921,954.422,484.070,806.911,210.492,725.765,192.728,578.971
526.148,954.563,483.977,806.919,210.831,726.249,193.032,579.411
526.220,954.599,484.349,806.801,210.390,725.768,193.193,578.816
526.109,954.635,484.502,807.303,209.822,726.183,192.415,578.908
526.175,954.434,484.034,807.126,210.522,724.301,192.525,578.845
526.479,954.607,484.229,807.029,210.913,724.952,192.540,579.811
526.193,954.591,483.953,807.467,209.517,724.109,192.523,579.644
526.425,954.760,483.671,807.731,209.138,724.313,192.603,579.612
526.234,954.398,483.546,808.310,208.687,723.557,192.904,579.124
526.246,954.377,483.506,808.287,208.952,723.472,192.873,579.058
526.062,954.396,483.587,808.548,209.858,724.294,193.265,578.783
525.997,954.296,483.586,808.103,209.923,724.840,193.491,579.023
526.041,954.377,484.218,807.447,209.134,727.127,193.601,578.941
526.491,954.402,484.585,806.845,208.356,727.887,193.502,579.117
526.414,954.254,484.952,807.434,208.979,726.999,193.612,578.681
526.355,954.586,485.634,806.738,209.737,725.644,193.597,578.349
526.464,954.503,485.597,806.598,210.132,725.285,193.367,577.747
526.370,954.656,486.149,806.682,210.263,725.065,192.955,578.206
526.499,954.740,485.442,807.094,211.189,725.126,192.841,578.481
526.380,954.769,486.379,806.757,210.727,725.151,193.019,579.047
526.402,954.779,486.667,806.256,210.349,724.947,192.881,579.183
526.331,954.664,486.850,805.397,209.055,725.376,192.929,578.717
526.308,954.489,486.447,805.398,211.052,725.501,193.289,578.801
526.339,954.570,486.932,805.363,210.183,725.779,193.582,578.958
526.300,954.656,486.593,805.881,210.250,726.271,193.534,578.720
526.083,954.496,487.357,806.192,208.675,723.559,193.663,579.040
526.145,954.322,486.678,806.079,209.128,723.851,193.684,579.407
526.277,954.386,487.012,805.424,208.866,724.657,193.163,579.466
526.302,954.656,487.361,804.759,208.990,725.471,192.748,579.365
526.115,954.400,487.339,804.708,208.942,725.258,192.904,579.183
526.376,954.588,487.262,804.979,209.405,724.651,192.960,579.137
526.216,954.483,486.750,805.360,209.994,724.315,193.317,578.431
526.282,954.637,486.297,806.152,210.705,724.458,193.848,578.669
525.948,954.357,486.079,806.606,211.435,724.583,193.869,578.838
526.131,954.444,486.098,806.525,211.284,724.356,193.787,579.422
526.236,954.558,486.704,805.944,210.486,723.877,193.841,579.387
526.525,954.593,486.680,805.605,211.349,724.094,193.664,579.686
526.438,954.877,486.510,805.774,211.761,724.282,193.789,579.686
526.453,954.659,486.386,806.191,210.773,724.369,194.152,579.936
526.064,954.395,486.730,806.424,210.754,724.811,193.930,580.322
526.023,954.401,486.835,806.617,210.614,724.582,193.766,580.462
526.054,954.348,487.246,806.059,211.428,724.200,193.406,580.063
526.051,954.300,487.037,806.822,211.090,724.001,193.399,579.886
526.285,954.621,487.102,806.430,210.369,724.083,193.587,580.722
526.158,954.444,487.518,806.396,210.815,724.878,193.530,580.727
525.982,954.413,487.564,805.212,211.631,724.583,193.129,580.734
526.138,954.496,487.157,805.382,211.632,724.755,193.362,580.620
526.288,954.608,486.356,806.553,211.171,724.390,193.500,580.774
525.993,954.399,486.442,806.450,210.278,724.309,193.161,579.905
525.851,954.261,487.027,805.191,210.287,724.442,193.454,580.589
525.849,954.402,486.900,805.325,211.454,724.210,193.208,580.277
526.013,954.469,487.521,804.951,211.591,723.680,193.221,580.009
525.796,954.537,487.316,805.177,210.409,723.936,192.834,579.628
525.863,954.521,487.224,805.528,209.692,724.165,192.658,579.618
526.210,954.816,487.137,804.880,210.862,724.681,192.434,579.927
525.867,954.529,487.189,804.879,210.530,724.480,192.491,579.878
526.122,954.517,487.430,805.362,211.262,724.670,192.493,579.808
526.166,954.523,486.662,804.982,211.235,724.300,192.483,579.466
526.127,954.500,486.819,806.171,210.660,724.268,193.476,579.623
526.187,954.735,487.173,806.040,210.080,724.944,193.847,579.711
526.198,954.761,487.363,806.343,210.636,724.612,193.646,579.611
526.044,954.654,487.279,805.849,210.528,723.879,193.814,579.775
526.007,954.273,487.563,805.694,210.650,725.856,193.713,579.614
525.773,954.143,486.889,806.128,209.669,725.214,193.079,578.852
525.971,954.337,487.172,806.638,210.128,724.901,193.182,578.983
526.205,954.499,487.012,806.902,210.849,724.500,193.565,579.271
526.156,954.437,486.761,807.266,210.956,725.509,193.948,579.616
525.926,954.471,487.221,806.687,209.399,724.073,193.900,579.741
526.076,954.460,487.086,806.778,209.708,724.110,193.963,579.303
526.177,954.452,486.936,806.885,210.580,724.968,194.146,579.253
526.149,954.434,486.572,806.983,211.596,724.820,194.081,579.849
526.097,954.553,486.341,807.025,212.165,725.666,193.976,579.690
525.948,954.587,486.258,806.864,210.863,725.544,194.043,580.181
526.198,954.428,486.126,806.997,210.482,724.966,193.495,580.511
526.112,954.273,486.191,806.844,210.257,726.075,193.740,579.900
525.914,954.086,486.376,806.401,210.118,726.061,193.507,579.715
526.151,954.424,485.664,807.142,209.246,726.114,193.117,579.838
526.102,954.439,485.577,807.284,209.548,725.628,193.710,580.229
526.163,954.386,486.185,806.468,209.903,725.807,193.179,579.410
526.065,954.237,486.475,806.339,210.192,726.263,193.528,579.479
526.082,954.303,486.254,806.399,209.767,726.444,193.580,578.912
526.045,954.329,485.597,807.174,209.872,726.366,193.723,578.701
526.261,954.456,486.181,806.421,209.864,726.713,193.914,578.709
526.017,954.332,485.559,807.186,209.991,726.718,193.876,578.600
526.277,954.523,485.381,807.293,210.559,726.870,193.973,578.806
526.361,954.491,485.536,806.859,210.188,726.744,193.958,578.787
526.422,954.490,486.356,806.050,211.250,727.464,194.068,578.918
526.422,954.594,486.063,806.294,211.335,727.437,193.958,578.792
525.957,954.313,486.129,806.217,210.696,727.090,194.134,579.417
526.283,954.453,485.974,806.480,210.836,726.920,194.330,579.708
526.034,954.048,485.931,806.413,210.990,727.294,194.073,579.688
526.253,954.543,485.696,806.784,211.127,727.541,194.232,579.860
526.210,954.445,485.484,807.309,210.533,728.115,194.026,579.824
526.579,954.661,486.256,806.366,211.753,728.441,194.159,579.740
526.292,954.641,485.707,806.906,211.146,728.108,193.876,579.468
526.232,954.411,485.691,806.870,210.774,728.408,194.121,579.681
526.254,954.505,485.582,807.183,210.878,729.093,194.029,579.965
525.929,954.386,485.869,806.828,210.755,728.828,194.176,579.784
526.301,954.462,485.756,806.926,210.592,728.633,194.205,579.892
526.403,954.787,485.702,806.973,210.725,728.640,194.247,580.033
526.026,954.395,486.057,806.443,211.206,728.334,194.127,580.016
526.210,954.763,485.492,807.047,211.655,728.083,194.207,580.044
526.265,954.815,486.006,806.562,211.603,728.058,194.326,579.697
526.252,955.022,486.227,806.461,211.472,727.238,194.001,579.671
526.275,954.898,485.484,807.381,211.254,727.373,194.115,579.980
526.246,954.901,485.494,807.192,211.156,727.385,194.107,580.017
526.273,954.709,485.789,806.606,210.912,726.573,194.155,579.798
526.084,954.639,486.086,806.235,211.071,726.850,194.398,579.980
526.288,954.965,485.931,806.628,211.102,726.494,194.064,580.105
526.305,954.879,485.865,806.619,210.271,726.423,194.099,580.288
526.152,954.702,485.879,806.897,210.675,726.787,194.426,579.929
526.151,954.715,486.139,806.199,211.322,727.327,194.338,580.034
526.056,954.546,485.832,806.426,210.245,726.911,193.775,579.664
526.112,954.621,485.828,806.450,209.819,727.128,193.050,578.961
526.214,954.530,485.844,806.940,209.670,726.768,193.769,579.381
526.022,954.522,486.117,806.409,210.106,727.900,193.427,578.954
525.982,954.627,485.475,807.325,209.870,726.995,193.785,579.188
526.179,954.876,485.866,806.934,210.358,727.769,193.838,579.215
526.039,954.693,486.416,806.384,210.240,727.940,193.986,578.926
526.286,954.780,485.736,807.188,210.233,728.889,194.350,579.469
526.440,954.934,485.680,807.151,210.139,728.416,194.375,579.121
526.290,954.970,486.306,806.599,210.300,728.730,193.862,579.389
526.259,954.790,485.829,806.668,210.117,728.196,194.128,579.818
526.255,954.628,486.179,806.177,210.212,728.530,193.915,579.811
526.247,954.603,486.172,806.090,210.367,729.346,193.859,579.897
526.288,954.884,486.258,806.341,210.155,728.861,193.536,579.758
526.370,954.833,486.558,806.423,210.036,728.692,193.556,580.095
525.822,954.316,486.253,806.678,210.009,729.562,193.453,579.933
526.001,954.632,485.796,806.567,209.461,728.379,193.683,579.682
525.983,954.384,485.850,806.771,209.311,728.228,193.713,580.030
526.302,954.794,486.052,806.705,209.523,728.995,193.679,580.254
526.187,954.689,486.264,806.566,209.723,729.005,193.633,580.454
526.186,954.761,486.429,806.289,210.206,728.868,193.255,579.815
526.155,954.664,486.178,805.900,209.763,729.164,193.138,579.469
525.876,954.405,486.243,805.980,210.331,729.155,192.867,578.949
525.810,954.491,486.350,805.806,210.121,729.630,192.619,579.208
526.003,954.415,486.161,805.937,209.699,729.132,193.044,579.526
525.913,954.315,485.706,806.217,209.555,729.023,193.169,579.351
526.412,954.874,485.850,806.605,209.351,728.987,192.861,580.014
526.278,954.783,486.488,806.037,209.484,729.476,193.679,580.160
526.311,954.869,486.509,805.870,209.719,729.634,193.483,579.959
526.007,954.584,486.398,805.976,209.244,729.095,193.668,580.056
526.298,954.964,485.946,806.413,209.326,729.253,193.771,580.040
526.256,954.807,486.053,806.018,209.497,729.351,194.057,580.005
526.273,954.773,486.105,806.097,209.941,729.461,193.589,579.094
526.307,954.801,486.095,806.381,209.756,729.237,193.404,579.085
526.536,954.865,486.192,805.945,209.249,728.893,193.842,579.284
525.529,953.923,486.304,806.134,209.325,728.721,193.868,579.520
525.882,954.324,486.190,806.388,209.403,728.716,193.944,580.482
526.250,954.636,486.588,806.155,209.564,727.875,193.949,580.109
526.269,954.552,486.161,806.246,210.388,728.264,193.713,580.126
526.051,954.481,486.093,806.605,210.792,728.489,193.791,580.194
525.932,954.445,486.267,806.168,210.396,727.922,193.859,580.175
526.181,954.610,485.818,805.820,210.002,727.492,193.057,579.929
526.113,954.594,486.387,806.361,210.782,727.465,192.987,579.725
526.030,954.600,486.127,805.644,211.483,728.191,194.221,580.334
525.803,954.360,486.398,806.069,211.964,728.051,194.143,580.709
526.108,954.642,486.409,806.093,211.724,727.970,194.300,580.496
526.271,954.622,486.648,805.469,211.692,727.773,194.230,580.584
526.184,954.531,486.126,806.576,211.591,727.811,193.611,580.104
526.198,954.578,485.940,805.861,211.953,727.843,193.652,580.082
526.175,954.590,486.515,805.015,211.337,727.893,193.912,579.968
525.976,954.493,485.924,806.371,211.051,727.497,194.144,580.085
526.029,954.556,486.064,805.907,211.314,727.773,194.208,580.418
526.291,954.641,486.112,805.062,211.384,727.930,194.146,580.587
526.386,954.749,487.348,804.229,211.505,727.565,194.204,580.383
526.251,954.602,486.858,803.830,211.464,727.565,194.240,580.841
525.865,954.321,486.885,803.650,211.087,726.882,193.756,580.769
526.350,954.862,487.099,803.600,210.832,726.852,193.241,580.178
526.377,954.995,486.689,803.779,211.190,727.384,193.354,580.046
526.484,955.066,485.906,804.645,210.679,726.391,193.972,580.699
526.153,954.671,486.289,804.395,210.919,726.756,194.058,581.709
526.038,954.638,485.922,804.590,210.881,725.911,193.496,581.135
526.075,954.424,485.500,805.158,210.949,725.638,193.518,581.198
526.145,954.714,485.631,804.968,211.300,726.905,193.584,580.884
526.295,954.729,485.413,804.881,210.697,725.520,193.131,579.938
526.151,954.778,485.440,805.211,210.779,725.610,193.766,580.502
526.021,954.722,485.756,804.779,210.846,725.067,193.651,581.548
526.046,954.685,486.183,804.266,210.858,725.981,193.644,581.894
526.235,954.712,485.863,804.484,211.477,726.747,192.915,581.515
526.176,954.661,486.009,804.644,211.319,725.288,191.912,580.221
526.080,954.723,485.912,804.917,210.906,725.113,192.836,580.910
526.297,954.854,486.413,804.681,210.544,724.586,192.869,580.468
526.039,954.631,486.649,804.661,211.220,726.872,192.825,580.491
526.018,954.514,487.009,804.738,211.987,727.077,192.322,580.357
525.919,954.494,486.524,804.770,211.851,725.004,192.472,579.465
526.245,954.765,486.949,804.728,210.591,724.522,192.828,580.189
526.163,954.783,486.915,804.704,209.987,723.791,191.857,580.033
526.003,954.735,487.124,804.546,209.610,725.003,192.548,578.733
526.172,954.795,487.463,804.290,209.832,725.888,193.541,578.184
526.075,954.688,487.337,804.031,211.369,727.401,193.266,578.351
526.082,954.579,487.169,804.123,211.261,725.816,193.166,578.772
525.980,954.763,486.865,804.530,210.550,726.254,192.653,580.315
526.087,954.638,486.713,804.244,210.465,726.786,192.059,578.794
526.068,954.633,486.886,804.429,210.154,725.950,191.664,578.002
526.080,954.756,487.074,804.025,211.179,728.075,191.333,578.022
526.161,954.890,487.046,804.803,210.837,728.104,191.078,577.896
526.193,954.658,487.117,804.440,209.751,728.623,190.978,577.573
526.240,954.672,486.523,804.653,209.350,728.466,191.118,579.220
525.949,954.500,486.189,804.458,210.857,729.871,190.797,578.450
526.025,954.413,487.035,803.548,210.103,728.782,190.315,577.261
525.969,954.639,486.684,803.928,210.553,728.954,190.615,577.197
526.186,954.724,486.151,804.035,210.381,728.835,190.447,576.980
526.114,954.770,486.637,804.897,210.847,728.774,189.770,577.385
526.163,954.762,486.621,804.352,210.502,729.246,188.903,578.186
526.113,954.741,486.929,804.908,210.757,729.001,189.781,577.554
525.854,954.450,487.078,804.351,211.246,729.689,189.845,578.874
526.042,954.388,486.861,804.460,210.677,728.632,190.311,580.033
525.981,954.393,487.072,805.129,210.774,728.970,189.876,579.852
525.953,954.475,486.986,804.491,210.760,728.962,190.049,579.917
526.178,954.748,486.910,804.128,210.770,728.719,189.148,577.792
525.949,954.412,486.239,804.401,210.950,728.979,189.990,579.070
526.073,954.620,486.779,804.685,210.853,729.225,189.872,579.133
525.972,954.545,486.405,805.048,210.874,729.109,190.042,578.814
525.972,954.683,486.374,805.302,210.746,729.094,190.090,578.232
526.236,954.969,486.631,804.602,211.168,729.499,189.324,579.167
525.979,954.729,486.945,803.818,210.936,729.061,189.620,579.690
526.114,954.548,486.909,804.030,210.981,729.075,189.579,579.532
526.179,954.625,486.520,804.480,210.723,728.894,189.432,579.256
526.189,954.630,486.167,804.456,210.830,728.508,190.404,580.632
526.221,954.781,486.373,804.482,210.753,728.687,190.479,580.248
526.439,954.908,486.476,804.293,210.836,728.659,190.594,579.848
526.438,955.026,486.714,804.930,210.796,728.578,190.926,582.505
526.385,954.811,486.072,805.424,211.332,729.141,189.895,579.129
526.349,954.729,485.693,805.459,211.300,729.179,190.136,579.371
526.338,954.869,485.645,805.921,210.866,728.975,189.359,580.193
526.303,954.814,485.715,805.463,210.989,728.711,189.071,577.399
526.070,954.700,485.892,805.377,211.059,728.815,188.898,579.216
526.062,954.718,486.502,804.195,210.937,728.851,188.946,581.394
526.132,954.697,486.174,804.204,210.812,728.761,188.894,579.970
526.190,954.758,485.620,804.110,211.024,728.852,188.874,579.703
526.100,954.587,485.772,804.677,210.544,727.734,189.426,581.249
526.035,954.513,485.403,805.264,210.318,727.695,189.499,581.565
526.075,954.561,485.655,804.582,210.220,727.694,189.495,581.233
526.063,954.500,485.957,804.243,210.223,728.254,188.883,578.104
525.816,954.437,485.312,804.670,210.301,727.477,188.905,578.543
526.033,954.624,485.346,805.090,210.898,722.896,189.240,580.793
526.006,954.608,485.638,805.100,212.372,721.538,188.721,581.085
526.106,954.750,485.713,804.274,212.487,721.855,189.426,578.619
526.237,954.727,485.543,803.522,212.214,721.676,190.268,580.214
526.100,954.615,485.111,803.797,212.077,721.808,193.023,580.249
526.065,954.521,485.643,803.749,212.092,721.770,193.025,580.172
526.308,954.851,484.829,804.574,211.687,721.549,192.998,580.065
526.013,954.686,485.174,804.275,211.688,721.549,192.707,579.960
525.875,954.429,485.701,804.159,211.747,721.310,193.228,580.218
526.266,954.714,485.354,804.183,211.680,721.727,193.562,580.200
525.968,954.332,485.121,803.268,211.657,721.204,193.261,579.527
526.113,954.484,485.327,803.833,211.355,721.626,193.257,579.205
525.987,954.411,484.799,804.312,211.553,721.841,193.470,579.246
526.121,954.522,484.916,804.858,211.192,721.826,193.362,578.500
525.992,954.363,484.792,804.904,211.304,722.053,194.294,578.333
526.230,954.593,485.155,803.563,211.611,721.778,194.363,575.782
526.115,954.482,485.375,803.580,211.582,721.815,193.695,571.947
526.285,954.572,485.259,804.492,211.429,721.444,193.660,568.688
526.385,954.773,484.491,805.239,211.310,721.548,194.251,566.081
526.177,954.742,484.593,805.247,211.379,721.605,194.540,563.658
526.247,954.854,485.304,804.403,211.523,721.775,194.748,562.504
526.441,954.933,485.457,803.624,211.510,721.613,194.801,561.773
526.236,954.886,485.328,804.125,211.242,721.964,195.950,561.677
526.198,954.639,485.132,804.432,211.581,721.314,196.012,562.064
526.110,954.583,485.186,804.441,211.517,721.834,195.990,561.722
526.100,954.684,485.639,804.254,211.540,721.944,196.294,561.130
526.334,954.676,484.815,804.890,211.411,721.808,196.486,561.848
526.470,954.792,484.434,805.718,211.202,721.730,196.798,562.123
526.199,954.628,484.322,805.474,211.459,721.790,197.085,563.417
525.818,954.602,484.139,805.524,211.719,721.471,197.428,564.405
526.074,954.658,483.721,805.579,211.622,722.305,197.262,564.267
526.122,954.638,484.181,805.415,210.766,722.239,197.144,564.220
526.301,954.814,484.592,804.686,211.156,722.180,197.055,564.135
526.095,954.503,484.930,804.898,211.548,721.761,196.804,564.192
525.907,954.487,485.401,804.828,211.225,722.510,196.646,564.268
526.168,954.724,485.382,804.852,211.231,722.506,196.969,564.268
525.942,954.565,485.679,804.735,211.272,722.414,197.637,564.025
526.138,954.692,485.079,805.294,211.619,722.263,197.608,563.785
526.254,954.696,484.697,806.420,211.808,721.910,198.215,563.549
526.076,954.705,485.032,805.925,211.663,722.007,198.099,564.045
526.201,954.736,485.524,806.196,211.599,722.149,197.640,564.194
525.908,954.526,485.662,805.480,211.564,722.103,197.360,564.320
526.172,954.838,485.050,805.539,211.558,721.925,197.176,564.625
525.985,954.437,484.648,806.701,211.621,721.710,196.845,564.437
526.358,954.854,484.998,806.496,211.426,721.729,196.849,564.578
526.006,954.546,485.601,805.269,211.370,722.108,196.769,563.901
525.962,954.553,485.549,804.720,211.619,721.875,197.120,564.081
525.750,954.332,484.873,805.251,211.735,721.946,196.886,564.004
525.975,954.417,484.822,805.586,211.832,722.197,197.473,563.862
525.773,954.266,484.477,805.737,211.692,722.040,197.708,563.596
526.261,954.679,485.550,805.129,211.655,721.873,197.468,563.744
525.794,954.427,485.129,804.498,211.566,721.900,197.648,563.401
526.347,954.771,485.560,804.322,211.699,721.622,197.429,563.432
525.961,954.650,484.545,805.054,211.779,721.659,197.540,563.522
526.264,954.776,484.775,805.564,211.536,721.908,197.693,563.785
526.272,954.914,485.108,806.052,211.644,721.954,197.855,563.912
526.043,954.565,485.135,804.940,211.638,722.317,198.061,563.998
526.134,954.643,485.087,803.690,211.594,722.099,197.787,564.185
526.227,954.807,485.370,804.274,211.669,722.090,197.734,564.219
526.205,954.602,484.931,805.400,211.682,722.020,197.670,564.148
526.325,954.690,484.520,805.340,211.733,722.044,197.668,563.877
526.349,954.667,484.506,804.404,211.747,722.006,197.517,564.289
526.439,954.941,484.341,804.265,211.611,722.022,197.651,564.280
526.297,954.789,483.939,804.998,211.821,722.296,197.700,564.077
526.227,954.706,483.461,805.562,211.708,722.122,197.579,564.386
526.301,954.635,483.719,805.720,211.747,722.215,197.027,563.666
526.291,954.693,484.004,805.027,211.792,722.190,196.684,562.954
526.547,954.839,483.731,804.915,211.753,722.145,197.123,563.498
526.613,954.739,483.758,805.408,211.759,722.207,197.231,563.597
526.409,954.679,483.637,805.633,211.739,722.150,197.438,564.452
526.119,954.665,483.940,806.180,211.592,722.121,197.034,564.073
526.248,954.503,484.228,805.212,211.871,721.911,197.095,563.842
526.268,954.688,484.391,804.592,211.736,722.313,197.409,563.825
526.119,954.522,484.472,804.469,212.080,721.992,197.443,564.158
526.062,954.474,484.011,804.627,211.813,721.816,197.442,564.666
526.382,954.900,484.779,804.405,211.744,721.934,197.251,564.123
526.009,954.543,484.057,803.895,212.011,721.986,197.302,564.569
525.843,954.343,484.195,804.892,211.701,722.010,197.173,564.217
526.181,954.635,483.356,805.920,211.727,722.011,197.029,564.182
526.303,954.639,483.513,806.160,211.793,722.208,196.798,563.764
525.850,954.426,484.141,804.395,211.358,722.145,196.729,563.894
525.978,954.547,483.936,805.034,211.396,722.231,196.604,563.857
526.172,954.850,483.511,806.624,211.397,722.199,196.792,564.301
526.110,954.639,483.970,806.799,211.505,722.236,196.632,564.481
526.286,954.725,484.318,805.381,211.808,722.037,196.843,564.653
526.236,954.612,484.716,805.198,211.583,722.101,196.950,564.752
525.754,954.412,484.709,806.415,211.533,721.996,196.856,564.617
526.187,954.571,484.533,806.973,211.836,721.827,196.617,564.437
525.830,954.310,483.791,809.227,211.850,721.926,196.818,564.449
526.097,954.513,483.517,809.985,211.669,722.160,196.767,564.218
526.074,954.384,483.024,811.009,211.630,721.884,196.722,564.177
526.328,954.935,483.420,811.523,211.935,721.766,196.848,564.442
526.324,954.741,483.435,811.286,211.843,721.591,196.876,564.450
526.041,954.732,483.885,809.674,211.952,721.931,196.975,564.968
526.434,954.916,483.013,810.180,211.596,722.197,196.857,564.516
526.141,954.829,482.258,810.510,211.877,721.909,196.647,563.886
526.282,954.866,482.328,811.251,211.906,721.812,196.398,562.931
526.256,954.891,482.183,811.059,211.725,721.779,196.725,564.009
526.373,954.849,482.135,811.497,211.592,721.643,196.826,565.026
526.349,955.048,481.718,812.206,211.367,722.449,196.886,564.587
526.234,954.907,482.349,811.155,211.590,722.051,196.806,564.527
526.164,954.738,483.151,809.155,211.622,722.286,196.766,564.345
526.116,954.745,483.291,808.796,211.576,722.171,196.803,564.422
525.996,954.509,483.187,808.233,211.662,722.285,196.931,564.468
526.244,954.721,481.902,810.418,211.504,722.010,197.103,564.577
526.342,954.774,481.830,809.518,211.330,722.249,196.905,564.319
526.171,954.723,482.225,811.212,211.544,722.335,197.058,564.574
526.414,955.009,482.826,810.335,211.678,722.427,197.017,564.542
525.959,954.652,481.518,810.887,211.487,722.326,196.935,564.531
526.133,954.694,481.459,810.620,211.527,722.289,196.823,564.546
526.235,954.786,481.411,810.245,211.632,722.504,196.970,564.539
526.296,954.893,481.040,811.127,211.658,722.514,197.092,564.440
526.033,954.705,481.126,811.055,211.360,722.190,197.037,564.612
525.949,954.478,481.433,810.590,211.528,722.060,196.939,564.187
525.969,954.562,482.760,808.566,211.232,721.980,197.024,564.662
526.467,954.947,481.610,811.216,211.416,722.065,197.026,564.743
526.075,954.614,481.478,811.677,211.300,722.142,197.055,564.553
526.066,954.742,481.444,811.481,211.232,722.502,197.196,564.500
526.130,954.810,481.577,810.888,211.127,722.259,196.906,564.217
526.188,954.689,482.136,809.699,211.167,722.290,196.963,564.026
526.131,954.659,482.424,810.449,211.214,722.400,197.027,564.170
526.220,954.722,483.940,809.092,211.279,722.353,196.975,564.256
526.335,954.856,482.973,810.287,211.052,722.218,197.167,564.418
526.300,954.771,482.799,809.979,211.300,722.101,197.203,564.228
526.403,954.857,483.014,809.437,211.403,722.125,197.142,564.124
526.313,954.893,482.839,810.599,211.287,722.343,197.398,564.249
526.511,954.918,483.296,810.474,211.073,722.358,197.088,564.120
526.568,955.014,482.744,810.757,211.562,722.571,197.317,564.326
526.290,954.703,481.848,810.714,211.700,722.540,197.316,564.061
526.251,954.703,481.289,811.274,211.479,722.571,197.279,564.248
526.251,954.875,481.005,810.770,211.094,722.751,197.148,564.280
526.303,955.035,481.530,810.510,210.963,723.005,197.083,564.192
526.178,954.607,482.880,807.729,209.770,722.053,197.187,564.015
526.410,954.820,483.645,807.488,209.133,721.416,197.116,563.947
526.109,954.607,482.621,809.102,208.905,721.141,197.267,564.319
526.296,954.800,481.733,810.785,208.879,720.952,197.232,564.273
526.151,954.466,483.926,808.855,209.065,721.373,197.047,563.950
526.242,954.564,483.984,810.282,209.162,720.876,197.144,564.036
526.198,954.557,482.493,811.576,209.105,720.745,197.398,564.110
526.131,954.601,482.114,810.427,209.100,720.427,197.313,563.970
526.397,954.783,482.778,809.858,208.893,720.049,197.346,564.090
526.180,954.650,483.023,810.775,209.469,720.905,197.214,563.946
526.363,954.830,483.347,810.970,209.094,720.500,197.171,563.709
526.562,954.901,483.523,810.275,209.461,720.828,197.470,564.174
526.537,954.788,483.017,809.934,209.456,720.784,197.328,563.882
526.547,954.905,483.109,810.912,209.457,720.803,197.341,563.761
526.407,954.874,483.246,811.113,209.381,720.855,197.186,563.667
526.438,954.745,482.861,810.383,209.389,720.820,197.466,564.104
526.357,954.765,483.436,808.595,209.340,720.796,197.330,563.943
526.403,954.566,483.613,808.041,209.258,720.702,197.675,564.094
526.568,954.636,484.106,807.618,209.129,720.534,197.529,563.948
526.286,954.702,485.013,806.320,209.425,721.224,197.500,563.816
526.057,954.547,485.070,807.082,209.393,721.319,197.399,564.061
526.267,954.798,484.529,808.171,209.021,721.222,197.562,564.241
526.155,954.518,484.242,808.754,209.199,721.329,197.372,564.081
526.143,954.573,484.341,808.633,209.247,721.082,197.428,564.128
526.439,954.702,484.436,808.760,209.180,721.385,197.395,564.065
526.231,954.625,484.376,808.659,209.247,721.410,197.394,564.139
526.317,954.556,484.321,808.643,209.557,721.694,197.334,563.902
526.101,954.529,483.615,811.054,209.264,721.621,197.116,563.809
526.155,954.262,483.493,812.167,209.246,721.115,197.163,563.762
526.177,954.344,483.950,811.718,209.371,721.572,197.180,563.748
526.276,954.526,484.107,810.531,209.310,721.362,197.352,563.888
526.318,954.719,484.410,810.648,209.153,721.079,197.322,563.786
526.330,954.744,484.065,810.560,209.312,721.326,197.398,563.830
526.112,954.600,484.156,811.040,209.187,721.532,197.321,563.916
526.107,954.344,484.033,810.671,209.092,721.151,197.437,563.651
526.098,954.418,484.543,811.447,209.127,721.034,197.237,563.652
526.168,954.471,484.196,810.629,208.983,720.942,197.164,563.534
525.877,954.246,483.773,811.009,209.164,721.402,197.276,563.688
525.918,954.231,483.618,810.706,209.122,721.149,197.369,563.670
526.274,954.780,483.711,811.191,209.266,721.530,197.322,563.668
526.227,955.042,484.106,809.610,209.187,721.486,197.446,563.722
526.362,954.625,484.286,810.480,209.276,721.770,197.403,563.907
526.351,954.727,483.736,810.906,209.263,721.605,197.511,563.917
525.779,954.201,483.846,810.585,209.302,721.701,197.333,563.974
526.152,954.543,484.637,809.459,209.289,721.432,197.107,563.644
526.035,954.426,484.885,808.266,209.275,721.348,197.299,563.455
526.087,954.476,483.361,810.070,209.276,721.401,197.449,563.817
526.092,954.499,483.109,810.068,209.309,721.354,197.416,563.573
525.969,954.336,483.858,809.724,209.344,721.510,197.283,563.496
526.049,954.380,483.912,809.150,209.445,721.755,197.285,563.559
526.191,954.501,483.834,808.710,209.157,721.285,197.269,563.510
525.971,954.307,483.469,807.342,209.300,721.519,197.165,563.497
526.118,954.556,482.920,808.335,209.182,721.480,197.442,563.810
526.030,954.526,483.199,807.124,209.137,721.538,197.509,563.742
526.098,954.552,483.733,807.659,209.426,721.741,197.464,563.651
526.215,954.677,483.742,807.445,209.424,721.745,197.366,563.622
526.014,954.517,482.889,806.770,209.080,721.413,197.402,563.591
525.982,954.492,482.451,807.174,209.403,721.621,197.460,563.684
526.114,954.684,482.787,807.585,209.334,721.665,197.729,563.969
526.105,954.541,483.228,806.973,209.340,721.669,197.345,563.930
526.065,954.502,483.384,807.462,209.321,721.584,197.411,563.609
526.002,954.333,482.233,807.087,209.240,721.614,197.739,563.921
525.790,954.086,482.199,807.570,209.166,721.126,197.642,564.075
526.254,954.565,482.697,807.783,209.526,721.877,197.426,563.973
526.302,954.537,483.069,806.846,209.593,721.986,197.507,563.991
525.984,954.494,482.819,807.625,209.044,721.250,197.529,564.075
526.047,954.442,481.380,807.135,209.115,721.515,197.408,563.969
526.072,954.555,481.950,806.744,209.059,721.603,197.447,563.842
526.131,954.519,483.138,805.633,209.017,721.643,197.520,563.901
526.218,954.498,483.054,805.895,209.215,721.464,197.479,564.085
526.275,954.559,481.898,806.984,209.174,721.430,197.398,564.038
526.191,954.633,480.874,808.274,209.297,721.448,197.679,564.081
526.309,954.709,483.410,806.660,209.205,721.628,197.451,563.970
526.245,954.475,484.004,806.147,209.280,721.583,197.459,563.797
526.310,954.734,482.920,807.081,209.263,721.639,197.386,563.644
526.342,954.603,481.881,807.016,209.229,721.648,197.564,564.022
526.358,954.748,482.129,807.482,209.033,721.130,197.314,563.799
526.168,954.496,481.005,809.265,209.332,721.519,197.525,563.731
526.228,954.647,479.254,810.069,209.114,721.244,197.588,563.654
525.935,954.421,479.642,810.059,209.035,721.053,197.478,563.460
526.637,954.907,481.427,808.929,208.976,721.448,197.395,563.587
526.688,954.928,481.137,808.659,209.142,721.324,197.478,563.707
526.295,954.621,480.463,810.010,209.216,721.740,197.550,563.976
526.384,954.756,480.140,811.780,209.284,721.674,197.327,563.957
526.179,954.432,479.745,811.386,208.977,721.309,197.608,563.886
526.202,954.468,480.496,809.943,209.061,721.603,197.391,563.922
526.028,954.389,479.822,809.666,209.121,721.544,197.497,563.880
526.642,954.812,480.166,809.044,209.377,721.800,197.567,564.000
526.293,954.687,479.998,809.397,209.248,721.689,197.575,563.894
526.097,954.642,479.929,810.788,209.211,721.652,197.415,563.597
526.142,954.586,480.300,809.734,209.186,721.639,197.422,563.589
526.048,954.550,479.950,809.227,209.375,721.829,197.400,563.710
526.059,954.489,480.020,810.735,209.229,721.741,197.407,563.669
526.144,954.594,479.683,811.299,209.292,721.745,197.468,563.775
526.225,954.662,479.019,810.778,209.169,721.611,197.500,563.899
526.194,954.607,478.499,812.857,209.171,721.609,197.304,563.765
526.184,954.615,479.124,812.483,209.136,721.655,197.361,563.770
526.035,954.697,478.831,813.531,209.058,721.440,197.469,563.703
526.067,954.701,478.302,814.075,209.076,721.475,197.436,563.624
526.221,954.653,478.363,813.959,209.056,721.540,197.634,563.945
526.334,954.793,478.256,813.527,209.001,721.592,197.618,563.737
526.222,954.803,478.538,812.218,209.008,721.551,197.702,563.884
526.103,954.717,477.914,813.519,209.124,721.629,197.454,563.866
526.232,954.834,478.657,812.704,209.138,721.594,197.393,563.760
526.143,954.639,478.237,813.665,209.140,721.579,197.388,563.623
526.188,954.728,478.671,813.324,209.037,721.472,197.341,563.551
526.069,954.626,479.125,812.534,209.110,721.457,197.428,563.791
526.145,954.618,479.324,811.530,209.346,721.640,197.223,563.730
526.237,954.681,480.069,810.020,209.199,721.597,197.548,563.754
526.234,954.887,479.421,811.186,209.155,721.582,197.629,563.938
525.986,954.668,479.187,811.110,209.507,721.903,197.436,563.743
525.849,954.594,479.971,809.022,209.052,721.548,197.522,563.480
525.983,954.413,479.560,809.298,209.470,721.691,197.429,563.589
525.962,954.586,480.732,809.466,209.149,721.623,197.285,563.473
525.960,954.542,480.813,810.539,209.114,721.378,197.329,563.542
526.383,954.691,479.598,810.228,209.018,721.128,197.537,563.939
526.140,954.485,478.797,809.890,209.143,721.405,197.647,564.027
526.470,954.888,479.173,810.170,209.160,721.428,197.516,563.826
526.185,954.763,479.228,809.976,209.293,721.516,197.693,563.896
525.847,954.459,479.166,809.650,209.139,721.344,197.570,563.833
526.336,954.918,479.966,809.051,209.063,721.334,197.456,563.937
526.064,954.537,480.462,809.111,209.044,721.484,197.474,563.776
526.272,954.603,480.476,809.432,208.986,721.478,197.446,563.766
525.965,954.609,480.386,809.079,209.126,721.640,197.530,563.972
526.147,954.828,480.060,811.357,209.269,721.811,197.696,563.921
526.189,954.673,479.512,812.069,209.285,721.735,197.752,563.624
526.193,954.615,479.402,811.029,209.233,721.540,197.765,563.721
526.329,954.705,479.356,811.328,209.171,721.456,197.698,563.731
526.337,954.608,479.518,811.064,209.462,721.634,197.620,563.739
525.979,954.316,479.465,812.051,209.075,721.287,197.563,563.775
526.306,954.652,479.287,811.943,209.109,721.420,197.447,563.528
526.118,954.597,479.274,811.501,209.116,721.419,197.557,563.625
526.319,954.563,479.696,811.699,209.140,721.321,197.384,563.552
526.447,954.701,480.598,811.780,209.084,721.336,197.458,563.609
526.179,954.615,481.238,810.849,209.205,721.312,197.636,563.705
526.139,954.559,481.983,809.560,209.125,721.460,197.551,563.755
526.047,954.491,481.611,809.258,209.287,721.642,197.675,563.774
526.156,954.482,482.910,807.520,209.020,721.219,197.666,563.825
525.985,954.390,481.420,809.776,209.280,721.825,197.766,563.756
526.038,954.304,481.600,809.139,209.294,721.899,197.667,563.644
526.183,954.380,481.065,810.767,209.396,722.010,197.543,563.499
526.424,954.762,480.841,812.001,209.362,721.556,197.586,563.635
526.236,954.603,481.074,811.873,209.321,721.511,197.794,563.894
526.126,954.639,481.177,811.269,208.939,721.210,197.610,563.919
526.371,954.885,481.152,811.033,209.093,721.431,197.727,563.774
526.075,954.644,481.632,809.834,209.251,721.468,197.564,563.661
526.100,954.669,481.428,809.944,209.204,721.315,197.579,563.693
526.485,954.682,481.084,810.440,209.129,721.598,197.636,563.847
526.368,954.566,480.921,810.987,209.239,721.576,197.638,563.741
526.126,954.731,481.025,810.824,209.256,721.530,197.711,563.994
526.067,954.697,481.253,810.775,209.411,721.723,197.452,563.425
526.148,954.816,481.515,810.813,209.228,721.406,197.574,563.468
526.259,954.607,481.177,810.496,208.946,721.430,197.776,563.948
526.279,954.740,481.200,810.500,209.383,721.819,197.688,563.916
526.101,954.564,481.765,810.098,209.334,721.590,197.440,563.802
526.369,954.861,481.074,811.054,209.047,721.351,197.546,563.779
526.163,954.622,481.253,810.109,209.614,722.090,197.305,563.385
526.189,954.673,481.578,811.035,209.738,722.215,197.319,563.311
526.114,954.474,481.157,810.833,209.265,721.679,197.657,563.604
525.929,954.421,481.434,810.439,209.552,722.133,197.542,563.703
526.142,954.440,481.841,810.151,209.240,721.844,197.720,563.783
525.986,954.422,481.455,810.141,209.085,721.602,197.668,563.815
526.340,954.611,481.454,810.401,209.460,721.958,197.528,563.921
526.312,954.639,482.625,809.119,209.657,722.207,197.539,563.746
526.102,954.610,482.692,808.717,209.529,721.775,197.781,563.894
526.311,954.779,482.732,808.183,209.329,721.655,197.793,563.631
526.067,954.557,482.837,808.157,209.066,721.532,197.720,563.736
526.261,954.626,482.815,807.944,209.118,721.564,197.861,563.805
526.125,954.565,482.885,808.050,209.066,721.493,198.017,563.923
526.276,954.589,482.433,808.384,209.230,721.571,197.664,563.613
526.301,954.682,482.466,808.162,209.005,721.146,197.685,563.727
526.187,954.550,482.423,808.473,209.260,721.698,197.789,564.002
526.367,954.804,482.268,809.088,209.075,721.540,197.826,563.906
526.233,954.682,482.470,808.802,209.163,721.666,197.603,563.833
526.490,954.971,482.154,809.034,208.884,721.465,197.694,563.974
526.141,954.583,482.975,808.962,208.833,721.434,197.703,563.689
526.205,954.590,482.922,808.918,208.869,721.340,197.700,563.750
526.308,954.562,482.794,809.003,208.774,721.306,197.560,563.672
526.283,954.764,482.575,809.102,209.004,721.602,197.679,563.622
526.212,954.721,483.038,809.112,208.882,721.214,197.593,563.662
526.003,954.507,482.817,808.310,209.009,721.531,197.526,563.820
525.968,954.636,482.823,808.452,208.985,721.434,197.686,563.687
526.242,954.773,482.525,809.126,208.975,721.520,197.645,563.620
526.282,954.768,481.874,809.468,209.097,721.644,197.606,563.561
526.034,954.686,482.100,809.613,208.974,721.466,197.709,563.837
526.317,954.705,482.601,808.305,209.162,721.698,197.754,563.909
526.566,954.761,482.243,809.109,209.158,721.319,197.677,563.742
526.422,954.645,482.260,809.294,209.245,721.687,197.653,563.771
526.148,954.636,481.959,809.583,209.371,721.899,197.515,563.480
526.323,954.619,482.124,808.707,209.147,721.518,197.515,563.534
526.091,954.443,482.853,807.540,209.161,721.657,197.695,563.777
526.093,954.643,482.625,807.649,209.325,721.636,197.568,563.880
526.358,954.742,482.072,807.418,208.904,721.303,197.641,564.090
526.269,954.710,482.091,808.153,209.163,721.673,197.587,563.856
526.467,954.907,481.409,808.263,209.225,721.815,197.521,563.819
526.485,955.017,481.615,807.913,208.956,721.480,197.329,563.641
526.467,955.172,482.715,807.073,209.108,721.638,197.368,563.534
526.463,955.002,482.643,807.699,209.095,721.584,197.576,563.771
526.538,955.040,482.232,808.484,209.071,721.502,197.696,563.783
526.017,954.541,481.745,808.974,208.923,721.416,197.615,563.537
526.250,954.664,481.955,808.411,209.030,721.553,197.608,563.621
526.037,954.396,482.443,807.785,209.023,721.565,197.449,563.568
526.091,954.632,482.508,809.158,208.858,721.343,197.517,563.513
526.428,954.871,481.841,809.366,208.840,721.275,197.671,563.646
526.202,954.633,481.694,809.942,209.253,721.805,197.550,563.798
526.259,954.638,481.547,809.938,209.355,721.861,197.485,563.709
526.493,954.893,482.200,808.435,209.546,722.095,197.556,563.711
526.266,954.653,482.568,808.764,209.190,721.871,197.502,563.727
526.347,954.846,482.338,809.532,209.214,721.541,197.444,563.719
526.537,954.935,481.928,809.166,208.843,721.187,197.440,563.796
526.306,954.693,481.825,809.759,208.876,721.562,197.402,563.683
526.421,954.692,481.703,809.710,208.932,721.659,197.640,563.980
526.474,954.732,482.500,809.531,208.794,721.509,197.521,563.685
526.475,954.779,482.665,808.546,208.883,721.446,197.405,563.615
526.167,954.696,482.744,808.169,209.211,721.590,197.601,563.826
526.132,954.572,482.665,808.217,209.156,721.671,197.598,563.769
526.118,954.361,483.207,807.977,209.082,721.391,197.822,563.816
526.348,954.572,483.063,808.258,208.528,721.325,197.490,563.781
526.386,954.646,483.700,808.587,208.739,721.715,197.520,563.756
526.795,954.864,483.338,808.916,208.832,721.172,197.406,563.825
526.629,954.834,483.457,808.652,208.839,721.282,197.457,563.824
526.401,954.928,483.315,808.933,208.643,721.258,197.435,563.902
526.472,954.895,483.080,809.110,208.935,721.406,197.385,563.779
526.040,954.540,483.179,809.021,208.670,721.410,197.595,563.604
526.220,954.800,483.255,809.479,208.816,721.467,197.578,563.680
526.449,954.775,483.129,808.975,209.187,721.689,197.703,563.788
526.569,954.724,483.508,809.177,209.125,721.592,197.674,563.704
526.515,954.636,483.648,809.420,209.277,721.740,197.483,563.557
526.301,954.570,483.893,809.020,209.412,722.150,197.466,563.648
526.145,954.592,483.033,809.125,209.347,722.045,197.314,563.503
526.406,954.705,481.976,808.955,209.271,721.685,197.662,563.690
526.646,954.966,481.444,809.312,209.312,721.738,197.663,563.718
526.521,954.681,482.486,808.775,209.429,722.044,197.534,563.634
526.469,954.657,482.646,808.415,209.182,721.880,197.337,563.416
526.268,954.712,482.130,808.853,209.298,721.891,197.584,563.734
526.439,954.840,481.991,808.158,209.191,721.872,197.472,563.560
526.293,954.700,482.287,807.355,209.236,721.892,197.289,563.409
526.542,954.659,482.120,807.642,209.237,721.885,197.324,563.319
526.070,954.385,482.507,806.867,208.912,721.659,197.407,563.608
526.261,954.562,482.675,807.268,209.035,721.713,197.330,563.691
526.039,954.334,483.072,807.025,208.923,721.589,197.307,563.526
526.191,954.534,482.881,807.574,209.191,722.024,197.229,563.379
526.568,955.275,482.890,807.278,208.953,721.546,197.469,563.485
526.065,954.577,482.719,806.697,209.467,721.905,197.526,563.563
526.380,954.676,482.763,806.936,209.243,721.842,197.478,563.454
526.296,954.636,482.527,806.687,208.777,721.239,197.308,563.371
526.219,954.564,482.636,806.729,208.796,721.245,197.379,563.392
526.324,954.711,483.145,805.762,209.026,721.705,197.390,563.522
526.467,954.785,483.099,806.242,208.988,721.621,197.356,563.523
526.526,954.598,483.331,806.343,209.026,721.764,197.157,563.392
526.538,954.879,483.339,806.099,208.934,721.580,197.318,563.450
526.055,954.330,483.098,806.006,208.534,721.339,197.413,563.370
526.318,954.618,482.814,806.347,208.636,721.265,197.480,563.421
526.225,954.427,482.713,805.984,208.876,721.501,197.514,563.427
526.493,954.765,483.242,805.453,208.693,721.245,197.594,563.635
526.317,954.419,483.009,806.466,208.577,721.294,197.455,563.745
526.484,954.750,483.144,806.232,208.714,721.487,197.564,563.702
526.344,954.710,482.959,806.338,208.711,721.795,197.365,563.515
526.530,954.919,483.226,806.114,208.942,721.898,197.502,563.689
526.372,954.690,483.126,806.497,208.847,721.743,197.564,563.768
526.359,954.727,483.058,806.233,208.783,721.452,197.657,563.779
526.226,954.749,482.784,806.139,209.015,721.666,197.622,563.705
526.369,954.682,483.133,806.113,209.073,721.630,197.489,563.760
526.595,954.788,483.253,806.611,209.106,721.968,197.628,563.713
526.446,954.713,483.295,806.739,208.920,721.683,197.441,563.794
526.546,954.884,483.494,806.476,209.008,721.674,197.421,563.545
526.545,954.900,483.078,805.996,209.314,721.683,197.438,563.614
526.629,954.984,482.833,806.517,208.930,721.455,197.372,563.853
526.445,954.948,482.955,806.218,208.764,721.369,197.593,563.830
526.222,954.734,482.782,806.878,208.789,721.611,197.931,564.202
526.417,954.768,482.519,807.358,208.878,721.466,197.703,563.899
526.343,954.701,482.696,807.477,208.915,721.514,197.644,563.688
526.229,954.793,482.809,807.294,208.906,721.429,197.707,563.758
526.454,954.754,483.262,807.517,208.811,721.503,197.727,563.818
526.321,954.702,483.379,806.561,208.801,721.637,197.640,563.828
526.349,954.936,483.006,807.419,208.787,721.789,197.511,563.826
526.308,954.838,482.480,807.902,208.704,721.633,197.578,563.961
526.109,954.633,481.718,808.309,208.783,721.249,197.289,563.494
526.115,954.657,482.270,808.168,208.824,721.269,197.346,563.343
526.171,954.749,482.793,807.257,208.738,721.277,197.635,563.569
526.235,954.782,482.886,807.377,209.011,721.567,197.614,563.494
526.282,954.654,482.676,807.251,208.803,721.150,197.619,563.875
526.183,954.546,482.688,807.977,208.805,721.260,197.530,563.675
526.284,954.558,482.435,807.083,208.928,721.388,197.535,563.658
526.193,954.623,482.347,807.315,208.674,721.251,197.655,563.766
526.229,954.711,482.383,807.661,208.547,721.443,197.454,563.754
525.935,954.441,482.249,807.824,208.914,721.684,197.828,563.954
525.735,954.326,482.168,808.424,209.018,721.481,197.727,563.906
526.206,954.700,481.874,808.651,208.707,721.275,197.829,563.812
526.088,954.661,482.017,808.697,208.846,721.375,197.684,563.767
526.382,954.795,482.971,807.660,208.712,721.268,197.541,563.823
526.436,954.675,483.348,807.101,208.648,721.292,197.739,563.863
526.499,954.767,482.511,807.150,208.703,721.273,197.641,563.858
526.050,954.492,483.371,807.315,208.806,721.436,197.540,563.739
526.162,954.603,483.380,807.924,208.873,721.404,197.689,563.903
526.403,954.784,482.314,809.069,208.977,721.365,197.509,563.582
526.454,954.800,482.000,809.395,208.831,721.290,197.590,563.447
526.166,954.565,482.358,809.460,208.693,721.246,197.626,563.567
526.301,954.604,482.227,808.305,208.804,721.405,197.697,563.689
526.390,954.828,482.766,806.702,209.052,721.811,197.494,563.874
526.371,954.619,482.348,807.214,208.745,721.449,197.624,563.875
526.296,954.811,482.792,808.133,208.737,721.372,197.502,563.547
526.152,954.614,483.165,808.328,208.651,721.127,197.542,563.529
526.218,954.594,482.851,807.711,208.952,721.643,197.722,563.688
526.104,954.452,483.520,807.326,208.654,721.269,197.598,563.602
526.032,954.474,483.484,807.642,208.731,721.099,197.499,563.624
526.099,954.468,483.032,808.290,208.916,721.373,197.687,563.741
526.076,954.623,482.450,809.391,209.053,721.534,197.476,563.590
526.113,954.579,481.615,810.188,208.805,721.550,197.389,563.647
526.267,954.513,481.366,809.817,208.814,721.575,197.438,563.632
526.343,954.504,482.295,808.218,208.760,721.758,197.610,563.797
526.266,954.493,482.876,806.104,208.720,721.621,197.273,563.578
526.325,954.800,482.747,806.154,208.925,721.690,197.499,563.710
526.279,954.674,481.151,808.208,208.703,721.429,197.130,563.607
526.209,954.595,481.854,809.133,208.910,721.402,197.479,563.739
526.271,954.520,483.522,806.318,209.065,721.847,197.452,563.731
526.284,954.465,482.414,806.848,208.810,721.900,197.412,563.834
526.294,954.586,481.170,807.374,208.970,721.621,197.557,563.865
526.156,954.506,480.984,807.646,209.092,722.030,197.319,563.767
526.179,954.506,481.576,807.285,209.105,721.902,197.242,563.856
526.560,955.044,482.431,806.153,209.088,722.079,197.372,563.962
526.303,954.555,481.241,806.674,209.264,721.874,197.728,563.970
526.445,954.706,480.965,807.714,208.756,721.696,197.419,563.740
526.330,954.760,481.039,807.131,208.644,721.684,197.210,563.443
526.633,954.895,482.130,806.147,208.392,721.472,197.484,563.652
526.240,954.662,481.801,806.105,208.629,721.238,197.444,563.618
526.229,954.555,481.554,806.274,208.508,721.357,197.530,563.574
526.692,954.786,479.764,806.689,208.726,721.588,197.486,563.692
526.381,954.655,479.998,806.747,208.636,721.599,197.394,563.599
526.511,954.643,480.912,806.023,208.840,721.617,197.141,563.578
526.692,954.786,480.082,806.967,208.774,721.669,197.405,563.578
526.339,954.697,479.423,807.144,209.015,721.979,197.504,563.972
526.381,954.626,479.586,806.364,208.694,721.484,197.293,563.692
526.316,954.686,480.303,805.939,209.041,721.596,197.438,563.927
526.279,954.810,479.532,807.813,208.780,721.640,197.427,563.999
526.094,954.517,478.985,809.010,208.933,721.828,197.352,563.872
526.239,954.763,480.233,808.919,209.213,721.921,197.337,564.342
526.123,954.684,480.180,808.651,209.127,721.666,197.211,564.234
526.261,954.785,480.832,806.927,208.892,721.594,197.049,564.235
526.593,954.914,481.706,806.833,208.710,721.397,196.748,564.713
526.296,954.483,481.187,807.855,208.713,721.426,196.559,564.706
526.498,954.834,481.636,808.036,208.736,721.390,196.558,565.080
526.125,954.557,481.814,807.661,208.842,721.330,196.843,565.134
526.593,954.945,481.557,808.494,209.006,721.405,196.804,565.238
526.097,954.527,480.783,809.666,209.013,721.552,196.740,565.047
526.194,954.842,480.531,810.613,208.976,721.603,196.852,565.053
526.003,954.572,480.303,810.250,208.775,721.657,196.633,564.125
526.121,954.767,481.086,808.586,208.827,721.650,196.388,565.382
525.874,954.547,481.931,806.266,208.785,721.573,196.504,565.360
526.176,954.545,481.564,807.566,208.732,721.551,196.584,564.872
526.285,954.597,480.606,809.251,208.492,721.460,196.776,565.147
526.178,954.502,479.643,809.354,208.600,721.143,196.703,565.653
526.253,954.558,480.402,809.162,208.501,721.054,196.622,565.576
526.296,954.714,481.587,808.598,208.309,721.194,196.839,565.624
526.575,954.926,480.790,808.779,208.410,721.115,197.086,565.359
526.440,954.867,479.946,811.103,208.640,721.495,196.744,565.079
526.336,954.722,479.747,811.171,208.554,721.202,196.727,565.203
526.316,954.687,480.305,810.013,208.516,721.031,196.725,565.399
526.295,954.665,482.064,808.235,208.791,721.488,196.552,565.399
526.251,954.586,482.107,808.065,208.900,721.642,196.757,565.725
526.029,954.616,481.202,810.045,208.798,721.320,196.875,565.663
526.147,954.728,481.068,811.829,208.878,721.538,196.834,565.552
526.186,954.692,480.646,812.080,209.082,721.717,196.617,565.284
526.400,954.885,480.406,810.695,208.980,721.390,196.560,565.386
526.223,954.506,481.139,809.389,208.692,721.392,196.543,565.097
526.407,954.681,479.581,809.887,208.646,721.541,196.533,565.084
526.395,954.730,479.112,812.140,208.555,721.334,196.509,565.518
526.399,954.636,478.731,812.652,208.515,721.270,196.160,565.956
526.526,954.735,478.925,813.174,208.666,721.364,196.391,566.454
526.653,954.984,478.725,812.695,208.488,721.302,196.374,566.499
526.595,954.925,478.449,812.720,208.647,721.403,196.095,566.901
526.448,954.703,478.619,812.202,208.648,721.533,195.804,566.798
526.554,954.722,477.743,812.773,208.915,721.207,195.573,567.283
526.248,954.587,477.623,814.152,208.869,721.798,195.239,567.371
526.246,954.733,477.939,813.681,208.675,721.692,194.910,567.027
526.003,954.678,479.678,811.308,208.724,721.455,194.619,566.913
525.980,954.531,479.280,811.189,208.518,720.867,194.602,566.854
526.336,954.702,478.131,813.368,208.740,721.458,194.686,566.391
526.146,954.598,478.038,813.408,208.661,721.392,194.695,566.401
525.916,954.544,479.584,811.834,208.846,721.495,195.088,566.511
526.184,954.748,481.681,810.386,208.746,721.528,194.627,566.652
526.153,954.706,479.404,813.764,208.513,721.300,195.267,566.623
526.111,954.696,479.722,812.145,208.604,721.449,195.041,566.242
526.381,955.001,480.044,813.180,208.868,721.578,195.054,566.204
526.199,954.845,480.582,812.995,208.728,721.409,195.165,566.424
526.137,954.612,478.933,813.263,208.580,721.031,195.152,566.507
526.230,954.807,479.604,812.549,208.410,720.830,194.783,566.680
526.306,954.907,480.197,813.415,208.419,721.117,195.205,566.594
526.465,954.747,480.754,811.415,208.924,721.672,195.413,566.746
526.455,954.737,480.024,811.583,208.822,721.206,195.558,566.803
526.662,954.966,480.095,811.750,208.738,721.407,195.550,566.414
526.560,954.975,479.524,812.485,208.692,721.418,195.453,566.453
526.372,954.682,478.991,812.323,208.646,721.096,195.422,566.539
526.351,954.830,478.671,812.209,208.690,721.464,195.466,566.471
525.883,954.319,478.248,813.049,208.817,721.664,195.676,566.539
526.143,954.673,478.136,813.210,208.819,721.655,195.896,566.709
526.353,954.720,478.025,813.318,208.778,721.386,196.097,566.551
526.117,954.590,477.788,813.638,208.801,721.592,196.265,566.194
526.039,954.313,477.634,813.407,208.763,721.464,196.228,566.261
526.329,954.772,478.212,814.400,209.115,721.790,196.372,566.910
526.001,954.534,478.164,813.654,209.005,721.712,196.256,566.769
526.665,954.886,478.768,811.585,208.843,721.518,196.114,566.577
526.416,954.631,478.465,812.517,209.007,721.707,195.971,566.421
526.584,954.732,480.205,812.746,208.841,721.369,196.025,566.593
526.702,954.841,480.158,814.857,208.924,721.575,196.017,566.766
526.373,954.888,479.793,813.485,208.774,721.515,195.688,566.318
526.448,955.031,479.991,813.768,208.812,721.546,195.643,566.574
526.482,954.890,481.130,813.171,208.835,721.824,195.847,566.976
526.345,954.712,480.842,812.818,208.544,721.226,195.856,566.936
526.487,954.808,480.844,812.295,208.770,722.005,195.810,566.904
526.713,955.152,480.795,813.402,208.605,721.393,195.906,566.932
526.227,954.717,481.688,812.977,208.707,721.618,196.026,566.900
526.195,954.519,482.059,813.400,208.938,721.695,195.909,567.162
526.078,954.352,481.422,813.156,208.888,721.731,196.006,567.108
526.036,954.407,480.646,812.247,208.982,721.558,195.686,566.609
526.076,954.465,481.108,811.084,208.794,721.428,195.510,566.557
526.361,954.694,481.961,812.818,208.788,721.662,195.455,566.519
526.398,954.880,481.768,812.747,208.877,721.644,195.303,566.344
526.215,954.556,480.908,812.321,208.953,722.296,195.016,566.601
526.275,954.677,480.555,812.695,208.882,722.050,195.050,566.526
526.374,954.582,480.686,813.271,209.180,722.099,195.464,566.437
526.364,954.698,480.368,813.189,209.067,721.886,195.733,566.768
526.333,954.766,480.760,812.937,208.940,721.594,196.025,566.844
526.427,954.812,480.029,812.688,208.981,721.384,195.897,566.642
526.333,954.685,479.993,812.870,208.464,720.971,195.917,566.785
526.208,954.555,479.541,812.992,208.631,721.396,195.997,566.527
526.318,954.530,479.317,813.417,208.973,721.390,195.882,566.357
526.253,954.493,478.889,813.531,208.520,720.795,195.199,566.200
526.300,954.493,479.269,813.641,208.585,720.904,195.334,566.591
526.266,954.516,480.219,812.556,208.535,720.960,195.379,565.490
526.478,954.678,479.474,811.970,208.838,721.303,195.800,564.989
526.406,954.648,479.872,811.841,208.736,721.321,196.081,565.245
526.371,954.903,480.974,812.877,208.468,721.098,196.219,565.723
526.045,954.361,482.393,812.275,208.705,721.154,196.263,565.909
525.948,954.365,480.680,813.482,208.681,721.097,195.992,565.776
526.030,954.446,480.234,814.043,208.887,721.501,194.875,566.486
525.981,954.373,480.865,814.606,208.691,721.217,194.982,567.869
526.124,954.671,480.761,814.096,208.887,721.193,195.001,567.798
526.034,954.724,480.887,813.423,208.881,721.235,195.592,567.450
526.360,954.872,480.932,812.564,208.889,721.646,195.357,567.468
526.075,954.589,481.279,812.381,208.436,720.881,195.065,567.949
526.098,954.615,481.765,812.696,208.727,721.239,194.799,568.498
526.047,954.521,481.778,813.007,208.607,721.331,194.709,568.763
526.119,954.534,480.964,811.556,208.830,721.583,194.715,568.329
526.184,954.557,480.535,811.050,208.886,721.690,194.488,567.150
526.003,954.349,481.105,811.591,209.015,721.747,194.975,566.288
526.228,954.453,481.470,812.388,208.884,721.615,195.216,567.782
525.785,954.177,480.877,811.604,208.980,721.774,195.208,566.446
526.259,954.349,480.895,812.724,209.018,721.499,195.136,567.091
526.056,954.242,480.645,812.589,208.700,721.153,195.140,567.238
525.912,953.920,480.612,811.579,209.134,721.538,194.831,568.336
526.167,954.204,481.416,809.559,208.895,721.542,195.408,569.555
526.292,954.336,481.385,809.207,208.849,721.318,195.384,569.974
525.978,954.052,481.281,808.678,209.019,721.558,195.797,571.112
526.134,954.269,481.036,808.470,208.730,721.363,196.193,571.924
526.515,954.459,481.758,808.429,208.573,720.991,196.223,571.679
526.464,954.358,482.388,807.838,208.713,721.131,196.310,571.599
526.235,954.605,482.169,808.405,208.956,721.522,196.041,571.857
526.376,954.535,481.278,810.155,208.601,721.215,196.537,572.063
526.556,954.695,481.101,810.497,208.747,721.298,196.511,572.134
526.725,954.744,481.220,810.376,208.677,721.190,195.973,572.553
526.226,954.349,480.965,809.800,209.201,721.876,195.632,571.356
526.243,954.398,481.014,809.493,208.976,721.667,195.720,571.131
525.918,954.182,481.159,809.143,208.937,721.593,195.851,570.581
526.079,954.415,482.237,808.518,208.798,721.505,196.134,570.167
526.143,954.499,482.150,808.429,208.859,721.561,196.203,570.752
526.176,954.394,481.890,808.504,208.744,721.305,196.390,570.974
526.155,954.455,480.757,809.900,208.834,721.442,196.182,571.736
526.176,954.421,480.535,809.861,208.970,721.636,196.137,571.404
526.255,954.573,480.515,809.198,208.700,721.389,196.066,570.476
526.375,954.573,480.517,809.223,209.009,721.689,196.075,571.441
526.129,954.373,480.690,809.563,208.737,721.372,195.714,570.489
526.211,954.897,481.637,808.229,209.041,721.733,196.001,570.367
526.082,954.915,481.616,808.522,209.144,721.692,195.983,570.485
526.114,955.155,480.500,809.606,208.920,721.676,196.285,570.129
526.185,954.983,481.633,808.211,208.902,721.654,195.459,570.497
525.943,954.643,482.052,808.624,208.950,721.812,195.968,570.199
526.227,954.851,481.448,808.552,208.648,721.363,195.925,570.228
526.141,954.946,481.667,808.110,208.619,721.591,195.654,570.438
526.231,954.933,481.868,808.111,209.076,721.843,195.830,570.924
526.278,954.919,481.896,807.952,208.952,721.627,195.657,570.512
526.193,954.769,481.989,808.437,208.647,721.417,195.262,571.614
526.272,954.884,481.978,808.952,208.591,721.470,195.353,571.843
526.352,954.990,481.818,808.092,208.354,720.993,195.590,571.453
526.405,954.954,481.687,808.388,208.316,720.923,195.471,569.200
526.229,954.914,482.320,808.309,208.425,720.991,195.770,569.673
526.157,954.815,482.242,808.120,208.443,721.007,195.648,570.695
526.454,955.084,483.183,806.744,208.371,721.171,195.623,571.131
526.362,954.847,482.084,807.166,208.718,721.461,195.640,571.713
526.279,954.781,482.088,807.700,208.518,721.135,195.651,572.022
526.302,954.827,481.702,807.786,208.658,721.536,195.642,571.650
526.289,954.786,481.883,807.558,208.683,721.608,195.610,571.466
526.428,955.086,481.803,807.736,208.985,721.835,195.699,570.919
526.351,955.006,481.947,807.713,208.944,721.943,195.865,570.746
526.309,954.840,481.969,808.899,208.892,721.671,195.810,570.790
526.382,954.859,482.424,808.599,208.820,721.612,195.336,569.725
526.481,954.876,481.695,808.361,208.898,721.695,195.705,570.848
526.412,954.885,481.880,808.006,208.918,721.653,195.629,570.233
526.322,954.909,481.991,808.323,208.673,721.608,194.954,568.261
526.345,954.942,482.242,807.994,208.824,721.646,194.952,567.738
526.304,954.735,482.126,808.078,208.964,721.851,195.248,571.305
526.567,955.007,482.025,808.462,209.037,721.839,194.727,570.449
526.173,954.729,481.212,809.399,209.115,722.066,195.198,571.700
526.566,954.961,482.250,808.785,208.827,721.769,195.289,570.972
526.241,954.594,482.338,808.744,208.799,721.715,195.183,571.640
526.059,954.726,482.213,808.265,208.470,721.229,195.396,571.571
525.929,954.558,482.117,808.103,208.365,720.951,195.501,571.565
526.161,954.826,482.095,808.054,208.318,721.085,194.266,570.292
526.368,954.920,482.030,808.200,208.551,721.502,195.490,571.287
526.243,954.644,482.314,808.089,208.513,721.472,194.901,569.533
526.440,954.957,482.057,808.124,208.506,721.397,195.041,568.871
526.274,954.800,481.760,808.235,208.621,721.333,194.868,569.315
526.145,954.737,481.937,808.398,208.786,721.533,194.436,568.063
526.232,954.898,481.979,808.419,208.615,721.464,194.655,568.157
526.404,954.980,481.779,808.205,208.571,721.524,194.649,568.630
526.307,955.002,482.212,808.379,208.585,721.697,194.762,568.267
526.271,954.958,482.484,808.359,208.587,721.465,194.838,567.535
526.369,954.838,482.351,807.819,208.521,721.410,194.850,567.532
526.150,954.871,482.608,808.162,208.919,721.745,194.699,567.990
526.236,954.995,482.259,807.832,208.546,721.420,194.538,568.087
526.344,955.063,482.344,808.790,208.939,721.820,194.777,568.807
526.161,954.937,482.204,808.710,209.043,721.856,194.663,568.794
526.106,954.767,482.156,808.476,208.710,721.355,194.878,568.468
526.224,954.945,482.296,808.354,209.094,721.636,194.803,568.535
525.960,954.778,482.395,807.681,208.972,721.529,194.835,568.362
525.845,954.609,482.044,807.948,208.563,721.076,194.324,567.677
526.024,954.770,481.984,808.087,209.077,721.870,194.579,568.371
525.915,954.606,482.870,808.304,209.179,721.954,194.567,569.091
526.083,954.855,482.821,808.397,209.115,721.885,194.557,569.122
526.038,954.740,482.801,808.227,208.811,721.522,194.585,569.167
526.299,954.906,482.651,808.031,208.961,721.656,194.538,568.015
526.259,954.911,482.714,807.789,208.910,721.730,194.519,567.974
526.147,954.789,482.776,807.713,208.855,721.832,194.756,567.661
526.398,955.076,482.327,808.202,208.841,721.810,194.882,568.298
526.250,954.842,482.504,808.719,208.924,721.791,195.252,568.588
526.127,954.635,482.581,808.772,208.954,721.592,195.675,568.571
526.193,954.728,482.566,808.657,209.174,721.996,195.988,568.050
526.044,954.761,482.569,808.706,208.727,721.469,195.740,568.938
526.096,954.904,482.468,808.558,208.551,721.077,195.711,568.465
526.011,954.752,482.154,808.184,208.455,721.473,195.132,567.864
526.404,954.988,482.036,807.116,208.984,721.701,195.434,568.662
526.424,955.033,482.289,808.257,208.561,721.566,195.396,567.124
526.216,954.893,482.638,807.559,208.675,721.450,195.536,566.982
526.329,955.036,482.497,807.924,208.523,721.353,195.543,567.831
526.230,954.863,482.622,807.115,208.228,721.337,196.259,568.066
526.309,954.946,482.510,807.280,208.811,721.707,196.027,567.937
526.476,955.065,482.239,807.453,208.917,721.500,196.265,567.796
526.630,955.249,481.984,807.783,209.014,721.766,196.328,567.847
526.288,954.882,482.854,807.476,208.601,721.313,196.212,567.343
526.272,954.905,482.614,807.251,208.594,721.475,195.845,568.087
526.115,954.867,481.945,807.941,208.631,721.438,195.644,568.118
526.007,954.875,483.015,805.671,208.996,721.682,195.673,567.612
525.939,954.751,483.796,805.762,208.361,721.007,195.543,567.415
525.929,954.653,484.395,804.730,208.424,721.150,195.612,566.750
525.853,954.763,484.535,805.961,208.560,721.199,195.755,567.573
526.016,954.619,485.284,804.925,209.241,721.582,195.534,567.516
526.013,954.654,485.569,804.829,209.301,721.679,195.612,567.286
526.055,954.844,485.978,804.917,208.834,721.411,195.500,567.731
526.205,954.916,485.740,804.905,209.134,721.540,195.273,567.918
526.111,954.816,485.404,804.751,208.365,721.135,195.348,571.178
526.132,954.755,484.850,805.311,208.427,720.954,195.153,570.900
526.086,954.755,484.433,805.623,208.607,721.346,194.950,568.890
526.115,954.652,483.977,805.260,208.652,721.327,195.615,571.262
526.371,954.861,483.689,805.092,208.667,721.211,195.731,571.086
526.469,955.039,483.495,805.618,208.678,721.158,195.881,571.671
525.994,954.740,484.011,804.937,208.846,721.340,195.269,570.621
526.404,954.946,483.671,804.877,208.742,721.243,195.580,571.518
526.394,954.902,483.761,805.002,208.984,721.827,195.601,571.649
526.427,954.980,484.769,804.071,208.807,721.527,195.801,572.199
526.422,954.955,484.873,804.072,208.954,721.617,196.308,572.191
526.013,954.678,484.897,804.179,208.837,721.502,196.664,572.472
526.264,954.831,484.943,804.250,209.008,721.603,197.260,572.841
526.421,955.067,485.215,804.093,209.039,721.443,196.987,573.277
526.383,955.062,485.126,803.702,209.088,721.574,197.058,573.404
526.355,954.775,485.397,804.065,209.023,721.491,196.734,573.569
526.243,954.886,485.655,803.306,208.968,721.326,197.017,572.862
526.282,954.633,486.044,803.951,208.706,721.111,197.061,572.942
526.240,954.696,486.145,803.440,209.112,721.690,197.074,574.028
525.907,954.666,485.989,803.895,209.056,721.492,197.343,574.381
525.999,954.637,485.911,803.509,209.232,721.617,197.489,574.521
526.216,954.826,485.974,803.499,208.990,721.562,197.267,574.418
525.996,954.738,486.228,804.139,208.975,721.335,197.060,574.446
526.097,954.674,485.858,804.586,208.967,721.615,196.679,574.547
525.969,954.611,485.957,804.714,208.984,721.520,196.475,575.021
526.138,954.712,486.229,803.881,209.112,721.544,196.422,574.373
526.117,954.760,486.129,803.743,208.786,721.658,196.476,574.242
526.222,954.678,485.854,804.181,208.835,721.515,196.352,574.334
526.095,954.672,486.389,803.695,208.681,721.384,196.857,574.176
526.112,954.847,486.059,804.121,208.569,721.211,196.761,574.259
525.926,954.631,486.130,803.797,208.637,721.493,196.924,574.321
526.027,954.691,486.139,803.942,208.749,721.625,196.624,574.550
525.972,954.740,485.185,804.099,209.042,721.585,196.675,574.464
526.069,954.730,485.349,804.282,208.993,721.830,196.875,574.196
526.084,954.832,485.471,803.858,209.195,721.844,196.834,574.341
526.030,954.638,486.015,803.308,209.080,721.779,196.783,574.341
526.085,954.776,485.890,803.320,209.031,721.794,196.867,574.847
526.306,954.874,485.774,803.260,209.180,721.837,196.579,574.623
526.182,954.749,485.811,803.253,209.161,721.803,196.768,574.544
526.051,954.667,486.041,803.531,209.112,721.723,196.888,574.644
526.256,954.645,486.103,803.656,209.082,721.646,196.867,574.649
526.415,954.896,485.904,803.507,208.680,721.212,196.895,574.186
526.342,954.776,485.793,803.367,209.166,721.609,197.007,574.355
526.220,954.786,485.531,803.617,208.793,721.669,196.753,574.612
526.152,954.726,485.601,803.578,208.732,721.457,196.558,574.395
526.192,954.846,485.833,803.883,209.083,721.884,196.961,574.268
526.388,955.001,485.891,803.774,208.792,721.409,196.791,574.565
526.348,955.154,485.753,804.207,209.059,721.526,196.900,574.549
526.168,954.989,485.911,804.093,208.609,721.045,196.770,574.296
526.355,954.964,485.898,803.934,209.127,721.604,196.714,574.150
526.008,954.673,485.861,804.187,208.873,721.404,197.018,573.262
525.998,954.534,485.976,804.182,209.011,721.551,196.957,572.787
526.107,954.712,485.875,803.836,208.906,721.534,197.667,572.573
526.193,954.612,485.841,803.737,208.954,721.583,197.862,572.837
526.266,954.864,485.779,803.939,208.927,721.410,197.456,573.002
526.239,954.750,485.271,804.366,209.029,721.468,197.381,573.034
526.147,954.868,486.054,803.501,209.025,721.497,197.192,573.177
526.104,954.973,485.879,803.902,208.786,720.943,197.223,573.673
526.077,954.792,485.918,803.779,209.108,721.731,197.206,574.003
526.128,954.812,485.930,803.936,209.306,721.708,196.840,574.212
525.953,954.549,485.776,803.948,208.811,721.146,197.103,573.987
525.940,954.673,485.943,804.076,208.880,721.366,197.214,573.772
526.011,954.649,485.723,804.153,208.821,721.566,197.357,573.258
526.060,954.704,485.781,804.061,208.934,721.653,197.197,573.281
526.137,954.627,485.743,804.044,208.988,721.497,197.138,573.501
525.978,954.577,485.762,804.155,208.817,721.419,196.845,573.928
525.953,954.556,485.748,803.709,208.838,721.196,197.002,574.430
525.901,954.621,485.581,803.361,208.696,720.868,196.964,574.615
526.150,954.853,485.505,803.508,208.779,721.358,197.246,574.365
526.245,954.758,485.371,803.917,208.524,721.022,197.729,574.910
526.158,954.702,485.409,803.702,208.729,720.981,197.782,574.339
525.862,954.518,485.629,803.969,208.744,721.382,198.258,574.132
526.159,954.851,485.293,804.020,208.583,721.264,198.368,574.036
525.868,954.610,485.726,804.029,208.829,721.424,198.622,573.894
526.304,954.758,485.534,804.373,208.871,721.565,198.570,573.484
526.126,954.656,485.609,804.232,209.285,722.042,198.941,573.466
525.932,954.826,485.682,803.633,209.292,721.833,198.408,574.157
526.279,955.243,485.769,804.003,209.170,721.727,198.158,573.594
526.159,954.844,485.856,804.085,208.649,721.053,197.925,573.540
526.039,954.686,485.891,803.614,209.010,721.362,197.760,573.245
526.187,954.838,485.826,803.636,208.528,721.208,198.208,573.106
526.266,954.946,485.951,803.287,208.971,721.559,197.903,572.807
526.115,954.650,485.440,803.993,208.907,721.615,197.837,572.960
526.089,954.654,485.370,804.224,208.848,721.598,197.819,573.044
525.994,954.689,485.722,803.530,208.861,721.469,197.991,573.084
526.096,954.633,485.764,803.709,209.075,721.661,198.253,572.869
526.140,954.634,485.568,803.382,208.986,721.755,198.306,572.793
526.270,954.792,485.909,803.684,208.658,721.352,198.437,571.661
526.246,954.775,485.946,803.712,208.610,721.368,198.181,572.197
526.427,954.861,485.317,803.774,208.905,721.623,197.558,572.449
526.022,954.676,485.568,804.086,208.859,721.529,197.498,572.397
526.289,954.752,485.301,804.340,208.962,721.460,196.830,573.264
526.467,954.980,485.156,803.911,209.019,721.311,196.757,573.107
526.465,954.969,485.699,803.278,208.864,721.509,196.871,573.044
526.290,954.911,485.702,803.372,208.847,721.544,196.726,573.594
526.299,954.912,485.566,803.525,209.229,721.889,196.617,573.576
526.183,954.797,485.567,803.852,209.282,721.861,196.543,573.992
526.253,954.806,485.579,803.349,209.086,721.592,196.879,572.682
526.171,954.897,485.430,803.543,208.859,721.366,197.165,573.597
526.217,954.889,485.507,803.491,208.499,721.299,196.804,573.332
526.168,954.800,485.510,803.355,208.481,721.034,196.865,573.749
526.169,954.884,485.347,803.536,208.473,721.194,196.936,574.016
526.020,954.558,485.652,803.593,208.804,721.509,197.317,573.289
526.026,954.515,485.692,803.895,208.661,721.266,197.500,573.822
526.075,954.673,485.716,803.616,208.891,721.645,197.372,573.391
526.139,954.777,485.661,803.661,208.807,721.565,197.312,573.602
526.041,954.621,485.609,803.833,208.928,721.651,197.633,573.239
526.207,954.772,485.433,803.936,208.852,721.545,197.511,573.667
526.177,954.919,485.554,803.608,208.747,721.097,197.430,573.486
526.036,954.743,485.674,803.580,208.721,721.481,197.535,573.671
526.407,954.971,485.179,804.138,208.753,721.644,197.257,573.821
526.345,954.948,485.207,804.076,208.757,721.403,197.332,573.857
526.463,955.166,484.883,803.675,208.673,721.233,197.507,573.531
526.289,954.852,484.455,803.987,208.393,721.238,197.616,573.076
526.223,954.684,484.488,803.955,208.530,721.199,197.480,573.199
526.067,954.790,484.584,803.861,208.772,721.338,197.481,573.245
526.170,954.885,485.237,803.722,209.250,721.645,197.325,573.369
526.264,954.957,485.162,803.115,209.245,722.009,197.310,573.697
526.463,955.043,485.013,802.979,208.875,721.289,197.203,573.706
526.125,954.901,485.178,802.631,208.949,721.776,197.560,573.870
526.071,954.723,485.504,802.539,208.948,721.975,197.621,573.761
526.355,954.960,485.437,802.736,208.514,721.130,197.434,573.805
526.134,954.747,485.574,802.308,208.424,720.956,197.293,573.850
526.112,954.998,485.441,802.410,208.875,721.805,197.564,573.478
525.997,954.972,485.527,802.224,208.907,721.839,197.318,573.712
526.135,954.850,485.753,801.905,208.500,721.520,197.370,573.816
526.232,955.057,486.014,802.050,208.775,721.472,197.367,573.312
526.139,954.998,485.855,801.801,208.712,721.401,197.626,573.407
526.090,954.820,486.317,801.921,208.957,721.662,197.905,573.554
526.094,954.854,485.946,802.036,208.583,721.049,197.525,573.521
526.110,954.805,487.024,801.790,208.625,721.046,197.715,573.552
526.263,954.839,486.762,801.668,208.588,721.003,197.486,573.451
525.985,954.657,486.551,801.529,208.457,721.121,197.615,573.338
526.203,954.971,486.590,801.388,208.524,721.110,197.908,573.399
526.279,954.935,486.567,801.617,208.503,721.301,198.313,573.417
526.013,954.733,487.215,800.678,208.371,720.995,198.200,573.194
526.177,954.953,487.717,800.272,208.513,721.123,198.260,572.528
526.088,954.659,487.852,800.349,208.977,721.530,198.276,572.170
526.257,954.931,487.865,800.223,208.507,721.191,198.142,572.333
526.417,955.158,487.961,800.218,208.990,721.369,197.865,572.752
526.279,955.048,488.735,800.142,208.866,721.378,197.926,572.445
526.487,954.907,489.258,800.291,208.925,721.390,197.857,572.368
526.556,954.949,489.753,800.119,208.578,721.286,197.746,572.266
526.135,954.883,490.226,800.284,208.998,721.438,197.869,572.285
526.397,955.065,489.801,800.706,209.001,721.439,197.884,572.334
526.443,955.038,489.626,800.610,208.839,721.521,197.719,572.356
526.368,955.008,489.653,800.670,208.715,721.499,197.811,572.438
526.239,954.855,489.710,800.304,208.544,721.534,197.865,572.452
526.067,954.791,490.399,800.088,208.455,721.543,197.874,572.582
526.423,955.164,490.991,799.756,208.501,721.417,197.792,572.401
526.014,954.824,491.195,799.511,208.569,721.443,197.808,572.573
526.300,954.831,491.070,799.483,208.389,721.628,197.912,572.618
526.357,954.842,490.741,799.475,208.845,721.698,197.628,572.475
526.270,954.743,490.932,799.333,208.367,721.408,197.842,572.564
526.354,954.966,491.174,799.154,208.683,721.327,197.864,572.356
526.261,954.937,491.843,798.277,208.882,721.645,197.622,572.375
526.260,954.928,492.173,797.987,209.225,722.160,198.098,572.368
526.347,955.053,492.048,797.758,208.790,721.333,198.028,572.186
526.245,954.931,492.259,797.625,208.739,721.533,198.223,572.147
526.086,954.837,492.097,797.756,208.521,721.380,198.315,572.170
526.396,955.086,492.341,797.445,208.856,721.452,198.398,572.071
526.248,954.716,492.103,797.445,208.922,721.528,198.417,572.101
526.515,955.026,492.206,797.152,208.943,721.614,198.398,572.027
526.291,954.912,492.343,797.238,208.575,721.370,198.493,572.013
526.420,954.939,492.748,796.794,208.652,721.542,198.487,572.179
526.491,955.145,492.627,796.767,208.288,721.033,198.435,572.218
526.554,955.047,492.676,796.851,208.492,721.293,198.486,572.195
526.429,954.998,492.691,796.552,208.809,721.416,198.339,572.174
526.488,955.008,492.709,796.767,208.689,721.259,198.330,571.862
526.556,955.054,492.825,796.570,208.719,721.497,198.375,571.794
526.644,955.259,492.956,796.437,208.634,721.384,198.328,571.900
526.458,955.006,492.735,796.604,208.832,721.471,198.465,571.998
526.668,955.112,492.770,796.548,208.576,721.160,198.444,571.959
526.049,954.667,492.864,796.328,208.799,721.622,198.233,571.893
526.092,954.639,492.972,796.538,208.851,721.435,198.330,571.875
526.285,955.003,492.899,796.429,209.070,721.881,198.270,571.981
526.385,954.953,492.881,796.428,208.644,721.422,198.309,571.996
526.192,955.052,492.949,796.331,208.706,721.217,198.127,572.261
526.103,954.851,493.178,796.142,208.750,721.948,197.858,572.163
526.508,955.086,493.123,796.164,208.466,721.697,197.694,572.069
526.270,954.890,492.823,796.405,208.685,721.692,197.591,571.998
526.211,954.832,492.693,796.411,208.799,721.937,197.635,572.117
526.040,954.566,493.125,796.114,208.668,721.785,197.705,572.060
526.240,954.701,493.131,796.377,208.434,721.554,197.780,571.981
526.303,954.960,492.689,796.094,208.854,721.458,197.634,571.693
526.295,955.038,493.264,795.890,208.776,721.314,197.645,571.883
526.084,954.715,493.043,796.657,208.812,721.745,197.572,571.729
525.964,954.695,492.904,796.308,208.955,721.845,197.778,571.768
526.178,954.753,493.086,796.057,208.928,721.691,197.971,571.597
526.351,954.876,493.003,796.312,208.912,722.029,198.148,571.606
526.493,954.789,492.907,796.019,208.883,721.783,198.293,571.710
526.012,954.671,493.342,796.178,208.575,721.383,198.356,571.860
526.289,954.861,492.739,796.283,209.017,721.874,198.277,571.797
526.262,955.064,492.946,796.161,208.990,721.740,198.300,571.803
526.214,954.899,492.913,796.181,209.126,721.912,198.299,571.769
526.099,954.831,493.142,796.140,208.747,722.010,198.336,571.871
526.183,954.695,493.112,796.114,208.765,721.856,198.211,571.687
525.882,954.533,492.950,796.144,208.887,722.113,198.467,571.657
526.310,954.973,493.199,795.947,208.464,721.726,198.338,571.629
526.277,954.800,493.410,795.831,208.618,721.225,197.895,571.882
526.179,954.720,493.086,795.977,208.667,721.231,197.694,571.676
525.767,954.678,493.236,795.997,208.374,721.442,197.856,571.396
526.063,954.646,493.305,795.965,208.296,721.237,197.898,571.479
526.120,954.895,493.419,795.742,208.334,721.847,197.916,571.096
526.159,954.603,493.480,795.692,208.831,721.963,197.612,570.990
526.065,954.795,493.620,795.487,208.593,721.487,197.954,571.269
526.184,954.632,493.554,795.818,208.863,721.585,198.065,571.297
526.096,954.582,493.732,795.580,208.813,721.778,198.190,571.347
525.937,954.652,493.518,795.492,208.671,721.723,198.144,571.383
525.882,954.510,493.501,795.691,208.592,721.814,198.409,571.417
526.227,954.601,493.511,795.497,208.384,721.368,198.265,571.262
526.227,954.682,493.645,795.445,208.400,721.300,198.259,571.011
526.207,954.781,493.689,795.390,208.406,721.353,197.952,571.784
526.301,954.814,493.904,795.231,208.435,721.516,197.738,571.209
526.015,954.694,493.734,795.187,208.593,721.675,198.172,571.479
525.918,954.531,493.671,795.496,208.756,721.921,198.198,571.546
526.097,954.594,493.515,795.322,208.824,721.617,198.368,571.413
525.910,954.414,493.670,795.490,208.242,721.453,197.963,571.065
525.962,954.549,493.517,795.533,208.488,721.845,198.009,571.255
526.089,954.605,493.603,795.238,208.512,721.571,197.979,571.495
526.107,954.715,493.726,795.242,208.900,722.006,197.956,571.545
525.921,954.566,493.915,794.778,208.834,721.824,198.123,571.698
526.069,954.793,493.541,795.527,208.892,721.761,198.176,571.778
526.168,954.727,493.739,795.415,209.054,721.991,197.975,571.834
526.268,954.881,493.899,794.929,208.680,721.546,198.046,571.869
526.239,954.997,493.875,795.169,208.853,721.840,198.138,571.811
526.296,955.068,493.850,794.901,208.730,721.660,198.250,571.881
526.289,955.012,493.651,795.010,208.637,721.633,198.197,571.743
526.084,954.696,493.892,794.962,208.817,721.973,198.051,571.731
526.321,954.809,493.487,795.179,208.650,721.731,198.149,571.721
526.192,954.749,493.890,795.099,208.387,721.191,198.113,571.734
526.386,954.802,493.909,794.955,208.537,721.349,198.375,571.700
525.952,954.606,493.770,795.377,208.490,721.256,198.295,572.014
526.140,954.632,493.742,795.294,208.735,721.176,197.783,572.445
526.587,955.065,493.967,794.992,209.047,721.811,197.842,572.930
526.549,954.901,494.042,794.988,209.164,721.715,197.717,572.792
526.447,954.925,494.102,795.046,208.506,721.570,197.441,573.346
526.238,954.686,494.276,794.475,208.502,721.247,197.509,573.508
525.932,954.605,494.492,794.539,208.503,721.236,198.521,574.009
525.959,954.644,494.243,794.561,208.460,721.270,199.155,575.624
526.163,954.825,494.224,794.550,208.273,721.120,199.050,576.232
526.436,954.926,494.428,794.418,208.880,721.635,198.970,577.058
526.365,955.054,494.323,794.449,208.382,721.106,198.672,577.697
526.248,954.908,494.561,794.500,208.636,721.175,198.955,578.396
526.163,954.798,494.037,794.459,208.817,721.539,198.926,578.395
526.052,954.812,494.339,794.835,208.696,721.445,199.340,578.326
526.118,954.858,494.403,794.908,208.778,721.339,198.831,578.173
525.709,954.349,494.853,794.177,208.712,721.514,198.430,578.394
526.060,954.574,494.460,794.678,208.780,721.549,198.579,578.567
526.151,954.653,494.412,794.620,208.894,721.555,198.589,578.106
526.021,954.632,494.567,794.557,208.499,721.286,198.693,577.857
526.151,954.663,494.593,794.477,209.073,721.898,199.329,577.911
526.265,954.675,494.407,794.691,208.726,721.728,198.821,578.654
526.186,954.618,494.406,794.592,208.538,721.624,198.024,578.808
526.073,954.526,494.548,794.858,208.511,721.343,198.267,578.524
525.857,954.399,494.252,794.850,208.719,721.615,198.307,577.566
525.993,954.739,494.431,794.723,208.644,721.222,198.646,577.472
526.068,954.628,494.541,794.680,208.818,721.501,198.887,577.861
526.229,954.790,494.459,794.965,208.837,721.549,199.148,579.599
526.233,954.713,494.580,794.850,208.706,721.353,199.208,579.168
525.952,954.767,494.797,794.512,208.662,721.281,199.279,579.115
525.885,954.763,494.705,794.764,208.784,721.399,199.474,578.475
526.281,954.948,494.606,795.007,208.779,721.556,199.246,578.563
526.233,954.936,494.740,794.848,208.745,721.584,199.659,579.379
526.140,954.731,494.817,794.862,208.286,721.214,198.847,578.734
526.238,954.728,495.059,794.529,208.384,721.186,197.993,578.521
526.072,954.655,494.920,794.285,208.604,721.280,198.185,578.547
525.962,954.769,495.135,794.443,208.500,721.261,197.881,578.593
526.328,955.018,494.929,794.458,208.714,721.803,197.821,579.015
526.213,954.717,495.290,794.169,208.774,721.196,198.409,579.683
526.309,954.754,495.320,794.140,208.871,721.571,198.631,579.939
526.097,954.770,495.344,794.142,208.807,721.473,198.410,579.571
526.113,954.706,495.253,794.049,208.810,721.512,197.776,579.325
526.417,954.938,495.507,793.839,208.725,721.599,198.005,578.903
526.290,954.922,495.294,793.946,209.005,721.655,198.140,579.142
526.290,955.020,495.551,793.940,208.851,721.734,198.474,578.844
526.275,954.878,495.499,794.084,208.785,721.662,198.696,578.734
526.010,954.748,495.423,793.923,209.053,721.917,198.782,578.989
525.980,954.749,495.493,794.131,209.124,722.259,198.571,579.038
526.008,954.655,495.462,794.157,208.787,721.614,198.246,578.765
525.943,954.871,495.196,794.164,209.052,722.043,198.068,578.847
526.327,955.026,495.590,793.873,208.530,721.314,197.789,578.866
526.164,954.842,495.550,793.894,208.775,721.880,197.534,578.243
526.021,954.871,495.216,793.970,209.281,722.454,198.242,578.155
526.182,954.649,495.493,793.740,209.037,721.966,198.659,578.708
526.071,954.512,495.441,793.929,209.159,722.246,198.240,578.678
526.258,954.880,495.431,793.669,209.179,722.308,198.895,578.969
526.303,954.803,495.699,793.665,209.254,722.391,198.857,579.220
526.496,955.016,495.416,794.008,209.091,722.191,198.945,579.076
526.305,954.852,495.027,793.828,209.035,722.096,198.421,578.720
526.264,954.837,494.933,794.035,208.910,721.815,198.535,578.312
526.107,954.719,495.092,793.998,208.757,721.725,198.788,578.490
526.212,954.655,494.704,794.032,208.926,721.589,198.903,578.449
526.033,954.777,494.894,793.752,208.588,721.577,199.420,578.941
525.991,955.688,494.668,793.728,209.169,721.858,198.983,579.160
525.992,955.677,494.891,793.098,208.959,721.962,198.865,579.015
525.971,955.704,494.797,793.185,209.005,722.050,198.562,578.901
526.068,955.799,494.977,792.993,209.076,722.149,198.402,578.934
526.083,955.641,495.071,792.854,209.069,722.082,198.191,578.245
526.074,955.588,495.042,792.699,208.797,721.880,198.986,578.582
526.101,955.570,495.035,792.690,208.759,721.845,198.982,579.368
526.425,955.758,495.255,792.285,208.541,721.654,198.860,579.768
526.509,955.766,494.749,792.537,208.645,721.665,198.266,579.355
526.147,955.548,495.380,792.180,208.637,721.693,198.448,579.500
526.155,955.568,495.285,792.291,208.751,721.785,198.193,579.175
526.026,955.497,495.262,792.433,208.320,721.331,198.906,579.334
526.171,955.607,495.075,792.651,208.673,721.681,199.081,579.833
526.419,955.635,494.673,792.783,208.985,722.244,199.156,580.100
526.249,955.404,495.000,793.013,208.294,721.578,198.484,579.814
526.269,955.371,495.130,792.606,208.654,721.749,198.160,579.408
526.272,955.507,495.220,792.592,208.397,721.233,198.265,579.312
526.474,955.740,495.173,792.708,208.170,721.441,199.311,579.412
526.325,955.731,495.271,792.466,208.913,722.224,198.991,579.933
526.369,955.655,495.280,792.652,208.576,721.653,198.886,580.275
526.420,955.371,495.350,792.667,208.304,721.262,198.734,579.879
526.510,955.604,495.277,792.617,208.318,721.306,198.232,579.484
526.389,955.578,495.462,792.543,208.569,721.667,198.871,579.783
526.159,955.351,495.381,792.520,208.635,721.636,198.730,580.050
526.352,955.628,495.079,792.836,208.405,721.362,198.548,579.335
526.354,955.569,495.479,792.386,208.994,721.879,198.713,578.679
526.276,955.498,495.327,792.544,209.198,722.200,199.184,578.789
526.070,955.478,495.418,792.735,209.124,722.273,199.162,580.046
526.105,955.454,495.289,792.655,208.874,722.103,198.952,581.186
525.967,955.354,495.392,792.567,209.050,722.208,199.026,580.097
526.127,955.503,495.683,792.552,208.951,722.091,198.960,579.983
526.303,955.533,495.333,792.744,208.536,721.745,198.774,579.656
526.169,955.464,495.210,792.734,208.489,721.781,198.537,580.106
526.386,955.616,495.393,792.671,208.653,722.011,198.958,579.352
526.265,955.567,495.483,792.370,208.974,722.067,199.284,579.733
526.194,955.337,495.590,792.384,208.965,722.263,198.944,578.990
526.099,955.280,495.931,791.993,208.965,722.162,199.143,578.032
526.617,955.678,495.815,791.723,209.085,722.013,199.665,578.451
526.176,955.195,495.937,792.017,208.238,721.277,199.328,578.576
526.338,955.281,496.034,791.627,208.892,721.942,199.153,578.306
526.318,955.288,496.010,792.019,208.616,721.600,199.131,577.983
526.443,955.193,496.358,791.600,208.789,721.844,199.338,577.209
526.477,955.647,496.153,792.015,208.601,721.752,199.207,576.964
526.612,955.591,496.457,791.630,208.548,721.622,199.077,576.889
526.414,955.528,496.596,791.626,208.634,721.953,198.990,576.561
526.266,955.426,496.381,791.871,208.654,722.014,199.159,576.729
526.384,955.512,496.567,791.269,208.673,721.973,198.619,577.145
526.470,955.456,496.285,791.356,208.619,721.914,198.467,575.749
526.414,955.725,496.353,791.945,208.691,721.697,198.629,576.658
526.398,955.579,497.037,791.060,208.628,721.698,198.450,577.373
526.104,955.337,496.415,791.821,208.885,721.907,197.866,577.147
526.091,955.254,496.255,791.870,208.922,721.955,198.703,578.567
526.275,955.403,496.955,790.649,208.712,721.940,197.607,579.080
526.114,955.230,496.362,791.584,208.872,722.343,198.281,582.483
526.128,955.387,496.508,791.254,208.654,721.839,198.069,582.766
526.029,955.272,496.370,791.289,208.676,721.630,197.660,579.860
526.043,955.314,496.117,791.998,208.382,721.479,198.492,578.434
526.604,955.774,495.793,792.017,208.526,721.697,198.525,579.466
526.413,955.784,495.907,791.771,208.488,721.406,198.319,580.228
526.045,955.493,496.198,791.823,208.671,721.774,197.843,580.343
526.136,955.517,496.237,791.870,208.755,721.882,198.142,579.509
526.150,955.534,496.823,791.335,208.629,721.556,198.210,579.206
526.106,955.385,496.456,791.805,208.567,721.567,198.175,578.791
526.362,955.661,496.553,791.638,208.635,721.683,198.285,578.199
526.246,955.496,496.497,791.548,208.658,721.472,197.919,578.326
526.217,955.916,496.303,791.677,208.926,721.701,197.831,579.618
526.334,955.894,496.478,791.454,208.754,721.875,197.701,577.599
526.277,955.477,496.579,791.462,208.638,721.560,197.225,577.710
526.111,955.333,496.303,791.565,208.568,721.831,197.246,578.342
525.970,955.344,496.486,791.384,208.839,722.144,197.410,579.079
526.290,955.504,496.365,791.385,208.660,721.676,197.297,577.915
526.485,955.570,496.346,791.547,208.578,721.640,197.316,579.028
526.344,955.545,496.533,791.464,208.665,721.853,196.997,578.987
526.125,955.414,496.652,791.350,208.868,722.241,196.995,578.081
526.356,955.449,496.346,791.565,208.693,722.050,197.145,578.783
526.264,955.491,496.512,791.334,208.858,722.339,197.992,580.927
526.288,955.464,496.320,791.504,208.926,722.334,197.871,580.765
526.093,955.255,496.461,791.481,208.763,721.788,198.173,581.201
526.137,955.255,496.201,791.498,208.628,722.008,197.550,581.278
525.952,955.300,496.538,791.344,208.741,721.980,198.356,580.446
526.209,955.500,496.355,791.290,208.530,721.675,198.310,578.562
526.053,955.308,496.891,791.160,208.731,722.117,198.477,578.543
525.952,955.144,496.178,791.514,208.756,721.980,198.959,579.488
526.079,955.216,496.783,791.251,208.827,722.411,198.780,578.890
526.125,955.365,496.343,791.415,208.933,722.447,198.749,578.571
526.352,955.552,496.598,791.210,208.632,721.818,198.886,577.257
526.239,955.580,496.722,791.001,208.896,722.032,199.345,577.442
526.265,955.529,496.237,791.700,208.665,722.198,198.864,578.104
526.112,955.441,496.387,791.480,208.664,722.032,199.179,578.290
526.314,955.416,496.570,791.105,208.857,721.935,199.870,579.385
526.192,955.332,496.611,791.486,208.641,721.999,198.978,579.225
525.906,955.139,496.866,791.041,208.469,722.007,198.492,577.529
525.942,955.040,496.649,791.374,208.697,722.194,199.420,577.073
526.125,955.022,496.536,791.516,208.655,722.235,200.157,577.512
526.406,955.226,496.799,791.187,208.623,722.105,199.410,578.392
526.250,955.146,496.603,791.064,208.644,722.327,200.792,577.580
526.224,955.331,496.472,791.639,208.710,722.237,200.117,577.307
526.310,955.448,496.571,791.383,208.321,721.945,200.160,576.457
526.156,955.320,496.393,791.591,208.333,722.020,199.770,576.986
526.017,955.314,496.156,791.730,208.539,722.195,199.284,577.408
526.126,955.387,496.568,791.285,208.466,722.142,198.356,576.863
526.181,955.396,495.937,792.109,208.268,721.922,198.073,577.172
526.279,955.558,496.461,791.792,208.491,721.888,197.881,577.547
526.229,955.537,496.760,791.358,208.413,721.905,198.297,577.821
526.226,955.244,496.373,791.949,208.293,721.827,198.037,576.628
526.172,955.366,496.603,791.558,208.461,722.006,198.242,577.175
526.176,955.442,496.708,791.420,208.421,721.816,198.304,577.500
526.061,955.278,496.362,791.875,208.266,721.783,198.251,577.412
526.169,955.411,496.669,791.559,208.470,722.100,199.021,576.642
526.188,955.661,496.179,792.059,208.150,721.698,198.874,576.228
526.139,955.432,496.124,791.888,208.421,722.061,198.422,576.749
526.096,955.392,496.568,791.541,208.299,721.841,198.637,576.789
526.221,955.414,495.662,792.060,208.262,722.007,198.731,576.320
526.206,955.587,496.145,791.900,208.379,721.810,198.687,576.318
526.274,955.438,496.414,791.817,208.472,722.059,198.065,576.831
526.044,955.175,496.752,791.384,208.351,721.730,197.640,577.123
526.292,955.397,496.335,791.883,208.377,721.870,198.026,576.632
525.968,955.278,496.207,792.008,208.532,722.150,197.231,576.701
525.973,955.276,496.631,791.242,208.468,721.970,197.492,577.542
526.041,955.354,495.850,791.872,208.425,722.123,197.674,577.583
526.029,955.345,496.674,791.381,208.201,721.632,197.901,578.016
526.122,955.551,497.231,790.878,208.228,721.947,196.970,577.986
526.169,955.599,496.781,790.812,207.899,721.592,196.638,577.594
526.340,955.768,497.058,790.875,208.206,721.978,197.520,578.412
526.122,955.484,496.773,791.082,208.087,721.684,197.600,577.594
526.028,955.402,496.423,791.515,207.926,721.656,198.529,577.076
526.358,955.532,496.130,791.602,208.381,722.144,199.260,576.760
526.009,955.230,496.500,791.539,208.117,721.926,199.201,576.645
526.169,955.202,496.652,791.501,208.078,721.797,199.462,577.663
526.111,955.350,496.605,791.280,208.208,722.014,199.437,577.049
526.358,955.375,496.604,791.514,208.475,722.340,199.986,576.193
525.990,955.220,496.778,791.071,208.604,721.756,200.173,576.355
526.089,955.257,496.577,791.289,208.165,721.473,200.575,576.534
526.123,955.358,496.515,791.194,208.403,721.810,200.677,576.593
526.149,955.303,496.912,791.137,208.510,721.912,200.381,576.227
526.045,955.578,496.717,791.336,208.494,721.963,200.152,576.756
526.141,955.533,496.817,791.274,208.390,721.797,200.507,576.824
526.097,955.611,496.518,791.594,208.028,721.688,200.569,576.854
526.129,955.610,496.435,791.564,208.176,721.672,199.657,576.467
526.252,955.613,496.724,791.317,208.233,721.452,199.803,576.783
526.298,955.653,496.749,791.045,208.177,721.487,200.255,577.295
525.997,955.553,496.690,791.407,208.669,723.124,199.970,577.202
525.957,955.232,496.769,791.305,208.004,721.703,198.348,577.012
526.009,955.291,496.898,791.262,208.309,722.297,198.097,577.122
526.374,955.479,496.252,791.425,208.272,722.041,198.601,577.096
526.285,955.313,496.917,791.172,208.281,721.878,198.939,576.786
525.887,955.361,496.054,791.547,208.060,721.731,198.477,577.194
526.000,955.443,496.805,791.112,208.473,722.035,198.457,576.879
526.112,955.710,496.926,791.320,208.358,722.063,198.060,576.471
526.385,955.643,496.267,791.548,208.414,722.152,198.517,577.326
525.906,955.383,496.945,790.981,208.430,722.042,199.183,577.193
526.289,955.437,496.544,791.656,208.305,722.165,199.533,576.436
526.058,955.493,497.018,791.201,208.659,722.404,200.130,576.167
526.243,955.547,497.003,791.071,208.542,721.976,200.590,576.179
526.041,955.525,496.493,791.571,208.587,722.248,200.977,576.053
526.058,955.299,497.058,791.256,208.699,722.162,200.831,574.486
526.143,955.240,496.291,791.641,208.333,721.949,200.012,574.202
526.280,955.492,496.686,791.448,207.979,721.822,199.738,574.152
526.209,955.487,497.094,791.297,208.351,722.534,200.092,574.813
525.989,955.306,496.448,791.889,208.230,722.249,201.301,576.510
525.954,955.257,495.945,791.780,208.313,722.333,200.850,576.325
526.190,955.213,497.172,791.567,208.011,721.944,200.925,577.283
526.090,955.218,496.545,791.772,208.420,722.230,200.828,577.406
526.258,955.204,496.680,791.619,208.206,721.626,200.936,576.288
526.024,955.212,497.111,791.503,208.132,721.910,199.218,575.990
525.931,955.313,496.931,791.769,208.383,722.185,198.813,576.058
526.167,955.338,496.384,791.851,208.533,722.186,198.531,576.080
525.946,955.156,497.149,791.288,208.261,721.921,199.260,576.289
526.014,955.371,496.137,792.309,208.490,722.097,199.178,576.882
526.140,955.223,496.609,791.728,208.191,721.651,199.076,576.767
526.282,955.623,497.210,791.744,207.944,721.605,198.891,575.221
526.222,955.518,496.583,792.078,208.214,721.826,198.792,575.554
526.458,955.612,496.802,791.846,208.286,721.464,198.520,574.836
526.092,955.457,497.139,791.595,208.344,721.815,198.604,573.873
526.092,955.413,496.216,792.255,208.292,721.717,198.284,574.746
526.005,955.425,496.704,791.743,208.346,721.796,198.814,575.630
526.168,955.407,496.983,791.558,208.584,721.727,199.058,575.457
526.257,955.638,497.194,791.256,208.734,722.245,199.453,574.922
526.211,955.369,496.802,791.626,208.317,721.592,200.061,574.873
526.452,955.745,497.144,791.085,208.131,721.657,201.852,576.203
526.128,955.431,497.224,791.172,208.642,722.170,201.156,576.323
526.146,955.526,496.867,791.421,208.327,721.939,200.940,576.402
526.040,955.255,497.356,791.098,208.467,722.207,200.626,576.558
526.008,955.346,497.211,791.328,208.576,722.334,200.562,576.947
526.108,955.363,497.037,791.747,208.529,722.102,200.695,578.235
526.183,955.470,497.187,791.216,208.143,721.825,199.314,578.037
526.145,955.424,497.400,791.273,208.073,721.916,199.295,577.355
526.439,955.685,497.063,791.400,208.251,721.844,199.733,577.501
526.393,955.611,497.126,791.157,208.068,721.359,199.315,577.526
526.010,955.210,497.341,790.651,208.063,721.822,199.801,578.401
526.092,955.446,497.057,791.041,207.877,721.492,200.215,577.889
526.014,955.297,496.988,791.221,208.194,721.483,199.525,578.274
526.020,955.274,497.214,790.946,208.374,721.828,200.059,577.986
526.245,955.567,497.247,790.940,208.442,721.829,200.191,577.449
526.282,955.449,496.948,791.363,208.313,721.722,199.412,579.168
526.455,955.563,497.375,790.808,208.694,722.025,199.815,579.941
526.380,955.480,497.390,790.793,208.283,721.744,199.729,579.805
526.279,955.495,496.946,791.075,208.422,722.284,199.447,580.074
526.177,955.514,497.124,790.877,208.359,721.552,199.731,579.974
526.370,955.737,497.067,791.405,208.326,722.046,199.529,580.103
526.129,955.302,497.177,791.175,208.530,721.882,199.667,579.848
526.282,955.406,497.614,790.809,208.149,721.618,199.788,580.403
526.339,955.491,497.070,791.109,208.405,721.919,199.462,579.643
526.247,955.409,497.467,790.982,208.504,722.208,199.584,580.153
526.242,955.367,497.097,790.959,208.549,722.261,199.645,580.065
526.310,955.437,497.443,790.844,208.531,722.234,199.857,580.045
526.104,955.516,497.215,790.847,208.406,721.852,200.224,579.818
526.244,955.487,496.867,791.088,208.410,721.862,200.178,579.758
526.013,955.295,496.917,791.340,208.550,722.149,200.025,578.583
526.358,955.567,497.205,790.993,208.488,721.848,199.810,578.595
526.251,955.421,497.376,790.819,208.495,721.897,200.007,578.531
526.153,955.274,497.163,791.025,208.720,722.141,200.113,579.283
526.366,955.480,497.513,790.913,208.706,722.285,200.044,579.480
526.087,955.361,497.447,790.903,208.555,721.892,200.050,580.002
526.175,955.525,497.358,790.566,208.528,721.823,200.101,579.684
526.294,955.756,497.403,790.925,208.455,722.087,199.848,579.543
526.221,955.566,497.389,790.823,208.638,722.167,199.750,579.381
526.315,955.580,497.593,790.487,208.199,721.532,199.933,579.193
526.171,955.396,497.661,790.678,208.499,722.074,199.901,579.202
526.220,955.338,497.323,790.726,208.735,722.130,199.986,579.318
526.218,955.590,496.854,791.315,208.641,721.909,199.954,578.896
525.964,955.300,497.963,790.239,208.377,721.862,200.101,579.233
526.173,955.506,497.383,790.952,208.462,721.931,200.744,579.345
526.197,955.554,497.792,790.494,208.356,721.909,200.417,579.553
526.289,955.787,497.379,791.017,208.595,722.318,200.254,579.551
526.182,955.663,497.192,791.258,208.351,722.172,200.295,579.442
526.281,955.761,497.507,791.022,208.521,722.175,200.490,580.023
526.091,955.694,497.587,790.893,208.481,722.038,200.310,579.264
526.411,956.002,497.296,791.290,208.627,722.109,200.413,579.515
526.114,955.717,497.508,790.759,208.435,721.938,200.391,579.555
525.970,955.474,497.602,790.852,208.746,722.178,200.780,579.416
526.308,955.859,497.043,791.198,208.984,723.369,200.756,579.237
526.149,955.852,497.416,790.750,208.801,721.986,200.802,579.654
526.070,955.393,497.314,791.000,208.694,721.972,200.410,578.850
526.280,955.641,497.201,791.001,208.697,721.832,200.509,579.830
526.179,955.534,497.747,790.484,208.757,722.087,200.833,579.032
526.271,955.720,496.961,790.862,208.600,721.810,200.758,579.176
526.473,955.849,497.409,790.841,208.496,722.113,200.359,578.150
526.429,955.842,497.499,791.059,208.699,722.276,200.229,578.052
526.125,955.489,497.203,791.156,208.668,721.930,200.301,578.173
526.131,955.694,497.069,791.398,208.791,722.081,200.403,577.987
526.470,955.825,497.311,790.954,208.561,722.079,200.501,578.696
526.288,955.818,497.456,790.756,208.653,722.069,200.360,578.346
526.411,955.816,497.095,791.223,208.574,722.157,200.094,578.802
526.354,955.905,497.383,790.971,208.588,722.036,200.095,578.687
526.355,955.915,497.697,790.644,208.598,722.210,199.902,578.147
526.124,955.681,497.135,791.255,208.889,722.363,200.033,578.666
526.492,955.778,497.423,790.876,208.862,722.168,200.147,578.137
526.523,955.870,497.948,790.101,208.728,722.100,199.890,577.727
526.383,955.796,497.225,791.087,208.776,722.097,200.155,578.319
526.263,955.688,497.807,790.898,208.543,721.613,199.995,577.779
526.482,955.620,497.958,790.362,208.470,721.745,199.904,577.554
526.072,955.480,497.901,790.460,208.605,722.044,199.810,577.451
525.992,955.468,497.657,790.533,208.623,722.056,199.856,577.301
526.260,955.776,497.280,790.403,208.717,722.510,199.844,577.518
526.255,955.803,497.312,791.009,208.788,723.443,199.780,577.064
526.100,955.628,497.401,791.167,208.684,722.161,199.813,577.583
526.367,955.837,497.434,790.954,208.744,722.121,199.823,578.092
526.260,955.842,497.424,791.059,208.590,722.139,199.594,577.299
526.112,955.620,497.556,791.021,208.530,721.795,199.777,578.410
525.889,955.563,497.695,791.059,208.453,722.073,199.659,578.341
526.326,955.727,497.391,790.928,208.557,722.159,199.817,577.971
526.253,955.647,497.720,790.718,208.500,721.980,199.713,578.877
526.036,955.439,497.552,790.665,208.710,722.353,199.858,578.512
526.368,955.860,497.516,790.678,208.630,721.827,199.851,578.828
526.132,955.468,497.857,790.364,208.561,721.911,200.095,578.567
526.173,955.550,497.729,790.416,208.642,722.212,200.265,578.815
526.229,955.880,497.824,790.313,208.591,721.912,199.529,578.223
526.095,955.776,497.767,790.504,208.330,721.659,200.074,579.114
526.254,956.014,497.583,790.842,208.680,722.416,199.909,578.421
525.880,955.700,498.000,790.189,208.513,722.067,200.206,578.685
525.905,955.925,497.819,790.509,208.520,722.216,199.797,577.937
526.047,956.223,498.002,790.062,208.621,722.267,199.743,578.028
526.415,956.158,497.893,790.146,208.456,722.043,199.621,577.796
526.095,956.364,497.782,790.649,208.438,722.004,199.989,577.505
526.137,956.492,497.433,790.543,208.568,722.370,200.233,577.774
526.254,956.805,497.781,790.690,208.620,722.272,200.248,577.638
526.119,957.238,497.765,790.635,208.575,722.238,200.330,577.656
526.332,957.761,497.572,790.885,208.574,722.290,200.714,578.013
526.864,957.981,497.886,790.609,208.550,722.207,200.666,577.902
526.635,958.452,497.672,790.588,208.805,722.395,200.140,577.568
526.569,958.490,497.399,790.790,208.769,722.464,200.234,577.625
527.207,959.378,497.694,790.563,208.707,722.473,200.277,577.596
527.271,959.412,497.922,790.277,208.788,722.512,200.361,577.681
527.689,960.139,497.829,790.056,208.793,722.390,200.179,577.648
527.507,960.047,497.700,790.457,208.882,722.421,200.069,577.867
527.643,960.417,497.983,790.249,208.712,722.274,200.447,577.506
527.629,960.319,497.949,790.155,208.570,722.150,200.077,577.658
527.914,960.983,497.913,790.269,208.511,722.021,200.052,577.750
527.648,961.258,497.757,790.841,208.561,721.951,200.251,577.630
527.326,961.038,497.683,790.853,208.554,721.951,200.244,577.686
527.132,960.686,497.548,790.961,208.696,722.177,200.402,577.905
527.258,961.061,497.641,790.964,208.694,722.228,200.507,577.847
527.246,961.033,497.445,791.213,208.434,722.178,200.596,577.793
527.411,961.659,497.006,791.993,208.569,722.178,200.608,577.885
527.385,962.221,496.886,792.341,208.662,721.856,200.438,577.550
527.570,962.291,496.620,792.434,208.663,721.878,200.687,577.466
527.506,961.595,496.530,792.528,208.738,722.474,199.806,576.379
527.537,960.592,496.426,792.420,208.738,722.424,199.977,577.022
527.443,961.634,496.704,792.259,208.662,722.244,200.075,577.117
527.594,962.406,496.693,792.040,208.341,721.851,200.021,577.545
527.590,961.531,496.662,791.931,208.443,721.944,200.294,577.567
527.512,962.003,496.880,791.672,208.384,721.782,200.564,577.175
527.496,962.926,496.708,792.138,208.574,722.162,200.338,577.049
527.508,962.729,496.974,791.708,208.478,721.886,200.294,577.301
527.672,962.976,497.098,792.029,208.429,722.123,200.312,577.457
528.320,962.182,497.028,792.104,208.289,722.027,200.471,577.323
527.773,963.479,496.881,791.901,208.436,722.032,200.878,577.384
526.999,963.242,496.977,791.777,208.517,722.038,200.798,577.162
527.927,964.341,496.892,791.655,208.401,721.902,200.722,577.065
527.954,965.667,496.967,791.596,208.497,721.970,200.752,577.059
527.785,965.541,497.150,791.551,208.483,722.064,200.955,577.202
528.166,965.778,496.995,791.926,208.522,722.199,200.639,576.995
528.747,964.649,497.100,791.771,208.551,721.945,200.799,577.042
528.905,963.180,496.958,791.841,208.621,721.982,200.792,576.978
528.853,962.703,497.000,791.704,208.589,722.262,200.771,576.833
528.828,961.868,496.932,791.771,208.322,722.051,200.594,576.887
528.580,960.948,496.805,791.954,208.341,721.849,200.849,576.642
528.856,962.042,496.751,792.073,208.334,721.719,200.975,576.673
528.982,961.453,496.834,792.028,208.564,721.898,200.575,576.743
528.936,961.552,496.974,792.193,208.583,721.960,200.900,576.162
528.981,961.948,496.850,791.974,208.647,722.068,200.547,576.456
528.545,962.174,496.936,792.008,208.704,722.129,200.653,576.508
528.382,962.181,496.777,792.147,208.769,722.228,200.735,576.264
528.175,962.397,496.702,792.178,208.441,722.112,200.595,576.242
528.281,962.047,496.679,792.166,208.469,721.863,200.535,576.074
528.200,963.319,496.801,792.049,208.458,721.966,200.585,576.349
528.295,963.877,496.801,792.163,208.630,721.996,200.563,576.167
527.911,964.208,496.773,792.100,208.558,721.958,200.543,576.202
528.589,963.821,496.755,792.111,208.652,722.118,200.532,576.012
527.969,962.884,496.838,792.337,208.843,722.452,200.824,576.184
527.963,962.282,496.787,792.143,208.481,722.098,200.863,576.055
528.060,962.960,496.861,792.199,208.490,722.254,200.753,575.858
528.316,963.328,496.827,791.964,208.360,722.059,200.532,576.336
528.020,962.500,496.775,792.037,208.527,722.114,199.839,576.159
528.252,963.280,496.770,791.968,208.439,722.275,199.667,575.590
528.662,963.432,496.673,792.230,208.717,722.256,199.940,575.474
528.714,963.394,496.549,792.290,208.502,722.078,200.111,574.632
528.452,963.752,496.407,792.449,208.365,721.952,200.735,574.997
528.786,964.198,496.600,792.572,208.569,722.144,201.129,574.828
528.195,961.861,496.693,792.343,208.303,721.745,199.715,575.327
528.216,963.220,496.324,792.443,208.450,721.908,200.009,575.212
527.983,962.673,496.506,792.428,208.367,721.609,200.101,575.894
528.289,963.626,496.740,792.017,208.493,721.859,200.383,575.450
527.974,963.160,496.879,791.911,208.395,721.685,201.058,575.513
528.416,963.638,496.570,792.274,208.612,722.180,200.598,575.628
528.484,963.839,496.587,791.776,208.467,722.159,200.893,575.840
528.493,963.666,496.549,791.795,208.492,721.993,201.169,575.874
528.822,963.979,496.834,791.582,208.526,722.010,201.371,575.881
528.614,964.065,497.258,790.861,208.479,722.223,201.114,575.768
528.873,964.413,496.742,791.101,208.555,722.119,200.482,575.326
528.502,963.807,497.122,791.112,208.590,722.428,199.971,575.987
528.438,963.812,496.807,790.774,208.788,722.360,200.542,575.261
528.639,964.021,497.059,790.584,208.772,722.481,200.155,574.706
528.391,964.043,496.613,790.522,208.471,721.909,199.862,574.422
528.783,964.770,496.496,790.257,208.530,721.953,199.899,575.059
528.596,964.778,496.743,789.186,208.516,722.397,200.252,575.556
528.892,965.256,496.728,789.134,208.600,722.353,199.249,575.071
528.920,965.506,496.690,789.321,208.742,722.108,199.776,574.663
528.901,965.883,496.791,789.019,208.793,722.152,199.688,574.693
529.010,965.571,496.851,789.163,208.423,722.122,199.583,575.488
528.804,965.712,497.077,788.761,208.638,722.305,199.953,575.873
528.391,964.898,496.846,789.639,208.296,721.966,200.338,575.608
527.837,964.228,496.868,790.823,208.694,722.382,200.364,575.512
528.118,964.628,497.365,792.416,208.185,721.772,200.281,575.494
528.457,964.894,498.790,793.444,208.431,722.230,200.557,575.593
528.778,965.665,498.778,794.048,208.351,721.992,200.438,575.823
528.698,965.871,498.669,794.996,208.549,722.157,200.308,575.752
528.978,966.170,499.336,796.025,208.332,721.857,200.426,575.764
528.668,967.003,499.130,797.907,208.266,721.946,200.630,576.087
528.948,967.201,498.916,799.102,208.553,722.080,200.273,576.683
529.187,967.106,499.393,800.499,208.334,721.967,200.146,576.819
529.180,966.354,499.470,801.176,208.449,722.269,199.841,577.026
528.652,967.199,499.323,801.525,208.466,722.059,199.668,576.901
528.945,966.882,499.484,801.800,208.591,722.366,199.715,576.899
528.769,966.046,499.202,802.062,208.431,721.840,200.161,576.767
528.849,966.762,499.325,801.784,208.625,722.149,200.104,576.658
528.992,966.736,499.200,802.255,208.268,721.665,200.187,576.698
528.837,966.172,499.377,802.404,208.515,721.919,200.021,576.581
528.543,965.750,499.536,802.246,208.496,722.081,199.954,576.478
528.925,966.031,499.819,802.782,208.192,721.746,199.690,575.918
529.051,967.033,500.446,801.995,208.162,721.975,199.365,575.940
528.831,965.723,500.530,801.354,208.632,722.459,199.877,576.020
528.994,966.433,501.021,800.582,208.342,722.151,200.371,575.997
528.258,966.075,501.586,799.862,208.492,721.964,199.894,575.945
528.433,966.255,501.761,798.841,208.437,721.901,200.005,575.918
528.966,967.440,502.049,798.388,208.433,722.113,200.322,576.008
528.936,967.433,502.080,798.277,208.424,722.171,200.139,575.868
528.854,967.313,502.168,797.817,208.404,722.176,200.164,575.748
528.933,967.384,502.216,798.216,208.463,722.126,200.276,575.935
528.327,966.189,502.111,798.133,208.413,722.041,200.279,575.866
528.841,967.596,502.230,797.911,208.258,721.957,200.525,576.069
528.979,967.508,502.225,798.337,208.226,722.064,200.384,575.871
528.671,967.498,502.816,798.830,208.369,721.861,200.149,576.929
528.681,967.543,502.395,800.324,208.392,722.089,200.693,576.788
528.048,966.263,501.829,802.255,208.231,721.501,200.016,576.986
528.033,966.192,501.389,804.535,208.117,721.631,199.826,576.744
528.499,967.871,500.877,805.659,208.379,721.931,199.350,576.603
528.337,967.023,500.286,805.589,208.371,722.082,199.329,576.229
527.665,965.982,500.362,805.643,208.182,721.949,200.613,577.246
528.474,967.433,500.387,805.618,208.443,722.054,200.781,577.205
528.735,967.573,500.657,805.304,208.626,721.988,200.469,576.967
527.667,965.884,500.872,805.188,208.342,721.738,200.016,576.781
528.035,966.151,500.765,804.423,208.510,722.280,200.134,576.513
528.166,966.357,500.653,803.896,208.517,722.210,200.271,576.785
528.536,967.635,500.681,803.405,208.262,721.924,200.211,576.683
528.595,967.196,500.374,802.887,208.450,722.085,200.377,576.726
528.209,966.828,500.395,801.949,208.599,722.374,199.875,576.530
528.149,966.975,500.625,801.806,208.475,722.085,199.948,576.506
527.595,965.366,500.024,801.474,208.382,721.869,199.961,576.433
527.126,965.266,500.247,801.167,208.566,722.124,200.240,576.590
527.636,966.003,500.053,801.519,208.500,722.146,200.072,576.575
528.288,967.304,500.195,800.572,208.457,722.027,199.912,576.699
528.955,967.168,500.157,799.532,208.483,722.081,200.093,576.800
528.495,966.780,499.972,798.713,208.430,721.735,200.222,577.037
528.856,966.573,499.831,799.073,208.454,722.052,200.260,577.928
529.048,966.832,499.776,799.459,208.439,722.077,200.531,578.696
529.149,967.766,499.651,798.716,208.544,722.393,200.252,578.092
528.730,966.820,499.899,798.541,208.539,722.341,199.623,578.569
529.158,967.357,499.595,797.842,208.494,722.264,199.604,577.999
529.418,967.508,499.777,797.723,208.390,722.099,199.305,577.665
529.575,967.913,499.822,797.397,208.506,722.289,199.775,577.537
528.231,965.925,499.770,798.274,208.429,722.396,199.962,577.174
528.461,966.555,499.685,797.796,208.436,722.288,199.708,577.076
529.243,967.473,500.228,796.730,208.379,722.226,200.302,577.304
529.366,967.072,500.273,797.196,208.668,722.105,200.475,577.894
529.561,967.656,500.503,795.726,208.539,722.379,200.367,578.065
529.358,967.656,500.298,796.694,208.434,721.978,200.789,578.051
529.694,967.470,500.354,796.527,208.514,722.247,200.344,578.039
529.724,967.582,500.407,795.902,208.378,722.226,199.854,577.526
529.404,967.199,500.458,796.040,208.536,722.066,199.765,577.244
529.063,966.815,500.622,795.584,208.505,722.164,199.971,577.374
528.637,966.590,500.796,795.499,208.457,722.057,200.271,577.275
528.495,966.447,500.853,795.347,208.440,722.084,200.087,576.779
528.894,966.943,500.751,795.872,208.354,721.973,200.301,576.656
528.947,967.807,500.690,796.282,208.461,722.165,200.257,576.432
528.998,968.069,500.823,795.252,208.449,722.167,200.396,577.280
528.887,967.545,500.739,796.065,208.496,722.051,200.242,577.515
528.926,968.145,500.663,796.137,208.516,722.206,200.261,578.452
528.952,967.965,500.787,795.306,208.559,722.327,199.447,578.812
528.913,967.804,500.859,795.876,208.372,722.286,199.608,579.090
528.731,967.340,501.015,795.466,208.390,722.338,199.444,579.126
528.913,967.506,501.087,795.836,208.322,722.262,199.304,579.104
528.933,967.956,501.207,794.649,208.412,721.918,199.205,579.015
528.123,966.415,501.169,795.387,208.761,723.661,198.943,578.876
528.401,966.937,500.991,796.086,208.316,722.021,199.563,579.362
529.065,966.975,501.062,794.505,208.192,721.780,199.603,579.554
529.006,968.193,501.223,794.840,208.453,722.077,199.675,579.076
529.188,968.398,500.985,795.249,208.221,721.960,199.085,578.961
529.508,968.103,501.290,794.678,208.234,722.129,198.897,578.444
529.314,967.578,501.216,794.254,208.344,722.496,198.900,578.781
528.608,967.093,501.291,794.416,208.241,722.151,199.325,578.521
528.979,967.645,501.071,794.848,208.190,722.099,199.543,578.453
529.284,969.864,501.292,794.245,208.400,722.353,199.423,578.330
528.416,969.000,500.877,794.708,208.354,722.160,199.502,577.919
528.802,968.508,501.127,794.332,208.335,722.028,199.975,578.425
528.552,968.178,500.669,795.105,208.477,721.942,199.897,579.186
528.770,968.197,500.588,795.299,208.323,721.913,199.456,579.000
528.871,968.527,500.770,794.708,208.313,722.006,199.225,579.152
528.734,968.279,500.557,794.993,208.335,722.017,199.609,578.704
529.043,968.531,501.065,794.287,208.334,722.153,199.995,578.385
529.026,968.752,501.147,794.110,208.371,721.997,199.863,579.487
528.603,969.072,501.023,794.320,208.476,722.034,200.030,580.389
528.383,968.163,501.160,794.207,208.491,722.302,198.752,579.467
528.442,967.678,500.967,794.641,208.495,721.762,198.993,578.715
528.764,969.239,501.235,794.309,208.387,721.925,199.283,578.570
528.739,968.752,500.798,794.789,208.523,721.932,199.467,579.610
528.950,968.558,500.912,794.408,208.737,722.342,199.622,580.867
529.305,967.718,500.735,794.809,208.690,722.320,199.168,579.561
528.779,968.062,501.040,794.444,208.822,722.651,199.428,578.834
529.247,969.440,500.771,794.749,208.568,722.318,199.380,578.741
529.142,968.648,500.925,794.727,208.359,721.690,198.956,578.394
528.924,968.679,501.285,794.155,208.434,721.772,199.669,578.238
528.808,968.060,501.207,794.129,208.274,721.813,200.135,578.140
529.175,968.690,500.954,794.722,208.308,721.931,200.054,578.558
528.991,968.776,501.526,794.261,208.644,722.203,199.312,579.346
528.928,969.126,501.176,794.399,208.547,722.154,199.092,579.434
528.764,968.642,501.310,794.204,208.630,722.130,198.318,578.763
528.876,969.283,501.190,794.074,208.606,722.055,198.908,578.857
528.935,969.264,501.347,794.081,208.789,722.340,199.180,579.129
528.318,968.381,501.323,793.886,208.843,722.305,199.305,580.462
528.381,968.561,501.004,794.537,208.409,721.957,198.423,579.602
528.519,968.552,501.339,793.747,208.510,722.012,197.869,578.538
528.636,968.635,500.955,794.527,208.570,722.417,198.023,578.610
528.496,968.273,501.322,794.056,208.714,722.504,197.757,579.359
528.377,968.325,500.928,794.878,208.631,722.362,198.530,578.930
528.505,968.630,500.954,794.793,208.564,721.991,199.058,578.412
528.661,968.361,501.395,794.337,208.613,721.979,199.353,578.590
528.498,968.237,501.567,794.067,208.707,722.181,199.268,578.676
529.009,968.949,501.224,794.907,208.560,722.011,198.648,578.740
528.395,968.934,501.109,794.510,208.718,722.120,198.637,579.203
528.681,969.324,501.320,793.994,208.697,722.285,198.384,578.655
528.776,969.740,500.758,795.079,208.728,722.353,199.300,578.605
528.833,969.423,501.075,794.300,208.416,721.944,199.600,579.191
528.929,969.509,501.348,793.959,208.551,722.019,199.285,578.676
528.118,968.193,500.727,795.104,208.653,722.493,199.376,578.066
528.960,969.462,500.894,794.700,208.681,722.247,199.027,577.291
528.859,969.375,501.141,794.418,208.244,721.819,199.348,577.018
527.633,968.266,501.201,794.162,208.350,722.066,199.064,577.705
528.453,969.623,500.495,795.163,208.459,721.937,198.640,578.027
528.593,969.611,501.133,794.119,208.449,721.932,199.646,577.547
528.899,969.508,500.923,794.364,208.734,722.023,200.107,577.615
528.605,969.481,501.188,794.372,208.687,722.123,199.880,577.111
528.468,969.616,501.395,794.048,208.543,722.005,199.724,577.022
528.707,969.460,501.322,794.087,208.779,722.131,200.348,577.174
528.641,969.504,501.762,793.292,208.781,722.272,200.677,577.058
528.510,969.159,501.617,793.390,208.856,722.284,200.855,576.829
528.585,968.847,501.365,794.124,208.532,722.257,201.407,577.563
528.171,968.734,501.466,793.590,208.749,722.295,200.913,576.972
528.284,969.551,501.587,793.356,208.844,722.317,200.098,577.308
528.339,969.769,501.072,794.039,208.215,721.724,199.395,577.548
528.619,969.749,501.366,793.534,208.346,721.911,198.990,577.528
528.596,970.015,501.091,793.983,208.420,722.317,198.817,576.994
528.619,969.680,500.979,794.582,208.368,722.050,198.650,576.343
528.550,969.860,501.345,794.468,208.470,722.273,198.658,576.603
528.465,969.686,501.630,793.820,208.644,722.334,198.622,576.365
528.391,969.534,501.094,794.511,208.634,722.289,198.693,577.971
528.667,969.703,500.974,794.595,208.793,722.433,198.016,577.822
528.407,969.347,501.283,794.340,208.709,722.293,197.944,577.878
528.679,969.938,501.404,794.337,208.395,722.156,198.369,578.907
528.407,968.938,501.288,794.410,208.752,722.383,198.332,579.159
527.505,967.332,501.712,793.687,208.651,722.169,198.468,579.006
528.021,968.694,501.798,793.620,208.699,722.154,199.101,579.733
528.121,969.104,501.536,793.859,208.687,722.420,198.035,579.263
527.957,968.822,501.149,794.442,208.651,722.314,198.545,579.759
527.528,968.439,501.648,794.024,208.613,722.186,198.216,579.163
528.161,968.759,501.542,794.007,208.511,722.010,197.284,578.747
527.678,968.024,501.169,794.714,208.530,722.131,198.312,578.399
527.854,968.263,501.210,794.592,208.263,721.674,198.683,577.813
528.173,969.100,501.654,793.796,208.363,721.695,199.412,577.751
528.607,969.622,501.536,794.066,208.345,721.961,199.705,577.565
528.659,969.483,501.471,794.288,208.454,721.860,199.798,577.587
529.011,969.030,501.501,794.344,208.685,722.272,199.680,577.350
528.946,969.310,501.966,793.755,208.836,723.587,199.984,577.125
529.096,969.486,501.732,794.340,208.735,723.566,200.501,576.667
528.320,969.774,501.900,794.059,208.850,723.432,199.677,575.716
528.788,969.587,501.570,794.459,208.382,722.361,198.967,576.158
528.425,969.828,501.746,794.116,208.448,722.112,199.489,576.527
528.896,969.592,502.034,793.392,208.155,721.759,200.314,576.599
528.915,969.751,501.881,793.306,208.189,721.727,200.005,576.450
529.059,969.862,501.722,793.992,208.312,722.275,200.092,576.594
529.000,969.681,501.786,793.940,208.313,722.074,199.994,576.956
528.423,969.596,501.764,794.328,208.377,722.329,198.684,576.834
528.499,969.423,501.828,794.688,208.333,722.167,197.197,577.724
529.396,969.652,501.850,794.398,208.645,722.449,197.681,577.465
529.253,968.604,501.978,793.850,208.505,722.136,196.325,577.274
529.377,968.378,501.797,793.857,208.199,721.702,198.515,578.669
529.456,968.427,502.498,793.561,208.470,722.133,197.873,578.291
529.641,968.433,501.643,794.233,208.407,722.151,197.317,577.448
528.997,967.950,501.640,794.386,208.336,721.940,197.726,577.555
529.414,967.968,501.595,794.631,208.488,722.337,198.534,578.386
529.521,968.317,502.051,793.730,208.564,721.931,197.569,578.440
529.611,968.405,502.056,793.714,208.189,721.885,196.612,577.549
529.483,968.456,502.116,793.667,208.028,721.621,198.272,577.462
529.418,968.288,501.998,793.985,208.428,722.011,198.986,577.160
529.125,968.209,502.095,793.834,208.428,722.362,200.161,577.139
529.332,968.404,501.914,794.233,208.347,722.247,200.109,577.218
529.135,968.302,502.072,793.940,208.289,722.159,200.799,576.476
529.472,967.711,502.167,793.615,208.063,721.805,199.742,576.098
529.373,968.147,502.241,793.757,208.301,722.121,200.195,576.285
529.585,967.936,502.056,793.931,208.514,722.362,200.412,576.716
529.648,967.904,502.279,793.546,208.673,722.597,200.963,577.109
528.921,967.091,502.252,793.801,208.566,722.077,201.134,576.153
528.091,968.106,502.028,793.848,208.599,722.361,201.576,577.262
527.741,968.714,502.221,794.007,208.635,722.322,201.157,576.854
527.413,969.049,501.873,794.316,208.605,722.314,200.317,576.357
527.292,968.273,501.996,793.925,208.534,722.408,200.556,577.038
527.359,968.672,501.734,794.420,208.569,722.356,200.457,577.365
527.399,968.948,501.358,794.550,208.859,723.803,198.276,577.178
527.392,968.691,501.539,794.392,208.417,722.204,198.152,576.929
527.488,969.058,502.103,794.229,208.389,722.301,197.954,576.939
527.190,968.630,502.074,793.855,208.312,722.371,198.307,576.983
527.419,968.724,501.749,794.630,208.576,722.498,198.041,577.228
527.397,968.521,501.762,794.733,208.283,722.147,198.053,577.508
527.379,968.262,501.626,794.676,208.469,722.251,197.510,576.947
527.436,968.200,501.503,794.741,208.343,722.272,198.475,577.050
527.545,968.621,501.717,794.377,208.234,722.117,197.533,576.695
527.990,968.776,501.216,795.251,208.209,722.028,198.049,576.616
527.643,968.036,501.528,794.407,208.274,722.113,199.095,576.516
528.030,968.558,501.879,793.976,208.308,722.248,200.307,576.194
527.832,968.396,500.965,795.335,208.392,722.144,201.193,576.503
527.961,968.266,501.400,794.577,208.483,722.412,201.226,576.362
528.002,968.735,502.140,793.469,208.542,722.430,201.237,576.215
527.963,969.092,501.781,794.390,208.330,722.220,201.301,576.158
527.787,968.648,501.735,794.806,208.353,722.184,201.498,576.374
528.004,968.816,502.231,794.024,208.333,722.101,200.875,575.166
527.807,968.691,501.369,795.085,208.292,722.130,200.140,575.763
527.973,968.628,501.122,795.414,208.208,721.997,200.793,575.787
528.286,968.030,502.154,793.720,207.993,721.643,201.477,576.893
528.522,968.796,501.508,794.736,208.112,721.790,201.178,576.481
528.109,968.428,501.516,795.220,208.328,721.970,201.407,576.551
528.439,968.775,502.105,793.952,208.354,722.039,201.209,576.972
528.206,968.659,502.011,793.821,208.416,722.291,200.589,576.723
528.451,968.854,501.412,795.097,208.465,722.260,198.930,576.018
528.176,968.520,502.024,793.926,208.418,722.059,199.165,576.347
528.683,968.613,501.711,794.261,208.534,722.210,199.457,576.401
528.560,968.690,501.475,794.595,208.554,722.209,199.734,576.169
528.286,968.501,502.229,793.470,208.407,721.869,200.100,576.374
528.392,968.408,502.102,793.685,208.430,722.403,199.575,575.765
528.084,968.135,501.604,794.535,208.244,721.989,199.753,574.428
528.001,968.221,502.068,793.428,208.371,722.128,199.395,575.658
528.050,967.834,502.195,793.290,208.266,721.792,199.587,577.500
528.095,968.006,502.083,793.489,208.273,721.910,199.328,578.139
528.448,967.847,502.558,793.113,208.143,721.754,199.740,577.411
528.593,968.403,502.260,793.292,208.089,721.700,199.757,576.791
527.975,967.233,502.405,793.238,208.427,722.122,199.500,577.547
527.673,967.838,502.381,793.504,208.219,721.825,200.051,577.080
527.507,968.099,502.258,793.357,208.374,722.437,200.098,577.787
527.425,968.201,501.960,794.322,208.297,722.014,200.183,578.830
527.531,968.124,502.078,793.789,208.279,721.892,199.263,578.835
527.391,968.315,502.541,793.137,208.298,721.963,198.831,578.622
527.721,968.295,501.761,794.141,208.442,722.074,198.900,577.563
528.512,968.090,502.148,793.759,208.575,722.258,198.795,577.589
528.218,967.133,502.262,793.192,208.537,722.115,198.875,576.847
527.381,968.212,501.963,793.841,208.496,722.146,198.925,577.641
526.899,968.477,501.836,794.166,208.589,722.516,198.901,578.290
526.864,968.169,502.236,793.297,208.525,722.462,198.061,577.433
526.987,968.519,502.168,793.095,208.484,722.305,197.542,577.095
527.577,968.526,502.142,793.563,208.413,722.284,197.584,576.886
527.932,968.233,502.418,793.147,208.436,722.390,196.690,576.174
527.358,969.066,502.534,792.821,208.394,722.163,196.221,578.161
527.456,969.243,501.672,794.152,208.391,722.296,195.982,578.118
527.801,969.211,502.589,792.774,208.566,722.314,195.234,576.388
528.125,969.784,502.301,793.257,208.677,722.262,195.717,576.218
528.003,969.510,501.984,793.811,208.739,722.320,195.708,578.733
527.947,969.273,502.662,792.896,208.455,722.136,195.068,577.394
528.130,969.080,502.709,792.837,208.372,722.014,196.024,580.225
528.262,969.226,502.611,792.670,208.552,722.601,196.676,580.180
528.208,969.414,503.014,792.303,208.540,722.276,195.452,579.589
528.475,969.194,503.090,791.974,208.283,722.324,196.173,579.825
529.450,969.461,502.940,791.852,208.419,722.287,196.123,580.371
528.956,968.865,502.791,792.104,208.309,722.072,196.327,580.464
528.696,968.702,502.859,792.445,208.250,722.114,196.296,580.137
528.527,968.516,502.684,792.199,208.365,722.043,196.309,579.629
528.418,968.462,502.893,791.657,208.405,722.316,196.511,580.721
528.350,968.767,503.201,791.509,208.598,722.163,194.107,579.548
528.149,969.066,502.783,792.413,208.513,721.987,195.254,578.529
529.135,969.425,503.036,791.240,208.531,722.256,195.973,579.281
528.919,969.269,503.019,791.924,208.420,722.041,194.308,580.599
528.574,969.010,502.904,791.402,208.586,722.210,193.646,578.538
529.095,968.763,502.432,792.494,208.136,721.980,194.739,579.413
529.804,969.212,502.305,793.080,208.221,722.171,194.063,579.909
529.589,968.870,502.550,792.940,208.203,722.248,194.414,580.221
529.220,968.990,502.607,792.820,208.363,722.007,194.298,580.084
529.347,969.626,502.499,792.773,208.578,722.375,194.287,580.119
530.119,969.157,502.403,792.555,208.617,722.331,194.297,580.011
529.472,969.400,502.803,792.265,208.417,722.243,193.819,578.347
529.922,969.271,502.875,792.070,208.446,722.297,194.085,580.015
529.136,969.172,502.673,792.234,208.458,722.299,194.260,580.219
529.445,969.347,502.708,792.045,208.461,722.171,194.333,580.174
529.201,969.029,502.946,791.603,208.303,722.084,194.625,580.247
529.305,969.788,502.882,792.222,208.474,722.255,196.391,581.036
529.234,969.970,503.005,792.125,208.347,721.857,196.110,580.206
529.421,969.730,502.819,792.049,208.514,722.307,194.618,581.050
529.221,969.881,502.966,791.800,208.333,722.191,194.263,580.589
528.939,969.533,502.985,791.862,208.631,722.413,194.221,581.340
528.825,969.513,502.789,791.960,208.369,722.239,194.007,581.465
529.571,969.590,502.934,791.927,208.192,722.015,195.865,581.948
530.117,970.144,502.807,791.812,208.606,722.741,195.919,581.738
528.923,969.625,502.763,792.091,208.279,722.246,195.943,581.548
528.762,969.237,502.965,791.768,208.304,722.366,193.755,578.827
528.321,968.860,502.952,791.494,208.462,722.287,194.146,579.724
528.152,969.078,503.028,791.879,208.473,722.209,196.761,582.104
528.464,969.206,502.974,791.780,208.452,722.421,196.875,581.788
529.550,970.070,503.309,791.395,208.477,722.135,194.968,581.927
530.509,970.682,503.331,791.478,208.553,722.390,194.702,581.530
528.524,969.688,502.818,792.260,208.458,722.030,194.692,581.792
528.767,969.793,502.915,792.192,208.557,722.383,194.762,581.912
528.715,969.700,503.005,791.717,208.605,722.508,194.827,581.996
528.632,969.783,502.664,792.358,208.515,722.487,194.564,582.323
529.186,969.705,502.271,792.726,208.532,722.463,194.665,581.294
528.675,969.536,502.623,792.504,208.493,722.418,194.602,579.372
529.343,969.905,502.591,792.648,208.269,721.912,193.404,577.559
529.444,970.173,502.468,792.838,208.466,722.357,194.169,580.649
529.310,970.377,502.305,793.142,208.349,722.154,194.530,581.454
529.192,970.213,502.580,792.701,208.520,722.266,195.996,581.371
529.337,970.022,502.259,793.561,208.279,722.067,195.605,578.866
529.593,970.238,502.053,793.561,208.477,722.243,196.436,581.206
529.545,970.133,501.908,793.978,208.396,722.218,196.235,581.410
529.510,970.086,502.593,792.978,208.222,722.041,195.959,578.297
529.880,970.162,502.471,793.038,208.478,722.162,196.890,581.368
529.270,970.205,502.201,793.508,208.695,722.358,196.985,581.515
529.269,970.366,502.122,793.576,208.510,722.159,195.403,579.144
529.123,969.853,501.723,794.285,208.615,722.012,196.447,579.030
529.339,970.092,501.725,794.449,208.679,722.200,195.930,578.477
529.402,970.105,501.618,794.470,208.726,722.083,195.487,579.061
529.380,970.247,501.708,794.611,208.708,722.028,194.671,580.732
529.188,969.975,501.635,795.151,208.523,722.020,193.559,579.215
529.429,969.859,501.224,795.230,208.552,722.374,193.375,578.555
529.534,969.770,500.729,796.337,208.258,722.263,193.951,580.257
529.833,969.806,500.561,796.282,208.734,722.504,195.593,581.005
529.110,969.962,500.637,796.215,208.738,722.479,193.833,579.547
529.416,970.232,500.595,796.262,208.527,722.393,195.211,578.939
529.705,970.656,500.592,796.401,208.623,722.447,195.552,579.173
529.386,970.244,500.380,796.364,208.527,722.281,196.118,581.111
529.310,970.318,500.645,795.895,208.543,722.312,195.808,581.154
529.277,970.227,500.351,796.085,208.652,722.224,196.354,580.890
529.482,970.187,500.478,796.095,208.347,721.838,196.530,582.049
529.773,970.613,500.791,796.116,208.458,722.023,196.545,581.877
529.889,970.728,500.813,796.119,208.654,722.278,195.797,579.404
529.918,970.341,500.740,795.603,208.749,722.444,196.702,581.821
529.913,970.492,500.989,795.476,208.690,722.424,195.186,577.977
529.305,970.180,500.878,795.485,208.533,722.309,196.629,580.774
529.656,970.746,500.909,795.702,208.511,722.217,196.397,580.109
529.346,970.756,500.901,795.904,208.506,722.309,196.082,580.030
529.609,970.716,501.004,795.582,208.539,722.273,197.157,581.083
529.279,970.090,500.899,795.453,208.476,722.630,197.936,580.499
528.994,969.900,500.977,795.617,208.420,722.225,197.695,579.046
529.085,970.159,501.010,795.636,208.354,722.117,197.594,577.640
529.344,970.491,501.047,795.849,208.513,722.246,197.692,577.684
529.336,970.212,501.053,795.839,208.621,722.238,197.844,577.591
529.532,970.187,500.935,795.470,208.558,722.251,198.246,578.146
529.103,970.403,501.130,795.522,208.462,721.941,198.151,579.164
529.092,970.063,500.795,795.843,208.597,722.388,198.253,579.636
528.891,970.121,501.029,795.666,208.676,722.622,198.190,578.860
528.914,970.087,500.824,796.048,208.627,722.041,198.212,578.414
528.895,970.170,500.770,796.036,208.688,722.263,198.406,578.163
528.913,970.177,500.823,795.779,208.707,722.302,198.017,578.800
529.365,970.793,500.780,796.038,208.726,722.593,198.103,579.160
529.178,970.493,500.739,796.096,208.797,722.574,198.022,579.283
529.208,970.510,500.837,795.866,208.620,722.261,198.179,579.208
529.072,969.666,500.679,796.053,208.639,722.215,198.484,579.160
529.889,970.138,500.873,795.925,208.614,722.154,198.596,578.474
529.521,969.972,500.899,795.916,208.524,722.167,199.549,577.059
529.441,970.135,500.824,795.878,208.593,722.273,199.297,578.542
529.524,970.024,500.847,795.791,208.605,722.291,199.464,578.365
529.407,970.011,500.738,795.802,208.434,722.271,199.731,578.611
529.145,970.236,500.866,795.982,208.533,722.168,199.876,579.369
529.723,970.567,501.006,795.936,208.535,722.072,199.520,579.490
529.327,970.339,500.951,795.732,208.743,722.311,199.512,579.899
529.445,970.519,500.813,795.933,208.474,722.332,199.561,579.854
529.101,970.847,500.744,795.858,208.564,722.395,199.321,579.524
528.813,970.680,500.512,795.857,208.650,722.547,199.939,579.122
528.687,970.938,500.941,795.708,208.581,722.235,200.518,578.577
529.494,970.907,500.678,795.987,208.421,722.028,199.540,578.016
529.452,970.435,500.771,795.941,208.621,722.112,198.882,578.285
528.404,970.272,500.768,795.892,208.572,722.121,199.351,578.109
529.315,970.137,500.763,795.999,208.565,722.104,199.259,577.845
529.117,970.441,500.740,796.113,208.429,722.192,199.422,577.728
529.713,971.084,500.725,795.943,208.561,722.226,199.626,578.008
530.319,971.524,500.892,795.626,208.555,722.176,199.960,578.094
530.240,971.423,500.611,796.087,208.575,722.170,200.165,578.123
529.653,971.020,500.637,796.004,208.671,722.361,200.234,579.870
530.063,971.416,500.672,796.021,208.703,722.437,200.870,579.786
529.984,971.384,500.777,796.030,208.607,722.584,200.409,579.696
529.702,971.212,500.744,795.926,208.688,722.654,200.442,579.801
529.404,970.627,500.520,796.159,208.172,721.956,200.685,580.084
530.309,971.458,500.651,795.884,208.497,722.359,199.983,580.758
530.141,971.203,500.694,795.887,208.465,722.315,199.796,580.125
529.977,971.660,500.586,796.108,208.366,721.976,199.977,580.138
530.319,971.444,500.757,796.048,208.670,722.514,199.120,579.574
529.106,970.090,500.747,796.291,208.584,722.459,199.541,579.061
529.404,970.642,500.754,796.102,208.812,722.643,200.216,579.091
530.074,970.939,500.867,795.856,208.680,722.410,200.507,579.227
529.165,970.559,500.639,795.970,208.574,722.288,200.900,579.319
530.424,971.400,500.693,795.819,208.641,722.230,201.043,579.163
530.821,971.536,500.572,795.966,208.890,722.523,200.698,578.866
529.160,970.855,500.913,795.959,208.555,722.232,200.479,578.790
529.295,970.316,500.770,796.070,208.378,722.081,199.732,578.598
529.452,970.938,500.457,796.515,208.492,722.205,200.057,578.709
529.123,970.933,500.603,796.505,208.605,722.334,200.247,578.647
529.715,970.468,500.681,796.048,208.501,722.448,199.995,578.570
529.701,969.980,500.532,796.235,208.467,722.104,199.819,578.254
529.637,970.244,500.857,795.907,208.708,722.207,199.949,578.176
529.957,970.663,500.547,796.300,208.674,722.543,200.366,578.450
529.114,970.328,500.501,796.362,208.256,722.114,200.202,578.721
529.796,971.352,500.473,796.502,208.406,722.392,200.477,579.678
530.042,971.435,500.561,796.353,208.594,722.375,200.545,580.171
530.153,970.759,500.504,796.391,208.496,722.152,200.421,580.106
530.328,970.805,500.439,796.465,208.648,722.362,200.067,579.863
529.659,970.631,500.570,796.386,208.410,722.231,200.329,580.566
529.729,971.192,500.466,796.467,208.445,722.153,200.360,580.362
529.457,970.978,500.739,796.026,208.325,722.277,200.187,580.034
530.825,971.676,500.708,796.099,208.694,722.411,200.589,579.910
529.588,970.780,500.817,796.161,208.375,722.056,200.169,579.585
529.424,970.669,500.868,796.040,208.448,722.194,200.096,579.354
530.089,971.019,500.368,796.061,208.349,722.138,199.736,579.192
529.864,971.313,500.377,796.042,208.577,722.084,200.315,579.489
530.025,971.474,500.678,796.106,208.278,722.081,200.464,578.982
530.292,971.335,500.629,796.285,208.483,722.326,200.433,578.806
530.502,971.015,500.819,796.179,208.348,722.113,200.363,578.949
530.320,971.667,500.772,796.310,208.486,722.396,200.840,579.696
530.416,971.460,500.838,796.215,208.380,722.189,200.524,579.649
530.232,971.346,500.621,796.183,208.509,722.128,200.334,580.050
530.407,971.779,500.699,796.329,208.354,721.862,199.530,580.246
530.398,971.829,500.487,796.306,208.469,722.033,199.942,580.275
530.171,971.497,500.704,796.238,208.163,721.871,200.194,580.743
529.885,971.243,500.581,796.661,208.315,721.852,200.109,580.065
530.201,972.109,500.488,796.728,208.340,722.239,200.220,579.679
530.470,971.622,500.622,796.481,208.335,721.921,199.940,578.960
530.540,971.568,500.447,796.531,208.336,722.008,199.982,579.073
529.841,970.739,500.297,796.722,208.528,722.187,200.066,578.951
529.641,970.849,500.498,796.289,208.276,722.347,200.493,578.981
530.534,971.917,500.658,796.279,208.852,723.881,200.247,578.261
529.968,971.426,500.788,796.086,208.614,722.352,200.469,578.046
529.960,971.893,500.649,796.326,208.444,722.231,200.352,577.928
530.147,971.813,500.458,796.122,208.461,722.311,200.471,578.656
529.880,971.277,500.579,796.099,208.331,722.152,200.665,578.671
530.544,972.015,500.483,796.400,208.503,722.155,201.216,580.965
530.277,971.862,500.458,796.500,208.468,722.337,201.303,581.449
529.232,970.812,500.690,795.974,208.438,722.429,201.065,581.226
529.437,971.315,500.617,796.307,208.467,722.417,200.716,581.040
530.319,972.077,500.606,796.350,208.501,722.113,200.595,581.048
530.088,972.503,500.485,796.498,208.511,722.385,200.718,581.078
529.893,971.767,500.636,796.444,208.791,722.789,201.734,581.245
529.228,971.252,500.514,796.079,208.550,722.656,202.362,581.784
528.683,971.804,500.694,796.244,208.357,722.612,202.051,581.611
530.468,972.347,500.483,796.353,208.349,722.289,202.060,582.919
529.383,971.849,500.515,796.418,208.415,722.415,202.085,581.950
529.448,971.363,500.434,796.368,208.441,722.503,200.911,581.289
530.058,972.174,500.492,796.328,208.418,722.514,200.510,580.829
529.512,972.284,500.584,796.641,208.241,722.166,200.601,580.303
530.080,971.951,500.471,796.690,208.501,722.396,199.763,579.572
530.363,972.696,500.697,796.347,208.337,722.401,199.927,579.083
529.963,972.468,500.483,796.355,208.253,722.279,199.804,579.413
530.435,972.229,500.540,796.662,208.385,722.256,200.256,579.477
529.748,972.216,500.633,796.521,208.398,722.297,200.585,579.869
529.650,971.935,500.619,796.458,208.285,722.200,201.494,581.277
530.499,972.375,500.608,796.492,208.313,722.225,201.217,581.186
530.178,972.215,500.636,796.196,208.192,722.027,200.305,580.398
529.340,972.016,500.715,796.329,208.614,722.404,199.604,581.383
529.975,971.849,500.722,796.149,208.536,722.564,199.600,582.047
529.758,971.869,500.703,796.251,208.507,722.334,199.430,582.389
529.330,971.663,500.854,796.062,208.405,722.328,199.638,582.363
530.384,971.400,500.793,796.259,208.522,722.432,200.041,582.668
530.124,971.798,500.719,796.227,208.500,722.129,200.517,582.960
530.130,972.194,500.775,796.115,208.296,721.912,199.918,583.252
530.773,971.923,500.686,796.423,208.292,722.285,199.324,582.495
530.054,971.896,500.571,796.378,208.274,722.282,199.515,582.185
530.203,972.058,500.547,796.495,208.276,722.149,199.397,582.093
530.806,972.136,500.489,796.576,208.348,722.270,200.090,582.158
530.426,972.442,500.457,796.635,208.334,722.193,199.788,582.306
530.556,972.564,500.419,796.695,208.546,722.289,199.476,582.900
530.027,973.049,500.362,796.471,208.538,722.508,199.527,582.594
530.209,972.123,500.600,796.616,208.657,722.560,200.399,581.757
530.491,972.053,500.537,796.649,208.467,722.296,200.597,582.430
530.705,971.733,500.417,796.690,208.449,722.376,200.913,582.796
530.206,972.295,500.688,796.638,208.568,722.332,200.357,582.509
530.453,971.028,500.526,796.774,208.526,722.385,199.900,582.354
530.625,971.493,500.505,796.766,208.496,722.448,199.694,581.272
529.745,970.913,500.452,796.576,208.397,722.380,200.310,580.991
529.753,971.653,500.444,796.810,208.498,722.451,200.583,581.008
529.156,970.806,500.432,796.799,208.362,722.299,200.551,580.645
529.209,970.693,500.765,796.462,208.484,722.421,200.930,581.329
528.363,970.161,500.566,796.589,208.331,722.192,201.359,582.053
527.824,970.854,500.658,796.623,208.582,722.441,201.132,582.871
527.595,970.835,500.422,797.016,208.585,722.527,200.521,582.872
527.926,970.972,500.527,796.774,208.674,722.418,200.547,582.394
527.936,970.531,500.253,796.731,208.615,722.649,200.199,582.504
527.739,970.151,500.227,796.787,208.729,722.580,199.935,582.538
527.978,970.409,500.304,797.014,208.522,722.292,200.358,582.181
527.972,970.451,500.208,796.853,208.617,722.140,200.961,582.953
528.024,970.493,500.284,796.852,208.453,722.159,201.174,583.364
527.879,970.402,500.305,796.923,208.738,722.500,201.317,582.998
527.821,969.987,500.586,796.875,208.542,722.658,200.882,582.961
528.058,970.161,500.467,796.901,208.367,722.405,200.029,581.646
527.997,969.980,500.511,796.986,208.156,721.846,200.004,581.293
527.745,969.790,500.555,796.986,208.311,722.102,200.070,580.745
527.933,969.603,500.414,796.852,208.375,722.326,200.743,580.418
527.877,969.898,500.229,797.040,208.284,721.922,200.521,581.458
528.447,970.437,500.371,797.100,208.360,722.060,200.726,581.721
528.070,969.877,500.326,797.009,208.399,722.132,200.734,582.233
528.315,970.088,500.270,797.070,208.309,722.152,200.596,582.000
528.551,970.012,500.368,797.121,208.541,722.375,200.084,581.740
528.469,970.157,500.393,796.931,208.449,722.324,199.814,581.144
527.999,969.834,500.436,797.072,208.348,722.481,200.192,581.286
528.219,970.181,500.331,797.129,208.409,722.358,200.202,581.058
527.994,969.664,500.468,796.840,208.202,722.172,200.019,581.107
528.086,970.347,500.595,796.741,208.365,722.259,200.074,580.780
528.236,970.661,500.621,796.561,208.503,722.310,200.004,581.174
527.903,969.914,500.483,796.890,208.496,722.240,200.192,581.491
528.029,970.558,500.559,796.751,208.446,722.410,200.364,581.301
527.663,969.749,500.478,796.804,208.774,722.677,199.858,580.677
527.705,970.238,500.478,796.810,208.493,722.357,199.696,580.211
528.135,970.778,500.632,796.696,208.571,722.403,199.788,580.222
528.256,970.779,500.757,796.459,208.544,722.546,200.208,580.698
528.753,971.107,500.649,796.676,208.516,722.182,200.833,581.550
528.640,970.797,500.609,796.734,208.648,722.525,201.182,582.556
529.028,970.948,500.305,797.280,208.499,722.208,201.194,582.533
529.235,971.009,500.400,797.039,208.567,722.298,200.630,582.408
529.210,971.304,500.509,796.958,208.559,722.101,200.184,582.096
529.115,971.206,500.436,797.093,208.663,722.399,200.018,581.305
529.682,971.091,500.629,796.825,208.239,722.305,199.964,581.065
530.039,970.690,500.344,797.229,208.369,722.438,200.687,581.044
529.908,969.714,500.591,796.778,208.491,722.513,200.857,582.307
529.560,969.695,500.514,796.720,208.373,722.109,200.395,582.235
529.344,970.352,500.695,796.522,208.440,722.216,200.025,581.242
529.265,970.013,500.383,796.883,208.462,722.248,200.445,580.617
529.616,969.337,500.360,796.851,208.442,721.993,200.541,581.238
529.850,970.516,500.665,796.500,208.562,722.225,200.873,582.028
529.283,970.026,500.660,796.642,208.405,722.264,200.739,583.199
528.616,969.710,500.649,796.538,208.592,722.550,199.854,581.890
528.204,968.577,500.799,796.405,208.578,722.508,200.084,582.264
528.189,970.240,500.305,796.968,208.418,722.161,200.253,581.802
528.422,969.999,500.340,796.766,208.465,722.244,200.971,581.735
527.542,970.110,500.450,797.014,208.234,722.163,200.634,582.228
527.457,969.718,500.299,797.261,208.653,722.705,200.732,582.304
527.487,969.430,500.365,797.117,208.543,722.234,199.925,580.241
528.190,970.036,500.485,796.866,208.624,722.469,200.210,579.546
527.897,969.583,500.373,796.981,208.499,722.259,200.313,579.021
527.708,970.110,500.486,796.758,208.720,722.288,200.893,578.907
527.817,969.827,500.463,797.019,208.790,722.425,200.219,578.456
527.821,969.273,500.594,796.844,208.663,722.344,199.464,577.109
527.620,969.283,500.527,796.785,208.851,722.552,199.352,579.336
527.370,970.258,500.545,796.890,208.895,722.529,199.263,579.346
527.310,969.714,500.678,796.808,208.838,722.532,199.273,579.284
527.319,970.028,500.286,796.706,209.081,723.779,199.387,580.928
527.423,969.691,500.527,796.944,209.169,723.827,199.684,581.848
527.692,969.879,500.434,797.048,208.545,722.392,199.737,581.868
527.187,969.783,500.549,797.153,208.681,722.587,200.285,581.590
527.166,969.525,500.436,797.080,208.501,722.391,199.271,579.920
527.681,969.649,500.436,797.132,208.414,722.539,199.739,580.921
528.102,969.364,500.545,796.849,208.308,722.488,200.032,582.830
527.905,968.792,500.617,796.900,208.651,722.585,200.047,582.811
527.550,969.491,500.786,796.712,208.713,722.745,199.971,582.462
527.320,969.760,500.582,796.893,208.437,722.206,199.945,581.710
527.659,969.655,500.558,796.875,208.456,722.154,200.116,581.329
527.952,968.969,500.279,796.847,208.733,723.960,199.783,580.536
527.319,969.656,500.600,796.894,208.723,723.785,200.160,581.125
527.187,969.803,500.490,796.880,209.051,724.589,200.574,580.892
527.376,970.049,500.396,796.702,208.980,724.235,200.384,579.462
528.059,969.480,500.702,796.622,208.549,722.603,200.515,578.756
527.862,969.572,500.508,796.886,208.522,722.366,200.232,580.636
527.400,970.191,500.462,796.971,208.535,722.237,199.917,579.879
527.471,970.419,500.615,796.761,208.525,722.324,200.451,579.600
527.724,971.006,500.457,797.064,208.558,722.367,200.912,579.792
527.605,971.584,500.459,796.835,208.913,722.168,200.302,579.609
527.572,971.353,500.486,796.719,208.555,722.132,200.407,579.342
527.901,971.059,500.600,796.806,208.621,722.285,200.783,579.278
527.622,971.235,500.583,796.755,208.702,722.393,200.286,579.736
527.775,971.074,500.449,796.716,208.391,722.298,200.573,580.203
527.041,970.760,500.398,796.861,208.557,722.225,200.771,580.043
527.531,971.340,500.622,796.803,208.579,722.169,199.686,579.171
527.658,972.597,500.476,797.000,208.967,723.851,199.889,580.434
527.537,972.084,500.609,796.654,208.646,722.558,200.380,579.338
527.758,972.061,500.546,796.742,208.620,722.415,200.248,578.743
528.005,972.578,500.382,796.978,208.597,722.275,200.299,579.375
528.110,972.160,500.303,797.096,208.762,722.625,199.681,580.136
528.377,972.886,500.195,796.994,208.684,722.472,199.732,579.871
528.887,973.066,500.538,796.813,208.476,722.338,199.745,580.044
528.849,972.821,500.591,796.768,208.474,722.145,199.878,580.535
528.641,972.405,500.468,796.922,208.496,722.195,199.522,581.346
528.719,972.809,500.517,796.896,208.396,722.160,199.872,581.401
529.056,973.367,500.467,796.896,208.549,722.357,199.219,580.873
528.829,973.109,500.587,796.891,208.450,722.240,198.986,580.622
527.986,972.307,500.451,796.920,208.550,722.339,199.190,581.442
527.853,971.968,500.442,797.019,208.410,722.227,199.785,582.014
527.723,971.653,500.620,797.007,208.460,722.317,198.891,581.319
527.573,971.315,500.420,797.074,208.225,721.886,198.856,580.932
528.159,972.001,500.597,796.963,208.476,722.028,199.128,580.654
527.719,971.514,500.512,797.122,208.434,721.929,199.727,580.017
527.833,971.347,500.612,797.017,208.364,722.205,201.090,580.306
527.877,971.261,500.642,796.929,208.519,722.612,201.628,578.933
527.970,971.387,500.518,797.097,208.593,722.578,201.925,579.114
527.927,971.273,500.615,796.771,208.385,722.507,202.137,579.016
528.278,971.591,500.674,796.745,208.578,722.702,201.989,578.197
527.855,970.879,500.559,796.984,208.473,722.529,201.688,577.589
527.848,970.986,500.516,797.129,208.614,722.728,200.960,577.804
527.808,971.049,500.709,797.055,208.543,722.647,201.243,578.568
527.794,970.979,500.472,797.073,208.586,722.653,201.699,578.780
527.941,971.125,500.595,796.784,208.507,722.395,202.592,579.323
528.228,971.290,500.500,796.909,208.563,722.323,201.948,578.670
528.190,971.498,500.405,797.228,208.516,722.470,202.177,579.013
527.795,971.153,500.362,796.869,208.463,722.571,202.507,579.274
527.789,971.227,500.219,797.053,208.255,722.300,202.807,579.391
527.912,971.109,500.331,797.097,208.463,722.518,200.859,578.419
527.981,971.175,500.207,797.084,208.524,722.505,200.853,578.888
528.040,970.867,500.475,796.998,208.531,722.529,200.232,579.307
528.061,971.022,500.505,797.074,208.609,722.320,199.540,579.227
527.922,970.890,500.425,796.964,208.512,722.611,199.645,579.322
527.910,970.905,500.465,797.094,208.562,722.636,198.970,579.894
527.853,970.802,500.679,796.826,208.514,722.463,197.590,579.050
528.142,971.213,500.590,796.816,208.461,722.503,199.044,579.951
528.173,971.415,500.221,796.928,208.488,722.248,199.170,580.250
527.855,970.800,500.245,796.911,208.530,722.583,199.045,579.654
528.098,971.869,500.297,797.147,208.434,722.527,199.126,580.738
528.318,971.721,500.233,797.190,208.499,722.658,199.167,580.435
528.022,971.553,500.043,797.055,208.517,722.795,199.112,580.235
528.186,971.017,500.485,796.857,208.427,722.475,199.355,579.648
528.127,971.457,500.386,797.060,208.489,722.566,198.891,579.355
528.551,971.932,500.466,796.933,208.557,722.467,199.632,579.901
528.487,971.304,500.302,797.058,208.406,722.116,199.311,579.928
528.906,971.449,500.246,797.309,208.452,722.376,199.216,579.173
529.465,970.825,500.256,797.180,208.386,722.228,199.979,578.683
529.611,971.259,500.239,797.135,208.457,722.351,200.869,577.744
529.311,971.279,500.314,797.020,208.480,722.259,202.306,577.459
528.285,970.271,500.302,796.580,208.436,722.225,203.434,578.052
527.999,971.017,500.417,796.989,208.286,722.327,203.079,578.049
527.930,970.353,500.137,797.081,208.333,722.356,202.612,578.550
528.063,970.358,500.211,796.906,208.418,722.685,202.154,578.898
528.116,971.532,500.174,797.070,208.526,722.643,202.987,579.145
527.552,971.112,500.270,797.276,208.545,722.480,201.950,578.609
528.187,970.733,500.180,797.173,208.349,722.476,201.841,579.589
528.112,971.570,500.251,796.936,208.377,722.443,201.226,579.474
527.414,971.623,500.115,797.178,208.243,722.088,201.057,579.407
528.000,970.804,500.207,796.943,208.486,722.291,201.126,579.744
528.165,970.479,500.198,796.965,208.384,721.994,201.440,580.181
528.124,970.770,500.492,797.209,208.201,721.963,201.099,580.950
527.729,970.572,500.324,797.200,208.200,722.012,200.929,580.723
527.912,970.499,500.482,797.101,208.275,722.160,201.027,582.070
528.069,969.975,500.410,797.081,208.423,722.408,200.799,581.190
527.836,970.614,500.403,797.063,208.576,722.427,201.105,582.535
527.800,969.786,500.477,797.110,208.375,722.198,201.120,582.195
527.734,970.356,500.412,797.149,208.388,722.272,201.612,582.373
528.367,969.596,500.472,796.978,208.563,722.624,200.959,581.777
528.702,969.478,500.353,796.948,208.542,722.622,201.174,582.815
528.003,970.099,500.406,797.175,208.576,722.511,201.019,582.147
527.822,970.026,500.449,797.040,208.473,722.406,201.186,582.822
527.808,969.060,500.222,796.899,208.576,722.546,201.772,582.686
528.354,969.509,500.431,797.043,208.587,722.585,201.607,582.915
527.834,969.664,500.287,797.388,208.182,722.108,202.212,582.783
527.630,970.206,500.409,797.217,208.635,722.490,201.420,580.871
527.747,970.033,500.321,797.213,208.601,722.464,201.214,581.820
528.367,970.049,500.296,797.270,208.520,722.386,200.934,582.114
527.919,970.665,500.303,797.475,208.330,722.124,201.150,582.877
527.840,971.051,500.432,797.015,208.540,722.563,200.986,582.868
527.715,971.014,500.299,797.184,208.377,722.066,201.065,582.981
528.048,971.784,500.449,796.992,208.447,722.436,201.327,583.143
528.030,971.491,500.415,796.927,208.366,722.205,201.094,583.095
528.110,971.514,500.338,797.349,208.264,722.297,201.178,583.328
528.204,971.827,500.371,797.235,208.339,722.332,201.040,582.425
528.398,972.412,500.247,797.381,208.372,722.326,201.130,583.252
528.371,972.592,500.325,797.191,208.297,722.016,200.939,583.024
528.517,972.292,500.446,797.105,208.186,722.281,201.097,583.138
528.462,973.090,500.333,797.172,208.288,722.346,201.086,583.060
528.141,972.600,500.460,797.243,208.183,722.170,201.129,582.880
528.317,972.336,500.356,797.299,208.187,722.249,201.171,583.160
528.503,972.306,500.240,797.291,208.364,722.203,201.253,583.121
528.700,973.376,500.440,796.939,208.272,722.075,201.453,583.068
528.681,973.656,500.456,796.941,208.333,722.033,201.398,583.021
529.012,973.533,500.481,797.056,208.340,722.193,201.232,582.999
528.869,973.364,500.349,797.102,208.250,722.144,201.192,583.116
528.950,973.538,500.145,797.462,208.332,722.154,201.421,583.252
528.929,973.802,500.598,797.013,208.334,722.209,201.276,583.147
528.958,973.667,500.392,797.178,208.347,722.377,201.175,583.076
528.676,973.592,500.361,797.117,208.333,722.352,201.251,583.104
529.453,974.049,500.550,796.799,208.497,722.662,201.154,583.094
529.014,973.888,500.465,796.927,208.522,722.828,201.050,583.009
528.882,973.267,500.341,797.504,208.400,722.356,201.309,582.946
529.260,972.466,500.496,797.238,208.568,722.460,201.192,582.829
529.083,971.604,500.330,797.545,208.308,722.174,201.246,582.915
528.913,971.259,500.340,797.160,208.500,722.174,201.214,582.759
528.559,971.808,500.496,797.038,208.462,722.259,201.295,582.877
528.740,971.881,500.312,797.371,208.536,722.550,201.515,582.956
528.213,971.513,500.527,797.196,208.710,722.684,201.287,582.911
528.366,971.835,500.526,797.074,208.593,722.549,201.276,582.937
528.601,972.199,500.492,797.379,208.516,722.233,201.312,582.875
529.239,972.824,500.467,797.501,208.364,722.280,201.246,582.792
529.875,973.984,500.240,797.414,208.394,722.254,201.278,582.854
530.652,974.458,500.493,797.174,208.431,722.375,201.269,582.785
530.955,974.479,500.416,797.084,208.420,722.266,201.114,582.684
531.568,974.241,500.411,797.310,208.359,722.471,201.325,582.889
531.865,974.101,500.575,797.201,208.302,722.108,201.350,582.995
532.429,974.265,500.475,797.193,208.522,722.415,201.149,582.900
531.941,975.024,500.386,797.368,208.313,722.145,201.225,582.926
532.172,974.676,500.430,797.449,208.351,722.397,201.352,582.843
531.842,975.083,500.277,797.377,208.486,722.451,201.249,582.738
531.971,975.082,500.356,797.373,208.510,722.448,201.436,582.932
532.333,975.559,500.379,797.242,208.068,721.697,201.538,582.664
532.485,975.977,500.366,797.192,208.382,722.361,201.215,582.611
531.475,975.217,500.383,797.451,208.139,722.019,201.126,582.463
532.011,974.497,500.210,797.369,208.292,722.339,201.001,582.310
533.052,974.530,500.206,797.533,208.276,722.278,201.270,582.167
533.409,975.361,500.402,797.336,208.390,722.251,201.214,582.187
532.786,975.046,500.604,797.143,208.500,722.315,200.976,580.832
532.891,974.689,500.418,797.179,208.368,722.129,200.778,580.877
533.474,974.406,500.361,797.044,208.461,722.229,201.183,579.065
533.143,975.522,500.275,797.471,208.548,722.398,201.259,580.303
533.610,975.854,500.211,797.652,208.364,722.164,201.279,580.553
532.248,975.202,500.431,797.245,208.128,722.201,201.476,580.408
532.667,975.098,500.407,797.428,207.961,721.901,201.184,580.212
532.808,975.863,500.204,797.539,208.157,721.978,200.186,580.091
532.933,976.031,500.389,797.312,208.291,722.155,200.923,580.310
532.177,975.830,500.353,797.610,208.290,722.526,200.888,579.968
532.089,974.792,500.436,797.462,208.200,722.375,201.160,580.135
532.166,974.232,500.374,797.326,208.172,722.299,201.245,580.421
532.631,974.857,500.428,797.515,207.963,722.098,201.038,580.364
532.921,975.114,500.492,797.310,208.226,722.283,201.025,580.733
532.940,975.938,500.220,797.389,208.160,721.960,200.824,580.357
533.280,975.775,500.190,797.428,208.239,722.155,200.495,579.652
532.561,974.263,500.435,797.328,208.274,722.203,200.164,579.605
533.322,975.278,500.423,797.111,208.194,721.983,200.327,579.553
533.109,975.243,500.291,797.601,208.362,721.949,200.447,578.919
533.485,974.473,500.340,797.276,208.461,722.411,200.615,578.899
532.904,973.818,500.480,797.249,208.495,722.214,200.910,579.027
532.958,974.731,500.187,797.211,208.290,722.046,200.743,578.877
532.718,973.843,500.330,797.479,208.334,722.111,200.740,578.950
533.397,973.561,500.419,797.341,208.405,722.298,200.660,579.059
532.902,974.255,500.432,797.230,208.311,722.318,200.478,579.364
533.474,975.338,500.410,797.362,208.264,722.420,200.680,580.009
533.730,973.893,500.345,797.562,208.357,722.421,200.654,579.787
533.324,973.131,500.317,797.447,208.422,722.509,200.657,580.032
533.088,974.761,500.429,797.265,208.312,722.177,200.697,579.821
533.357,975.328,500.351,797.458,208.521,722.594,200.786,580.914
533.229,973.909,500.415,797.355,208.408,722.509,200.078,580.459
532.920,972.418,500.371,797.258,208.213,722.208,200.221,581.142
533.041,974.763,500.418,797.255,208.202,722.211,200.001,581.238
532.776,974.914,500.381,797.764,208.223,722.374,200.234,580.727
532.603,974.184,500.406,797.608,207.912,722.086,201.126,580.509
531.888,973.901,500.424,797.383,208.125,721.944,200.883,581.171
531.852,974.706,500.398,797.515,208.199,722.330,200.803,581.029
531.869,974.486,500.190,797.503,208.252,722.107,200.921,580.730
531.916,974.528,500.093,797.237,208.131,722.050,200.869,580.708
532.022,974.362,500.292,797.316,208.185,722.191,200.852,580.223
531.764,973.705,500.455,797.200,208.365,722.289,201.046,579.942
531.922,973.778,500.493,797.155,208.266,722.123,200.615,579.945
532.038,973.756,500.407,797.361,208.224,721.919,200.551,579.974
532.065,973.462,500.486,797.258,208.435,722.101,200.053,579.456
531.557,973.868,500.401,797.349,208.409,722.250,200.536,579.419
531.704,973.921,500.122,797.482,208.480,722.310,200.463,579.103
531.340,973.663,500.441,797.437,208.190,722.127,200.409,578.985
530.600,973.588,500.397,797.330,208.319,721.961,200.149,578.966
529.442,973.377,500.433,797.255,208.358,722.260,200.386,579.019
529.643,973.509,500.429,797.245,208.494,722.359,200.561,578.908
528.798,974.085,500.283,797.523,208.332,721.924,200.669,578.986
528.740,974.139,500.367,797.390,208.595,722.407,200.474,578.867
528.704,974.339,500.492,797.336,208.420,722.410,200.491,579.489
528.791,974.229,500.289,797.333,208.414,722.364,200.448,579.292
528.403,973.795,500.514,797.361,208.354,722.174,200.413,579.524
528.467,974.000,500.615,797.408,208.226,722.188,200.393,579.753
528.723,974.400,500.439,797.504,208.333,722.207,200.290,580.035
529.083,974.897,500.355,797.502,208.330,722.367,200.492,580.433
528.643,973.989,500.282,797.565,208.146,722.286,200.260,580.377
528.018,972.868,500.462,797.236,208.419,722.191,200.145,580.681
527.961,972.826,500.339,797.504,208.357,722.362,200.026,580.658
528.187,972.672,500.426,797.263,208.622,722.587,199.946,580.052
528.059,972.559,500.050,797.470,208.586,722.797,200.232,579.754
527.947,972.108,500.146,797.374,208.561,722.769,200.420,580.143
528.358,972.360,499.973,797.364,208.866,722.908,200.631,580.197
528.899,973.361,500.299,797.506,208.748,722.654,200.597,580.808
528.162,972.449,500.078,797.615,208.598,722.466,200.271,580.524
528.555,972.834,500.407,797.183,208.599,722.691,200.492,580.325
528.384,972.674,500.464,797.452,208.854,723.948,200.730,580.172
528.588,973.198,500.539,797.293,208.820,723.931,200.824,580.069
528.840,973.394,500.231,797.526,208.678,723.460,200.821,580.428
528.565,972.941,500.143,797.274,208.752,723.405,200.830,580.335
528.542,973.083,500.336,797.274,208.503,722.265,200.857,579.977
528.658,973.128,500.429,797.170,208.412,722.234,200.753,579.662
529.204,973.430,500.162,797.533,208.482,722.355,200.248,579.417
529.112,973.298,500.309,797.345,208.519,722.541,199.977,579.192
528.734,972.683,500.336,797.539,208.771,723.994,200.334,578.980
528.770,973.098,500.403,797.538,208.509,722.641,200.480,579.066
528.856,973.529,500.532,797.675,208.443,722.361,200.507,578.797
528.632,973.290,500.413,797.491,208.944,724.295,200.399,578.288
528.561,973.135,500.586,797.406,209.070,724.349,200.373,578.078
528.496,972.966,500.516,797.411,208.348,722.108,200.281,578.375
528.515,973.036,500.431,797.415,208.788,723.553,200.415,578.715
528.938,973.671,500.571,797.167,208.517,722.465,200.437,578.380
528.770,973.362,500.726,797.192,208.488,722.392,200.794,578.366
528.591,973.192,500.616,797.096,208.428,722.267,201.134,579.138
528.572,973.108,500.708,797.061,208.352,722.223,201.350,579.508
528.650,972.860,500.292,797.120,208.455,722.424,200.831,579.322
528.629,972.578,500.297,797.181,208.582,722.413,200.289,579.463
528.489,972.589,500.371,797.463,208.512,722.620,199.968,579.616
528.670,972.809,500.187,797.371,208.536,722.434,200.231,580.350
528.647,972.639,500.383,797.513,208.701,722.585,200.765,579.973
528.504,972.455,500.410,797.472,208.588,722.523,200.762,579.999
528.781,972.856,500.424,797.666,208.519,722.455,200.399,579.782
528.577,973.038,500.308,797.538,208.389,722.312,200.845,579.753
528.468,972.893,500.284,797.730,208.575,722.509,200.696,579.612
528.532,972.929,500.329,797.640,208.757,722.835,200.447,579.636
528.784,973.212,500.374,797.570,208.601,722.535,200.729,579.779
528.512,972.669,500.387,797.425,208.562,722.480,200.638,580.361
528.664,972.791,500.190,797.788,208.481,722.651,200.695,579.875
529.105,973.536,500.338,797.588,208.004,721.797,200.509,579.452
528.831,973.204,500.261,797.532,208.465,722.338,200.758,579.396
529.468,973.620,500.340,797.711,208.434,722.142,200.714,579.558
529.602,973.486,500.170,797.734,208.443,722.280,200.785,579.810
529.452,973.415,500.373,797.640,208.519,722.627,200.764,580.124
529.626,973.093,500.254,797.544,208.534,722.565,200.451,580.030
529.604,972.878,500.324,797.910,208.389,722.657,200.290,579.654
528.967,973.212,500.292,797.682,208.433,722.365,200.773,579.297
528.495,973.645,500.025,797.918,208.520,722.708,200.703,579.240
529.064,973.959,500.402,797.453,208.375,722.511,200.453,579.475
529.451,973.632,500.456,797.606,208.301,722.510,200.252,579.999
529.598,973.355,500.369,797.726,208.584,722.652,200.255,579.919
528.860,973.586,500.289,797.756,208.439,722.707,200.198,579.222
529.088,974.016,500.359,797.773,208.446,722.480,200.505,579.447
529.292,973.969,500.377,797.642,208.297,722.149,200.259,579.630
529.682,974.076,500.429,797.457,208.270,722.383,200.578,580.254
529.578,973.612,500.649,797.424,208.312,722.436,200.226,580.197
529.272,972.956,500.721,797.196,208.488,722.516,200.063,581.305
529.478,973.330,500.734,797.242,208.160,722.072,199.566,579.640
529.352,973.421,500.704,797.577,208.200,722.382,199.614,578.982
529.015,973.530,501.015,796.841,208.390,722.236,199.853,578.931
528.326,973.526,500.753,797.396,208.470,722.565,200.365,579.204
528.780,973.994,500.739,797.339,208.452,722.231,200.324,579.687
529.343,973.780,500.830,797.232,208.208,722.025,200.177,580.570
529.062,973.999,500.647,797.407,208.426,722.316,199.622,579.954
528.664,973.453,500.833,797.133,208.365,722.442,199.590,579.919
528.333,972.663,501.031,796.980,208.494,722.614,199.410,580.211
528.995,973.747,500.391,797.756,208.332,722.280,199.576,579.613
528.954,974.147,501.330,796.540,208.322,722.350,200.249,579.951
528.760,974.541,502.846,794.404,208.185,722.042,200.420,579.871
528.240,973.908,504.217,792.608,208.289,722.267,199.587,579.796
528.166,973.595,503.516,793.210,208.192,722.404,199.141,579.111
528.831,974.020,502.263,795.408,208.233,722.189,201.132,578.100
528.801,973.592,502.008,795.604,208.278,722.074,200.238,578.502
528.908,973.118,502.070,795.454,208.239,721.995,200.155,579.305
530.062,973.716,501.511,796.403,208.577,722.562,199.357,579.207
530.205,973.432,502.191,796.186,208.305,722.102,199.740,578.028
529.835,973.528,502.802,795.853,208.464,722.148,199.559,577.873
529.817,973.497,502.812,795.670,208.463,722.181,199.781,578.382
529.987,973.256,503.431,795.032,208.517,722.697,199.866,578.971
530.390,973.199,503.172,795.323,208.348,722.536,199.599,579.076
530.444,973.500,503.040,795.456,208.566,722.577,199.497,578.404
530.154,973.381,502.960,795.117,208.545,722.611,200.337,578.239
530.755,973.065,503.131,795.216,208.226,722.375,200.167,578.208
530.912,973.122,503.092,795.189,208.438,722.289,200.233,578.299
531.398,973.140,503.328,794.890,208.443,722.199,200.411,578.297
531.405,973.857,503.168,795.067,208.237,722.421,199.984,578.177
531.262,973.667,503.196,794.822,208.479,722.622,200.101,578.380
530.579,973.098,503.125,795.065,208.435,722.371,200.181,578.494
530.059,973.229,503.222,794.890,208.517,722.409,200.259,578.513
529.515,972.571,502.977,795.109,208.341,722.171,200.425,578.669
528.604,973.026,503.219,794.829,208.359,722.319,200.606,578.510
528.669,972.981,503.225,794.994,208.372,722.223,200.515,579.001
528.877,972.786,503.090,795.067,208.340,722.381,200.654,579.368
529.017,973.271,503.316,794.872,208.250,722.498,199.995,579.354
528.592,973.552,503.465,794.435,208.373,722.583,199.868,579.682
528.394,973.981,503.742,794.194,208.424,722.407,199.957,579.847
528.138,973.591,503.215,794.705,208.231,722.104,199.673,580.477
528.573,973.716,502.961,795.171,208.168,722.026,200.043,580.208
529.015,973.393,503.635,794.603,208.253,722.233,200.754,580.017
529.056,973.731,503.265,794.762,208.025,722.265,200.531,580.077
528.778,973.465,503.051,794.953,208.261,722.184,200.503,579.589
528.185,972.902,503.151,794.851,208.156,722.058,200.548,579.243
527.895,972.792,503.117,795.099,208.249,722.207,200.088,579.010
528.734,973.188,502.972,795.204,208.327,722.256,199.753,579.162
529.218,972.908,503.222,794.771,208.319,722.309,199.321,579.034
529.013,973.436,503.010,795.173,208.382,722.350,199.124,578.813
528.866,973.996,503.002,795.209,208.403,722.360,200.155,579.330
528.668,973.585,503.356,794.787,208.447,722.224,200.656,579.211
529.121,973.511,503.200,794.731,208.261,722.432,200.496,579.833
528.787,974.071,503.454,794.450,208.258,722.263,200.381,579.810
528.518,973.531,503.897,794.038,208.307,722.268,200.527,579.374
527.896,973.840,503.762,794.080,208.401,722.323,200.550,578.813
528.138,973.934,503.183,795.008,208.371,722.559,200.529,578.680
528.695,973.420,504.154,793.236,208.387,722.233,200.422,578.350
528.939,974.101,503.552,794.427,208.592,722.320,200.514,578.583
528.199,974.149,503.354,794.332,208.221,722.153,200.802,579.352
528.302,974.652,503.134,794.491,208.336,722.309,200.349,579.246
528.752,974.243,503.642,793.628,208.235,722.497,200.474,579.170
529.115,974.420,503.439,793.917,208.362,722.458,200.530,578.998
529.308,974.688,503.595,794.448,208.215,722.228,200.826,579.197
528.977,975.208,503.641,794.259,208.326,722.566,200.623,579.375
529.246,974.486,503.517,794.650,208.205,722.325,200.622,579.587
528.730,972.462,503.324,794.704,208.122,722.264,200.405,578.580
528.863,972.952,503.465,794.848,208.226,722.378,200.420,578.335
529.446,973.566,503.711,794.287,208.229,722.119,200.545,578.224
529.589,974.099,503.794,794.072,208.302,722.266,200.798,578.403
529.301,973.943,503.614,794.355,208.228,722.403,200.632,577.950
528.927,972.537,503.651,794.465,208.346,722.465,200.808,577.570
529.050,973.427,503.963,793.915,208.587,723.599,201.070,578.003
530.181,975.266,503.848,793.991,208.692,723.820,200.712,578.199
529.455,975.382,504.399,793.791,208.230,722.218,200.844,578.327
529.457,974.838,504.125,793.783,208.433,722.428,201.306,578.050
529.038,975.010,503.885,794.103,208.401,722.452,200.509,577.922
528.484,974.237,504.175,793.736,208.424,722.579,200.272,578.449
529.797,975.604,503.797,794.298,208.433,722.547,201.176,578.865
529.398,976.189,503.523,794.245,208.569,722.526,201.829,579.297
529.496,975.839,503.552,794.593,208.985,723.812,201.895,578.922
529.547,975.976,504.152,793.601,208.670,722.480,201.524,578.792
529.534,976.479,504.020,793.713,208.625,722.439,201.675,578.239
529.174,976.537,504.024,793.498,208.477,722.468,201.675,578.185
528.997,976.337,503.903,794.173,208.424,722.485,201.193,578.781
529.511,976.527,504.107,793.505,208.554,722.484,201.113,578.420
529.837,977.184,503.978,794.006,208.540,722.520,200.383,578.818
529.815,977.878,503.764,794.469,208.474,722.191,201.176,579.195
529.432,976.828,503.781,793.764,208.584,722.437,201.480,579.790
528.497,974.870,503.926,793.886,208.437,722.557,200.827,579.128
529.007,975.365,503.931,793.851,208.591,722.589,200.438,578.937
528.809,975.158,504.414,793.070,208.023,722.228,200.089,578.670
530.200,975.860,504.311,793.759,208.275,722.536,199.524,578.664
530.346,975.413,504.343,793.482,208.071,722.323,199.303,577.939
530.334,975.918,504.138,793.705,208.169,722.449,199.966,579.091
527.898,972.370,504.088,793.686,208.301,722.443,199.989,579.867
529.745,975.011,504.340,793.139,208.269,722.238,199.745,580.100
530.169,976.039,504.177,793.037,208.381,722.317,199.756,580.181
530.336,976.046,504.525,793.347,208.310,722.380,200.287,581.759
530.454,976.461,504.322,793.121,208.100,722.051,199.986,580.311
529.710,976.154,504.251,793.401,208.463,722.410,200.245,581.836
529.710,975.511,503.871,793.564,208.499,722.486,200.770,581.529
529.847,976.951,504.537,793.185,208.298,722.159,198.845,581.196
530.210,976.540,504.035,793.529,208.429,722.618,199.763,581.542
529.330,976.669,503.925,793.853,208.314,722.268,200.016,581.274
528.972,976.760,504.490,793.213,208.348,722.169,197.794,580.639
528.427,976.809,504.043,793.555,208.170,722.014,197.358,580.624
529.316,976.510,504.281,793.525,208.127,722.004,197.637,579.280
529.654,976.194,504.002,794.075,208.236,722.203,197.977,578.940
528.751,975.397,504.374,793.361,208.212,722.352,199.471,581.003
529.371,976.010,504.262,793.523,208.203,722.334,197.485,580.241
529.338,976.188,504.105,794.341,208.290,722.508,199.436,580.744
529.809,976.560,504.170,794.580,208.367,722.636,198.432,578.899
530.010,976.529,503.899,795.445,208.651,722.642,199.103,581.109
530.093,976.794,504.225,795.174,208.361,722.284,197.246,580.550
529.905,976.230,504.000,795.022,208.439,722.453,196.242,578.386
529.546,976.297,503.786,795.346,208.569,722.378,194.974,577.180
529.619,977.167,503.901,794.690,208.149,721.981,195.795,577.982
529.653,977.555,504.227,794.186,208.549,722.569,196.328,579.787
529.233,977.540,504.504,793.909,208.470,722.356,196.141,580.251
529.025,976.903,505.496,792.918,208.548,722.910,196.558,580.926
528.733,976.785,505.464,792.943,208.519,722.542,197.957,581.582
529.385,976.683,505.374,793.436,208.545,722.515,197.936,581.870
529.444,976.510,506.349,793.940,208.557,722.553,198.318,581.382
529.948,976.135,506.701,793.770,208.653,722.838,198.109,581.253
529.277,974.761,506.923,794.101,208.496,722.474,197.918,581.509
529.747,975.378,507.084,794.177,208.378,722.440,197.783,581.194
529.775,975.418,507.491,794.212,208.490,722.451,197.226,580.680
529.908,975.590,508.155,794.334,208.352,722.392,197.064,581.166
530.251,976.019,508.332,794.430,208.371,722.207,197.247,580.694
530.366,976.139,508.202,794.657,208.556,722.468,196.702,579.610
530.793,975.173,508.081,794.238,208.462,722.477,197.308,581.577
529.723,974.298,508.172,794.440,208.297,722.414,196.412,579.112
530.271,974.313,508.486,795.013,208.334,722.254,197.064,581.526
530.120,975.322,508.714,794.894,208.391,722.317,196.646,579.911
530.148,974.534,509.091,795.247,208.404,722.424,195.737,579.212
530.901,974.740,509.424,795.516,208.402,722.408,194.302,578.793
530.254,974.309,509.908,795.644,208.428,722.318,197.173,581.527
530.162,973.931,510.292,795.648,208.460,722.318,196.734,581.410
529.706,974.314,510.326,795.925,208.412,722.590,196.202,581.705
529.772,974.311,509.921,795.816,208.313,722.356,196.329,581.818
529.898,974.236,510.589,796.595,208.713,722.606,196.765,581.138
529.929,974.190,510.595,796.735,208.626,722.575,197.075,582.536
529.975,974.111,510.931,796.192,208.511,722.447,197.634,582.837
530.150,974.290,512.208,795.516,208.271,721.950,197.574,583.141
530.168,974.273,512.161,795.762,208.756,722.438,197.700,582.964
530.074,974.248,511.186,796.051,208.390,722.018,197.602,582.497
530.217,974.100,511.180,795.996,208.405,722.273,196.764,582.238
530.446,974.150,510.950,795.904,208.620,722.356,196.950,583.282
530.436,974.139,510.633,796.435,208.743,722.578,195.306,581.861
530.110,974.095,510.924,796.239,208.622,722.716,196.795,581.549
530.270,974.193,511.161,796.362,208.602,722.720,195.067,583.238
530.067,974.086,511.265,796.387,208.289,722.262,195.461,582.039
530.134,974.148,511.310,796.234,208.486,722.635,195.039,580.297
530.562,974.128,511.193,796.413,208.316,722.243,197.263,582.422
530.497,973.825,511.195,796.165,208.221,722.120,197.055,582.446
531.087,973.883,511.098,795.920,208.448,722.579,197.017,582.332
531.313,974.700,511.482,795.836,208.296,722.494,197.367,581.849
531.117,973.952,511.412,795.835,208.538,722.733,197.780,581.542
530.194,973.629,511.100,795.587,208.461,722.586,197.564,580.592
529.565,973.940,511.221,795.487,208.410,722.430,196.505,580.039
529.322,973.893,511.557,795.027,208.404,722.286,197.111,582.100
528.935,974.156,511.168,795.645,208.419,722.240,197.064,582.096
528.924,974.560,511.169,795.131,208.543,722.619,197.470,581.906
529.455,975.326,511.056,795.230,208.528,722.622,197.460,581.966
529.289,975.791,511.240,795.629,208.649,722.770,195.851,579.867
529.788,976.476,511.321,794.922,208.782,722.804,196.732,582.263
529.537,976.107,511.214,795.253,208.522,722.613,196.514,581.827
529.804,976.131,511.253,794.894,208.339,722.214,197.183,581.404
529.873,976.417,511.284,794.913,208.323,722.266,197.050,581.578
529.740,976.139,511.421,794.463,208.514,722.464,196.899,581.393
529.850,976.456,510.988,795.098,208.884,723.465,196.871,582.109
529.623,975.985,511.258,794.928,208.408,722.217,196.807,582.150
528.809,974.704,511.179,794.786,208.338,722.075,196.552,581.988
529.127,974.792,511.339,795.038,208.385,722.280,196.359,581.179
529.769,976.388,511.240,794.938,208.445,722.363,196.712,582.121
529.638,976.476,511.126,794.697,208.494,722.500,194.871,580.588
528.796,975.132,511.125,794.936,208.328,722.179,195.548,581.212
529.037,975.044,511.143,794.586,208.304,722.396,195.530,582.327
529.408,975.645,511.081,794.499,208.465,722.329,195.880,582.725
528.610,974.481,511.432,794.848,208.449,722.253,197.044,583.548
528.466,974.553,511.473,794.594,208.371,722.322,195.208,582.023
529.841,976.121,511.419,794.856,208.476,722.227,195.539,582.178
529.461,975.664,511.644,794.329,208.306,722.291,195.674,582.020
529.802,976.140,511.181,795.282,208.418,722.335,195.602,582.352
529.106,975.396,511.243,794.708,208.252,721.960,196.963,581.509
529.277,975.339,511.312,794.755,208.356,722.288,195.450,582.125
529.523,975.074,511.512,794.267,208.575,722.479,195.374,581.653
529.314,974.945,511.316,794.542,208.440,722.440,195.148,583.046
529.277,974.530,511.490,794.513,208.420,722.018,195.113,583.374
530.140,975.546,511.325,794.336,208.334,722.334,194.278,581.031
529.237,974.583,511.510,794.551,208.449,722.637,194.259,579.663
528.855,973.709,511.358,794.241,208.405,722.281,195.078,582.092
529.661,974.583,511.307,794.424,208.599,722.812,195.413,582.440
528.924,973.885,511.504,794.636,208.499,722.603,195.079,581.320
528.885,973.841,511.598,794.206,208.396,722.460,194.781,581.142
528.860,973.735,511.702,794.067,208.704,722.499,194.844,582.540
528.899,974.025,511.276,794.883,208.591,722.784,194.686,581.981
529.843,974.982,511.625,794.355,208.366,722.523,194.786,580.645
528.843,973.611,511.326,794.820,208.174,722.392,196.348,580.370
528.822,973.306,511.367,794.401,208.414,722.423,196.369,580.978
529.129,973.561,511.356,794.879,208.366,722.500,196.646,581.561
528.993,972.785,511.227,794.862,208.366,722.603,196.490,581.357
529.513,973.432,511.392,794.423,208.384,722.384,195.797,579.828
530.343,973.798,511.640,794.036,208.376,722.691,195.950,580.267
530.525,973.824,511.325,795.131,208.455,722.477,195.564,579.438
529.630,973.305,511.243,795.083,208.370,722.542,196.234,581.324
529.551,973.487,511.425,794.505,208.382,722.652,195.229,578.792
528.857,973.873,511.559,794.145,208.451,722.504,195.333,577.707
528.558,974.166,511.154,795.023,208.481,722.588,196.937,578.230
528.987,974.630,511.377,794.056,208.310,722.121,197.626,576.183
529.200,976.097,511.622,793.684,208.182,722.299,198.282,577.782
529.124,976.128,511.128,795.190,208.185,721.952,198.080,579.060
528.438,975.227,511.484,794.603,208.279,722.378,198.621,581.266
528.860,974.954,511.354,794.335,208.250,722.440,199.405,580.228
528.605,973.845,511.330,794.855,208.347,722.088,198.712,580.398
529.004,973.708,511.636,794.005,208.356,722.338,198.439,579.463
528.797,975.331,511.671,793.971,208.480,722.535,198.452,578.628
528.367,975.272,511.202,795.235,208.375,722.303,198.908,580.025
528.892,975.666,511.334,794.862,208.454,722.537,198.928,579.732
528.988,974.752,511.331,794.560,208.317,722.251,198.639,579.927
529.283,974.284,511.161,794.804,208.484,722.479,198.209,578.768
529.274,976.268,511.512,793.874,208.462,722.592,198.346,580.078
528.383,975.704,511.688,793.705,208.648,722.769,198.185,579.652
528.777,975.956,511.304,794.410,208.600,722.812,198.077,578.722
529.450,975.706,511.283,794.389,208.573,722.799,197.981,578.681
529.252,976.264,511.651,793.668,208.482,722.458,198.261,578.827
528.701,975.822,511.432,794.369,208.574,722.553,198.266,579.111
528.491,974.586,511.279,794.134,208.537,722.461,198.862,579.801
529.055,975.036,511.458,794.025,208.516,722.556,199.511,581.297
529.050,975.887,511.443,793.684,208.382,722.337,200.523,580.621
528.771,975.901,511.030,794.370,208.462,722.333,200.362,580.550
528.309,974.925,511.187,793.808,208.369,722.374,200.918,580.584
528.413,974.637,511.393,793.764,208.414,722.492,201.764,581.196
529.302,974.972,511.146,794.405,208.325,722.369,201.691,581.409
529.333,975.802,511.361,793.895,208.442,722.390,200.983,581.235
528.465,975.462,511.279,794.255,208.226,722.089,200.764,581.088
528.866,975.679,510.701,795.080,208.198,722.112,199.906,580.385
529.498,975.742,510.806,794.923,208.386,722.423,198.971,579.763
529.983,976.243,511.041,794.589,208.309,722.252,199.975,579.604
529.374,976.511,511.123,794.353,208.374,722.480,199.810,579.299
528.923,975.130,510.835,794.405,208.354,722.379,199.741,579.220
528.643,974.228,510.971,794.101,208.168,722.249,199.510,579.039
529.528,973.768,511.002,793.905,208.324,722.415,199.596,578.980
529.510,974.251,511.146,793.572,208.254,722.450,199.535,578.809
529.183,974.400,511.291,793.532,208.372,722.448,199.402,577.382
528.713,973.645,511.297,793.987,208.335,722.303,199.632,579.676
529.194,972.930,511.380,793.281,208.276,722.404,199.910,580.064
529.037,973.384,511.451,793.559,208.331,722.628,201.139,579.896
529.272,973.367,511.385,793.192,208.100,722.193,201.858,580.867
529.390,972.924,511.528,792.942,208.375,722.451,200.648,580.330
530.261,972.479,511.573,792.991,208.214,722.202,200.750,579.675
530.195,972.516,511.716,792.932,208.316,722.413,200.597,579.288
529.142,971.949,511.508,793.217,208.269,722.241,200.552,579.298
529.465,973.436,511.413,793.490,208.358,722.350,200.214,580.055
529.674,974.567,511.264,793.176,208.341,722.269,201.283,579.880
529.972,974.559,511.488,792.907,208.135,722.170,200.561,580.055
530.709,974.862,511.450,793.506,207.993,722.007,200.568,580.052
530.149,975.194,511.506,793.258,208.326,722.456,200.406,579.959
529.805,973.978,511.418,793.451,208.262,722.190,200.777,580.173
530.097,973.618,511.639,793.272,208.311,722.319,200.880,580.592
530.148,973.736,511.385,793.450,208.272,722.487,200.648,580.471
530.831,975.252,511.323,793.651,208.515,722.606,199.765,580.341
530.316,973.327,511.149,793.712,208.197,722.045,200.068,580.810
530.855,972.939,511.057,793.825,208.390,722.266,200.505,581.092
531.136,972.564,511.154,793.473,208.220,722.264,200.828,581.231
530.784,973.162,511.201,793.645,208.156,722.287,200.416,580.580
530.439,973.966,511.181,793.835,208.240,722.362,200.195,579.635
529.186,971.851,510.845,794.131,208.000,722.185,199.801,579.291
530.004,973.452,510.975,793.813,208.144,722.153,199.300,579.291
530.179,975.318,511.588,793.625,208.084,722.165,199.624,579.618
530.748,975.859,511.119,794.872,208.272,722.380,199.827,579.335
530.631,976.743,510.948,795.455,208.321,722.465,200.108,579.698
530.524,976.889,510.672,796.443,208.218,722.469,200.022,580.296
530.717,976.864,510.545,796.660,208.244,722.477,200.110,580.664
531.131,977.103,510.640,796.683,208.191,722.599,199.899,581.038
530.559,977.087,510.534,796.849,208.262,722.408,199.534,579.851
530.978,976.650,510.651,796.773,208.302,722.537,199.701,579.092
530.841,975.819,510.895,796.024,208.853,724.162,199.109,578.840
530.845,974.190,510.656,796.410,208.865,724.390,198.689,578.717
530.821,972.152,510.577,797.073,208.338,722.682,198.667,578.971
531.305,971.641,510.659,796.816,208.047,722.306,200.093,578.495
530.755,973.258,510.688,796.692,208.221,722.498,199.904,577.965
531.038,972.861,510.413,797.006,208.213,722.513,199.553,577.378
531.403,972.829,510.771,796.521,208.161,722.387,199.292,577.152
531.427,972.422,510.684,796.706,208.261,722.765,199.890,576.830
531.066,972.857,510.816,796.543,208.361,722.606,199.836,577.431
530.678,973.707,510.715,796.524,208.128,722.188,200.289,577.816
529.662,973.669,510.614,796.398,208.302,722.663,199.776,578.043
529.350,974.558,510.765,796.258,208.317,722.522,199.508,577.419
529.912,975.025,510.660,796.377,208.352,722.681,199.147,577.413
529.702,974.957,510.544,796.743,208.124,722.394,199.178,577.106
529.998,975.155,510.471,796.708,208.158,722.250,199.035,577.039
531.046,976.389,510.561,796.740,208.202,722.251,198.976,576.748
531.085,976.563,510.499,796.690,208.326,722.322,198.872,578.037
531.424,975.499,510.588,796.449,208.242,722.469,199.158,579.012
530.434,974.994,510.634,796.482,208.306,722.472,199.440,579.495
530.118,975.098,510.828,796.503,208.360,722.542,199.631,579.684
530.316,974.978,510.624,796.477,208.261,722.625,199.030,579.756
531.244,974.134,510.573,796.533,208.393,722.460,199.285,579.949
531.317,972.659,510.456,796.814,208.363,722.624,198.691,579.458
532.043,971.911,510.556,796.577,208.351,722.514,198.057,579.668
530.744,972.825,510.620,796.544,208.349,722.600,198.111,579.589
531.036,973.367,510.556,796.500,208.494,722.657,198.059,579.473
531.763,972.798,510.848,796.494,208.461,722.424,199.423,579.824
531.010,972.474,510.641,796.553,208.508,722.540,199.707,579.699
530.206,974.128,510.668,796.510,208.446,722.453,199.651,579.816
530.309,973.201,510.698,796.541,208.313,722.407,200.132,579.317
530.951,973.258,510.526,796.528,208.519,722.774,200.050,578.768
530.926,973.709,510.779,796.360,208.479,722.379,200.492,579.023
531.138,973.720,510.599,796.544,208.339,722.553,200.526,578.623
531.194,973.092,510.591,796.585,208.378,722.318,200.585,578.280
531.154,972.881,510.715,796.602,208.350,722.221,200.463,578.206
530.629,973.614,510.586,796.852,208.578,722.756,200.397,578.004
530.314,973.666,510.652,796.648,208.479,722.488,200.612,578.070
529.786,973.939,510.871,796.358,208.609,722.544,200.371,577.676
530.206,972.897,510.964,796.100,208.426,722.482,200.453,576.557
529.640,973.910,510.506,796.962,208.362,722.323,199.523,577.225
529.742,974.617,510.567,796.780,208.499,722.502,198.804,579.260
529.891,975.218,510.773,796.509,208.509,722.552,198.120,578.659
530.182,975.864,510.813,796.525,208.466,722.576,199.484,578.971
529.607,975.447,510.852,796.202,208.686,722.717,199.919,578.914
529.368,975.212,510.849,796.417,208.648,722.693,200.505,578.728
529.569,975.402,510.631,796.688,208.559,722.396,200.494,578.085
530.226,975.967,510.761,796.548,208.621,722.639,200.556,577.453
530.603,976.428,510.708,796.681,208.486,722.752,200.784,578.059
530.316,976.346,510.619,796.697,208.654,722.879,200.832,578.071
530.085,975.847,510.679,796.569,208.683,722.796,201.138,577.655
529.790,975.360,510.661,796.667,208.549,722.715,201.105,577.469
529.333,975.025,510.653,796.684,208.586,722.845,200.813,575.941
529.709,975.155,510.611,796.671,208.603,722.579,200.469,576.683
529.935,975.483,510.681,796.686,208.493,722.410,200.683,576.980
530.138,975.527,510.679,796.659,208.569,722.766,200.813,576.445
529.459,974.838,510.868,796.381,208.548,722.542,200.648,576.050
529.278,974.287,510.802,796.653,208.562,722.966,201.322,575.986
530.176,975.324,510.858,796.441,208.532,722.893,201.428,576.256
530.319,975.447,510.695,796.559,208.456,722.536,200.226,576.143
530.083,975.165,510.680,796.605,208.552,722.371,200.757,576.406
529.593,974.800,510.608,796.625,208.627,722.382,201.001,576.745
530.203,975.748,510.616,796.793,208.484,722.302,200.714,576.617
530.302,975.644,510.461,796.820,208.511,722.312,200.423,576.484
530.070,974.951,510.572,796.664,208.564,722.586,198.827,578.559
530.130,975.012,510.774,796.254,208.592,722.575,199.298,578.188
529.456,975.106,510.551,796.683,208.474,722.322,199.445,577.422
529.525,975.333,510.649,796.639,208.303,722.122,199.740,578.188
530.141,975.888,510.621,796.510,208.581,722.545,200.211,576.918
529.320,974.970,510.752,796.334,208.547,722.356,200.141,577.705
530.163,975.771,510.638,796.703,208.741,722.600,199.450,576.806
529.938,974.764,510.603,796.663,208.700,722.573,199.563,577.245
530.182,975.221,510.643,796.757,208.342,722.506,200.455,577.891
530.271,975.277,510.517,796.943,208.498,722.603,200.795,578.193
530.232,974.625,510.626,796.611,208.544,722.629,200.621,578.532
530.521,974.355,510.471,796.797,208.511,722.504,200.805,579.340
531.046,974.323,510.770,796.469,208.814,722.896,201.067,577.743
530.948,973.786,510.674,796.554,208.522,722.342,200.462,577.993
531.264,973.336,510.666,796.608,208.666,722.690,200.363,578.269
531.782,973.546,510.874,796.543,208.546,722.692,200.108,578.115
531.686,973.683,510.717,796.472,208.592,722.714,200.084,578.266
532.044,973.861,510.598,796.762,208.747,722.559,200.375,578.391
531.738,973.955,510.619,796.645,208.485,722.433,200.463,578.319
532.457,974.036,510.618,796.949,208.441,722.106,200.736,578.734
532.025,974.014,510.618,796.712,208.483,722.397,200.411,579.373
530.024,970.974,510.717,796.825,208.405,722.623,200.490,580.320
530.124,971.585,510.780,796.834,208.351,722.536,199.727,579.936
529.638,971.241,510.848,796.514,208.705,722.664,199.897,580.732
530.083,971.643,510.795,796.601,208.577,722.650,200.402,580.954
528.294,970.740,510.924,796.207,208.547,722.444,200.177,580.288
529.507,972.329,510.649,796.758,208.505,722.403,200.232,579.497
529.285,972.003,510.603,796.760,208.427,722.490,200.241,579.982
530.344,972.033,510.658,796.597,208.481,722.592,200.737,580.237
530.385,971.898,510.838,796.500,208.560,722.628,201.722,579.958
530.676,972.053,510.597,796.666,208.678,722.505,202.131,579.538
531.069,972.138,510.406,796.951,208.508,722.755,201.127,579.220
530.828,972.403,510.592,796.849,208.537,722.502,200.515,580.082
530.611,971.431,510.714,796.688,208.445,722.361,200.304,579.302
531.173,971.388,510.712,796.625,208.475,722.386,201.623,579.065
530.677,970.982,510.651,796.653,208.563,722.260,201.402,579.204
530.687,971.008,510.854,796.640,208.653,722.490,202.088,579.148
530.085,970.172,510.719,796.907,208.766,722.600,201.302,579.214
530.648,970.587,510.588,796.923,208.731,722.622,200.942,579.391
530.254,969.875,510.565,796.790,208.366,722.399,201.290,578.837
529.938,970.681,510.524,796.726,208.448,722.421,202.291,578.710
529.412,970.587,510.487,797.099,208.774,722.768,201.794,578.609
529.622,970.503,510.604,796.947,208.801,722.769,200.824,578.212
530.358,970.907,510.536,796.999,208.678,722.543,200.990,578.479
530.823,971.297,510.566,797.068,209.061,724.056,200.935,578.465
530.313,971.198,510.663,796.654,208.503,722.422,201.372,578.261
531.081,971.096,510.603,796.749,208.482,722.567,201.953,578.401
530.351,971.545,510.491,797.174,208.560,722.730,201.362,578.604
530.641,972.856,510.547,797.000,208.526,722.280,201.441,578.549
530.773,972.588,510.543,796.720,208.424,722.314,201.477,578.439
530.810,972.767,510.495,796.901,208.403,722.284,201.425,578.386
531.654,972.976,510.684,796.672,208.363,722.243,202.233,578.361
531.070,973.022,510.656,796.909,208.336,722.286,201.449,578.793
530.381,971.620,510.658,796.898,208.351,722.289,201.295,578.589
530.587,972.460,510.561,796.824,208.331,722.272,201.521,578.283
530.449,973.305,510.456,797.058,208.372,722.638,201.727,578.857
530.576,972.327,510.571,797.015,208.212,722.100,201.389,578.759
530.245,972.074,510.785,796.798,208.374,722.159,201.109,578.829
530.136,972.569,510.709,796.877,208.462,722.627,201.206,579.086
529.915,971.781,510.766,796.900,208.234,722.165,201.481,579.222
530.520,972.360,510.648,796.912,208.537,722.544,201.333,579.599
531.337,971.249,510.624,797.087,208.383,722.366,200.879,578.844
530.955,972.833,510.668,796.776,208.690,722.703,200.867,578.546
530.197,969.933,510.692,796.786,208.470,722.399,200.587,579.282
530.735,970.694,510.588,796.907,208.445,722.600,201.362,579.115
531.080,971.218,510.572,796.952,208.529,722.739,201.845,578.803
531.538,971.080,510.680,796.864,208.453,722.519,201.063,578.478
530.519,970.921,510.521,797.113,208.400,722.420,200.833,578.280
531.031,971.345,510.602,796.986,208.358,722.442,200.251,577.601
531.198,971.546,510.493,797.060,208.346,722.343,199.700,577.965
531.053,973.120,510.612,796.823,208.238,722.176,200.247,577.691
531.403,970.853,510.507,797.159,208.318,722.317,199.866,577.840
530.927,970.966,510.543,796.982,208.439,722.466,200.282,577.226
530.847,971.571,510.689,796.928,208.471,722.313,200.689,577.727
530.906,971.048,510.546,797.091,208.336,722.331,200.729,576.753
530.897,971.147,510.619,796.884,208.420,722.252,200.670,578.079
530.009,970.657,510.552,797.150,208.554,722.291,200.460,577.518
530.632,969.997,510.713,796.999,208.626,723.645,200.456,577.879
530.200,969.414,510.559,797.152,208.345,722.385,200.756,578.176
530.802,970.136,510.706,797.028,208.204,722.364,200.719,578.144
530.013,969.208,510.621,797.067,208.274,722.254,200.358,577.996
530.995,969.690,510.728,796.826,208.375,722.227,200.139,578.225
531.244,970.256,510.645,796.874,208.658,722.748,199.981,579.343
531.023,970.049,510.897,796.830,208.487,722.590,200.272,580.005
530.706,970.642,510.587,797.224,208.347,722.495,200.076,580.417
530.681,969.962,510.495,797.141,208.358,722.469,200.019,581.440
530.387,969.688,510.639,797.009,208.255,722.335,200.120,581.038
531.067,969.922,510.617,796.908,208.371,722.371,200.282,579.649
530.354,969.906,510.613,796.997,208.732,723.681,200.313,579.594
530.853,969.443,510.634,796.806,208.607,723.517,199.811,580.066
530.940,970.153,510.673,796.853,208.393,722.552,199.930,580.022
530.906,969.942,510.749,796.483,208.412,722.402,199.773,580.055
530.682,969.520,510.790,796.530,208.421,722.397,199.364,580.191
531.476,969.342,510.729,796.794,208.463,722.651,199.085,579.685
531.718,968.904,510.766,796.775,208.373,722.629,199.738,579.357
531.322,968.502,510.593,797.140,208.451,722.484,199.569,580.565
531.589,969.108,510.585,797.192,208.369,722.478,199.810,581.125
531.154,969.004,510.487,797.137,208.248,722.435,199.643,580.386
529.659,969.254,510.489,797.366,208.256,722.428,199.720,580.451
529.496,969.081,510.341,797.313,208.310,722.173,199.766,579.611
530.499,969.121,510.426,797.152,208.308,722.433,199.684,579.601
530.860,969.319,510.694,796.849,208.343,722.360,199.926,578.845
531.157,969.473,510.543,797.021,208.370,722.550,199.466,578.517
530.769,969.154,510.404,797.399,208.172,722.063,200.121,579.604
530.995,969.195,510.360,797.245,208.377,722.527,199.975,579.051
530.402,970.323,510.331,797.143,208.252,722.202,200.150,579.660
530.489,969.539,510.444,797.079,208.444,722.631,200.602,579.259
530.338,969.078,510.431,797.210,208.517,722.608,200.436,579.251
530.771,969.285,510.430,797.191,208.318,722.173,199.969,579.127
530.370,969.401,510.553,797.094,208.370,722.322,199.688,579.129
530.597,969.287,510.459,797.208,208.392,722.443,199.635,579.173
530.808,969.702,510.613,797.079,208.293,722.114,199.480,579.878
530.488,971.473,510.524,797.085,208.385,722.529,199.763,580.232
530.576,970.079,510.435,797.258,208.335,722.516,199.811,580.593
530.530,970.273,510.444,797.307,208.501,722.547,199.529,580.071
530.207,969.427,510.760,796.633,208.366,722.477,199.605,579.442
530.782,969.853,510.629,796.831,208.390,722.423,199.152,579.057
531.410,969.239,510.496,797.063,208.342,722.263,199.803,579.200
530.982,969.787,510.596,797.017,208.365,722.381,199.933,579.005
530.680,969.696,510.579,796.999,208.299,722.424,200.587,579.002
531.026,970.441,510.487,797.334,208.180,722.173,200.506,579.474
530.544,970.346,510.298,797.024,208.327,722.333,201.099,579.318
530.765,970.084,510.633,796.389,208.248,722.289,200.587,579.199
530.984,972.434,510.840,796.632,208.520,722.590,200.128,579.622
531.086,972.413,510.665,796.628,208.327,722.551,199.870,580.167
530.908,972.102,510.777,796.250,208.349,722.522,199.592,579.601
530.967,971.817,511.181,795.859,208.372,722.624,199.707,579.323
530.868,972.190,511.229,795.116,208.353,722.507,199.703,579.222
530.847,972.480,510.950,795.189,208.489,722.457,199.409,579.455
530.782,972.012,510.993,795.659,208.342,722.197,199.739,579.409
530.801,972.886,510.922,795.539,208.328,722.219,199.810,579.381
530.960,972.556,510.941,795.387,208.478,722.586,199.717,579.567
530.409,972.066,510.876,795.286,208.345,722.369,199.725,579.740
530.982,972.373,510.898,795.225,208.229,722.017,199.617,580.090
530.873,971.616,510.992,795.275,208.183,721.959,198.888,579.990
530.853,971.944,511.097,795.486,208.083,722.079,198.735,579.955
530.630,972.023,510.948,795.812,208.323,722.461,199.010,579.454
531.065,970.955,511.068,796.074,208.324,722.425,199.745,579.133
530.967,970.366,510.876,796.023,208.344,722.413,200.614,580.061
530.911,970.223,510.903,795.949,208.367,722.453,200.546,580.595
530.785,970.614,510.875,795.399,208.300,722.453,200.645,580.832
530.187,969.926,510.814,795.681,208.353,722.383,199.861,580.621
530.669,969.875,510.699,794.863,208.431,722.460,199.737,580.158
530.847,971.111,510.936,794.523,208.284,722.424,199.769,579.553
531.316,971.192,511.127,795.170,208.367,722.441,200.086,580.008
530.674,969.835,510.849,796.416,208.414,722.393,200.165,580.378
531.078,970.275,510.565,795.998,208.397,722.116,200.230,580.856
530.580,969.544,510.857,795.706,208.290,722.168,200.137,580.060
531.053,969.194,510.845,795.333,208.263,722.244,200.739,579.371
531.084,969.442,510.839,794.636,208.414,722.337,200.244,580.625
531.077,969.871,510.759,794.082,208.286,722.199,200.582,580.142
531.197,970.458,511.158,793.896,208.209,722.262,199.860,579.479
531.430,969.654,511.324,793.718,208.256,722.245,200.337,578.775
531.834,969.931,511.226,793.477,208.167,722.017,200.596,580.046
531.670,969.789,511.324,794.170,208.187,721.952,199.964,579.091
531.684,970.159,511.349,794.035,208.442,722.481,199.839,578.860
532.010,970.496,511.352,793.521,208.086,722.135,200.367,579.140
532.189,970.567,511.354,793.270,208.380,722.361,200.617,579.001
532.300,970.608,511.384,793.459,207.968,721.912,199.987,579.296
532.310,970.615,511.287,793.145,208.134,722.113,199.675,580.526
531.963,970.288,511.238,793.187,208.234,722.336,199.959,579.056
531.704,970.251,511.202,793.600,208.108,721.968,200.684,579.564
531.959,970.255,511.171,793.765,208.324,722.536,200.519,579.659
531.808,970.142,511.164,793.546,208.348,722.650,200.523,579.875
531.860,970.323,511.166,793.223,208.073,722.187,200.222,579.376
531.662,970.122,511.216,793.502,208.108,722.239,199.663,578.933
532.203,970.428,511.032,793.645,208.392,722.686,199.361,578.422
532.394,970.207,511.180,794.006,208.268,722.338,199.300,578.411
532.693,969.331,511.119,793.937,208.424,722.458,199.707,577.668
533.619,968.189,510.854,794.247,208.616,722.569,199.778,578.440
532.887,968.039,510.797,794.372,208.422,722.335,200.137,578.720
534.418,968.137,510.249,794.043,208.542,722.443,200.795,578.727
534.991,968.277,510.470,793.915,208.540,722.559,200.922,578.690
535.286,968.957,510.617,793.573,208.417,722.469,201.130,578.835
535.274,970.347,510.628,793.378,208.368,722.447,200.697,578.842
534.787,970.366,510.322,793.884,208.485,722.511,200.878,578.237
534.678,970.337,510.526,793.354,208.429,722.345,200.786,577.890
534.454,970.275,510.428,793.737,208.518,722.569,199.916,578.241
534.715,970.414,510.621,793.618,208.575,722.540,200.495,578.144
534.776,970.316,510.459,793.863,208.656,722.370,201.035,578.087
535.503,970.415,510.464,793.889,208.608,722.394,200.544,578.053
536.054,970.513,510.401,794.086,208.287,722.567,200.407,578.095
535.505,969.434,510.314,793.904,208.537,722.741,200.506,578.041
535.398,969.543,510.345,793.744,208.676,722.856,200.931,578.015
535.247,969.589,510.428,793.721,208.542,722.677,200.394,577.875
535.337,969.344,510.468,793.581,208.672,722.979,200.272,578.074
534.703,968.869,510.509,793.398,208.573,723.069,199.990,577.892
534.638,969.376,510.395,793.814,208.323,722.482,200.015,577.975
533.624,969.064,510.388,793.839,208.313,722.048,199.986,577.957
533.366,968.864,510.327,793.748,208.231,722.137,199.981,577.809
533.328,968.688,510.496,793.678,208.420,722.158,200.110,577.432
533.307,968.786,510.656,793.411,208.268,722.156,200.046,576.827
533.647,968.310,510.548,793.384,208.406,722.449,200.362,576.887
533.791,968.324,510.322,793.671,208.373,722.256,200.334,576.819
534.739,968.935,510.517,793.764,208.862,723.895,200.220,577.362
535.627,969.236,510.463,793.238,208.371,721.949,200.412,577.842
535.180,968.936,510.472,793.566,208.616,722.565,200.432,577.430
534.633,968.844,510.668,793.346,208.425,721.985,200.487,577.468
534.684,968.721,510.538,793.607,208.366,722.085,200.487,577.483
534.780,968.761,510.439,793.776,208.346,722.087,200.517,577.453
534.855,968.844,510.597,793.306,208.429,722.100,200.465,577.321
535.428,969.076,510.601,793.546,208.352,721.980,200.525,577.165
535.120,969.040,510.568,793.912,208.565,722.198,200.558,577.361
535.000,968.666,510.753,793.077,208.311,721.936,200.257,576.971
535.068,968.626,510.747,793.074,208.266,721.791,200.384,577.115
534.944,967.997,510.756,793.187,208.295,721.616,200.540,577.013
533.872,967.387,510.657,793.123,208.426,722.089,200.686,577.170
533.795,967.366,510.561,793.372,208.216,721.991,200.467,576.953
533.618,967.498,510.480,793.584,208.249,722.128,200.182,576.535
533.558,967.579,510.298,794.398,208.192,722.018,200.278,576.534
533.552,967.404,510.125,794.284,208.307,722.089,200.401,576.727
533.509,967.505,510.161,794.321,208.239,722.097,200.392,576.704
533.007,967.460,510.328,794.268,208.225,722.049,200.388,576.650
532.674,967.217,510.330,794.239,208.221,722.045,200.393,576.566
533.206,967.474,510.391,794.373,208.195,721.879,200.313,576.549
533.162,967.299,510.412,794.220,208.137,721.528,200.381,576.585
533.087,967.358,510.591,794.804,208.162,721.852,200.341,576.591
532.969,967.231,510.415,794.895,208.178,721.957,200.355,576.629
533.121,967.257,510.374,794.476,208.305,721.683,200.129,576.473
533.212,967.203,510.463,794.134,208.183,722.057,200.123,576.531
533.736,967.338,510.322,794.079,208.003,721.294,200.260,576.669
533.287,967.157,510.180,794.678,208.123,721.541,200.095,576.263
533.232,967.340,510.132,794.713,208.450,722.113,199.958,577.651
533.365,967.569,510.385,794.127,208.157,721.598,201.374,577.779
533.430,967.584,510.175,794.634,208.040,721.832,202.088,578.078
533.558,967.356,510.065,794.716,208.269,721.710,201.796,578.065
533.655,967.498,510.372,794.300,208.227,721.725,201.909,578.059
533.516,967.273,510.141,794.929,208.186,721.681,200.706,577.696
533.470,967.321,510.379,794.073,208.014,721.506,200.403,577.686
533.266,967.034,510.255,794.292,207.995,721.318,200.463,577.673
533.260,967.084,510.120,794.607,208.045,721.433,201.302,577.771
533.326,967.107,510.563,793.597,208.276,721.567,200.258,577.719
533.777,967.350,510.482,793.902,208.228,721.616,200.308,577.521
533.766,967.455,510.167,794.554,208.508,723.009,200.543,577.555
533.613,967.322,510.489,793.952,208.052,721.487,200.208,577.140
533.434,967.319,510.446,793.609,208.469,722.867,200.179,576.876
533.384,967.319,510.322,794.239,208.109,721.568,199.916,576.090
533.684,967.321,510.783,793.213,208.168,721.529,199.998,575.697
533.471,967.263,510.539,793.581,208.245,721.576,200.134,575.866
533.413,967.312,510.313,794.172,208.022,721.277,200.012,576.303
533.363,967.135,510.660,793.351,207.853,721.270,200.056,575.727
533.206,967.132,510.453,793.596,207.946,721.341,200.078,576.443
533.376,967.116,510.375,793.911,208.195,721.817,200.092,577.131
533.281,967.046,510.560,793.404,207.986,721.038,200.094,575.964
533.346,967.068,510.524,793.770,208.140,722.195,199.870,575.761
533.321,967.221,510.295,794.096,208.164,722.599,200.128,575.987
533.577,967.335,510.479,793.735,208.445,722.775,199.983,576.400
533.209,967.205,510.455,793.405,208.388,722.592,200.017,575.924
533.468,967.265,510.183,794.300,208.493,722.722,200.052,575.835
533.650,967.201,510.456,793.977,208.338,722.066,199.953,575.778
533.687,967.318,510.405,793.724,208.321,721.658,199.867,575.751
533.460,967.031,510.137,794.380,208.587,722.139,200.020,575.756
533.454,967.049,510.214,793.952,208.541,722.174,200.041,575.863
533.457,966.935,510.230,794.031,208.526,722.304,199.956,575.663
533.456,967.008,510.618,793.067,208.529,722.258,200.041,575.725
533.277,966.792,510.394,793.590,208.396,722.370,199.962,575.735
533.464,967.032,510.160,794.073,208.418,722.225,199.831,575.520
533.251,966.722,510.744,793.285,208.371,722.238,199.965,575.840
533.081,966.771,510.152,794.420,208.473,722.548,200.082,575.781
533.221,966.851,510.558,793.716,208.462,722.332,200.042,575.817
533.089,966.788,510.816,792.800,208.391,721.794,199.782,575.423
533.175,966.777,510.268,793.923,208.569,722.401,199.791,575.394
533.235,966.896,510.697,793.554,208.714,722.718,199.812,575.382
533.184,966.754,510.552,793.758,208.353,722.361,199.829,575.506
533.133,966.762,510.433,793.664,208.301,721.930,199.715,575.298
532.993,966.699,510.776,792.721,208.118,722.188,199.859,575.379
533.165,966.659,510.765,793.674,208.335,722.118,199.896,575.277
532.937,966.472,510.761,793.378,208.441,722.370,199.787,575.200
533.094,966.712,511.136,792.709,208.317,722.289,199.789,575.071
533.243,966.647,510.875,793.342,208.349,722.398,199.781,575.148
532.995,966.648,510.836,793.165,208.279,722.397,199.796,575.290
533.080,966.569,511.081,792.473,208.171,722.372,199.949,575.384
533.113,966.479,510.793,793.176,208.283,722.303,199.879,575.402
532.871,966.471,510.918,792.571,208.351,721.772,200.044,575.236
533.050,966.511,511.098,792.252,208.399,722.390,200.120,575.346
533.070,966.761,510.887,793.038,208.720,722.601,199.715,574.881
533.099,966.553,510.747,793.269,208.411,722.457,199.691,574.690
532.942,966.586,511.033,792.158,208.433,722.345,199.629,575.025
533.031,966.496,511.013,792.785,208.471,722.387,199.593,574.947
533.103,966.509,511.279,791.677,208.616,722.341,199.632,574.282
533.129,966.617,511.147,792.064,208.639,722.444,199.479,574.408
533.548,966.789,510.919,792.671,208.450,721.809,199.478,574.566
533.224,966.698,510.877,792.304,208.582,721.943,199.493,574.597
533.089,966.572,510.929,792.239,208.512,721.943,199.961,575.003
533.128,966.616,511.050,792.211,208.502,721.907,199.969,575.323
533.197,966.653,511.356,791.582,208.219,721.594,200.482,575.913
533.256,966.629,511.470,791.691,207.909,721.097,200.437,575.882
533.214,966.701,511.066,792.346,208.078,721.427,200.447,575.836
533.263,966.695,511.404,791.723,207.998,721.650,200.741,576.611
533.318,966.638,511.751,790.696,207.914,721.402,200.816,576.713
533.209,966.713,511.630,791.546,208.361,722.073,200.519,576.423
533.123,966.616,511.766,791.338,208.164,721.897,200.361,575.953
533.041,966.610,511.141,792.687,207.950,722.061,200.195,575.994
533.192,966.667,510.759,792.686,208.296,722.298,200.313,576.044
533.279,966.757,510.829,792.592,208.095,721.633,200.320,576.029
533.329,966.579,510.857,793.276,208.063,721.834,200.367,576.024
533.403,966.748,510.951,792.772,208.244,721.722,200.464,576.252
533.362,966.673,510.808,792.721,208.158,722.022,200.446,576.206
533.333,966.674,510.881,792.109,207.910,722.095,200.346,576.256
533.136,966.579,510.848,792.193,207.944,721.585,200.304,576.112
533.239,966.663,510.829,792.017,207.871,721.820,200.272,575.845
532.933,966.537,510.736,792.430,208.060,721.909,200.172,575.689
532.966,966.561,510.934,792.024,208.027,722.006,200.354,575.828
533.180,966.657,510.751,792.202,208.037,722.112,200.187,575.718
533.100,966.658,510.800,792.229,207.857,721.888,200.291,575.938
533.302,966.640,511.024,792.169,208.028,722.383,200.206,575.825
533.412,966.742,510.915,792.106,207.994,722.314,200.250,575.531
533.017,966.434,510.838,792.098,207.847,721.477,200.411,575.702
533.290,966.630,511.064,791.946,208.159,722.325,200.399,575.613
533.258,966.642,510.944,791.717,208.149,722.460,200.288,575.416
533.401,966.664,510.979,792.109,209.153,725.813,200.247,575.341
533.059,966.535,510.908,791.741,208.526,724.682,200.233,575.038
533.244,966.746,510.674,792.243,208.717,724.441,200.303,572.619
533.153,966.758,510.594,793.126,208.553,723.879,200.693,571.196
532.792,966.413,510.989,791.540,208.346,723.475,200.946,568.990
533.038,966.592,511.147,791.539,208.151,723.120,200.937,567.797
533.257,966.683,511.101,792.620,208.099,723.928,199.920,564.288
532.859,966.396,510.933,792.663,208.110,724.026,199.958,562.467
533.110,966.767,511.352,791.412,208.075,723.452,200.235,561.498
533.105,966.595,511.057,792.527,208.087,723.686,200.401,561.078
533.185,966.643,511.445,791.728,208.716,725.385,200.635,560.940
533.214,966.636,511.631,791.734,208.567,725.317,200.634,560.986
533.225,966.761,511.195,792.389,207.998,723.747,200.701,560.794
533.097,966.716,511.500,791.660,208.417,725.404,200.875,560.716
533.080,966.625,511.244,792.461,208.589,725.874,201.145,560.799
533.160,966.807,511.598,790.937,208.356,726.260,201.374,560.976
533.205,966.717,511.517,791.265,208.477,726.361,201.683,561.027
533.439,967.038,511.300,791.837,208.464,726.226,203.405,562.842
533.144,966.793,511.831,790.318,208.602,726.658,202.506,560.598
532.836,966.416,511.457,791.454,208.714,726.637,202.607,560.810
533.005,966.541,511.212,791.793,210.253,729.752,202.962,561.227
533.056,966.478,511.811,790.185,210.128,729.146,202.937,561.185
533.282,966.671,511.170,791.447,209.981,728.901,202.775,561.099
533.008,966.550,510.641,792.405,209.538,727.842,202.998,560.646
533.134,966.562,511.092,791.248,209.544,727.817,203.049,560.700
533.236,966.753,511.130,791.626,209.338,727.481,203.016,560.650
533.201,966.498,510.925,792.742,209.311,727.461,203.109,560.037
533.252,966.876,511.282,791.453,209.392,727.233,202.947,560.678
533.166,966.686,510.821,792.393,209.248,727.072,203.046,560.704
533.301,966.823,510.715,791.810,209.229,727.108,203.234,561.084
533.146,966.786,510.999,791.300,208.728,725.449,202.989,561.425
533.190,966.721,510.475,792.466,209.285,727.364,203.110,561.638
533.255,966.794,510.810,791.883,209.325,726.857,203.416,561.678
533.340,966.818,510.816,792.033,209.220,726.743,203.472,561.639
533.217,966.644,510.377,792.729,208.578,724.057,203.475,561.258
533.351,966.679,510.555,792.902,209.046,726.373,203.528,561.240
533.376,966.620,510.682,792.071,209.190,727.218,203.899,561.313
533.480,966.740,510.340,792.907,209.267,727.430,203.624,560.841
532.992,966.631,510.591,792.980,209.198,727.246,203.763,560.426
533.139,966.514,510.873,791.489,208.637,725.596,203.779,560.429
532.901,966.691,510.818,791.803,208.701,725.259,203.938,560.041
532.981,966.584,510.416,792.679,208.749,725.409,203.849,559.971
533.054,966.741,510.974,791.749,208.927,725.173,203.804,559.940
533.044,966.717,510.856,791.778,208.752,725.343,203.933,559.985
533.061,966.699,510.338,792.579,208.483,724.892,203.885,559.754
533.019,966.792,510.624,792.056,208.609,724.931,204.277,560.018
532.852,966.570,510.849,791.896,208.571,724.974,204.334,559.929
532.904,966.714,510.179,793.184,208.640,724.760,204.106,559.787
532.761,966.432,510.385,792.891,208.561,725.050,204.318,559.963
532.850,966.506,510.945,791.665,208.417,724.628,204.115,559.721
532.818,966.574,510.461,792.740,208.546,725.085,204.168,559.654
533.219,966.730,511.052,791.629,209.185,726.971,204.080,559.271
533.173,966.810,511.032,791.218,209.008,726.712,204.132,559.171
533.331,966.671,510.729,792.029,209.386,727.898,204.209,559.095
533.182,966.664,510.823,791.832,209.255,727.455,204.195,559.253
533.281,966.749,510.852,791.193,209.171,727.299,204.109,559.165
533.259,966.781,510.760,792.047,209.373,727.546,204.116,559.087
533.202,966.598,510.576,792.306,209.668,728.122,204.103,559.240
533.106,966.576,510.735,791.245,209.457,727.392,204.065,559.150
533.228,966.622,510.878,791.111,209.408,727.516,204.074,559.273
533.007,966.474,510.287,793.345,209.276,727.232,204.087,559.135
533.136,966.589,510.814,791.420,209.322,727.326,204.131,559.200
533.159,966.544,510.814,791.633,209.291,727.091,204.339,559.279
533.143,966.512,510.473,792.763,209.113,726.910,204.394,559.263
532.950,966.478,510.578,792.115,209.463,727.748,204.411,559.246
533.155,966.617,510.848,790.973,209.416,727.232,204.239,559.058
533.246,966.641,510.518,792.842,209.459,727.308,204.113,558.928
532.770,966.454,510.811,791.665,209.230,727.237,204.151,558.965
532.836,966.401,511.061,791.078,208.484,724.875,204.020,558.860
533.191,966.751,510.493,791.555,209.523,727.378,204.045,558.895
533.346,966.898,511.091,790.608,209.458,727.447,204.223,558.907
533.227,966.727,511.136,790.920,209.180,726.996,204.342,559.219
533.278,966.831,510.754,791.595,209.490,727.563,204.461,559.412
532.920,966.530,510.428,792.506,209.560,727.611,204.316,559.199
532.736,966.432,510.594,791.571,209.343,727.299,204.379,559.242
533.149,966.748,510.645,792.745,209.522,727.307,204.368,559.232
533.186,966.613,510.760,792.402,209.461,727.426,204.504,559.316
532.786,966.539,510.680,792.269,209.608,727.723,204.399,558.954
533.045,966.661,510.643,792.347,209.525,727.208,204.371,558.989
532.832,966.481,510.473,792.287,209.525,727.638,204.522,559.237
532.780,966.398,510.512,792.152,209.214,726.620,204.461,559.234
533.095,966.584,510.598,791.797,209.492,727.624,204.591,559.271
532.914,966.546,510.685,791.641,209.354,727.196,204.277,559.254
532.989,966.505,510.713,791.478,209.232,726.578,204.360,559.099
532.973,966.491,510.780,791.348,209.246,726.722,204.931,559.679
532.858,966.476,510.829,791.237,209.429,726.780,204.713,559.526
533.272,966.564,510.913,791.422,208.836,725.429,204.656,559.348
532.828,966.422,510.741,791.228,208.821,725.599,204.742,559.426
532.853,966.393,510.738,791.552,209.220,726.775,204.655,559.112
532.971,966.501,510.688,791.462,209.267,727.175,204.713,559.278
532.789,966.381,510.810,791.476,209.222,727.448,204.471,558.744
532.742,966.512,510.587,791.869,209.124,726.634,204.359,558.682
533.053,966.631,510.472,792.012,209.228,727.339,204.462,558.797
532.993,966.464,510.728,791.535,209.183,727.312,204.434,558.826
532.920,966.548,510.644,791.675,209.376,727.605,204.345,558.955
532.560,966.213,510.724,791.681,209.036,726.581,204.434,559.246
532.630,966.435,510.819,791.369,209.311,727.422,204.602,559.238
532.741,966.662,510.939,791.615,209.704,728.107,204.586,559.207
532.867,966.827,510.696,792.273,209.227,726.292,204.523,559.065
532.960,966.896,511.016,791.381,209.575,727.631,204.588,559.225
532.929,966.866,510.738,792.201,209.556,727.153,204.576,559.224
532.705,966.495,510.914,791.874,208.821,725.510,204.421,559.041
532.659,966.594,510.513,792.373,208.936,725.404,204.549,559.082
532.950,966.764,510.397,792.347,209.431,727.447,204.738,559.378
532.499,966.635,510.812,791.419,209.349,727.470,204.681,559.162
532.436,966.523,510.239,792.731,209.459,727.453,204.541,559.096
532.571,966.606,510.414,792.241,209.376,727.157,204.537,558.914
532.549,966.625,510.748,791.496,209.445,727.124,204.622,558.884
532.204,966.419,510.492,792.401,209.549,727.529,204.565,558.851
532.517,966.559,510.382,792.285,209.324,727.048,204.574,558.887
532.551,966.691,510.695,791.748,209.609,727.999,204.544,558.974
532.456,966.510,510.327,792.793,209.845,728.387,204.530,558.900
532.684,966.622,510.301,792.206,209.796,728.115,204.409,558.904
532.597,966.660,510.795,791.730,209.709,727.891,204.473,558.909
532.671,966.665,510.575,792.548,209.169,725.819,204.643,558.950
532.741,966.715,510.469,792.379,209.536,727.783,204.633,559.015
532.681,966.697,510.931,791.740,209.498,727.240,204.488,558.807
532.579,966.740,510.631,792.384,209.827,727.856,204.283,558.767
532.541,966.693,510.433,792.388,209.923,727.916,204.275,558.715
532.543,966.459,510.735,791.715,209.682,728.204,204.408,558.837
532.392,966.504,510.418,792.366,209.547,727.788,204.458,558.891
532.595,966.609,510.364,792.323,209.963,728.343,204.594,558.858
532.472,966.507,510.629,791.993,209.210,726.096,204.684,558.973
532.694,966.736,510.570,791.942,210.063,728.333,204.551,558.851
532.624,966.645,510.389,792.552,209.510,727.823,204.447,558.925
532.561,966.346,510.665,791.615,209.358,727.921,204.499,558.822
532.510,966.520,511.072,791.173,209.603,728.331,204.721,558.899
532.697,966.561,510.582,792.247,209.385,728.066,204.861,558.957
532.634,966.537,510.390,791.354,209.210,727.293,204.684,558.824
532.827,966.759,511.268,790.074,209.429,727.917,204.732,559.156
532.947,966.802,511.145,790.493,209.418,727.904,204.650,559.090
532.521,966.578,511.091,790.561,209.468,727.610,204.667,559.188
532.505,966.474,511.604,789.621,209.976,728.506,204.562,558.949
532.388,966.353,511.436,790.606,210.151,728.835,204.663,559.037
532.540,966.603,511.524,790.474,209.835,727.747,204.569,558.932
532.305,966.330,511.121,791.391,209.994,728.287,204.717,559.152
532.670,966.589,510.556,792.046,209.578,727.576,204.662,558.901
532.622,966.659,510.639,791.716,210.023,727.885,204.762,558.885
532.659,966.698,510.278,792.201,210.083,727.728,204.581,558.878
532.541,966.468,510.404,792.301,209.664,727.867,204.521,558.906
532.585,966.511,510.203,792.265,210.063,727.639,205.080,559.538
532.555,966.480,510.692,791.418,209.633,727.827,204.761,559.140
532.733,966.680,510.541,791.511,209.517,727.365,204.513,558.944
532.581,966.500,510.205,792.133,209.169,727.140,204.431,558.583
532.469,966.285,510.043,792.179,209.618,728.400,204.583,558.621
532.514,966.645,510.437,791.412,209.736,728.512,204.484,558.768
532.491,966.507,510.310,792.247,209.691,728.192,204.605,558.694
532.624,966.583,510.315,791.370,209.624,728.082,204.722,559.170
532.577,966.557,510.152,791.772,209.662,727.955,204.839,559.309
532.560,966.554,510.019,791.612,209.571,727.873,204.637,559.171
532.649,966.501,510.497,790.903,209.546,727.482,204.640,559.181
532.585,966.585,510.352,791.310,209.486,727.404,204.492,558.853
532.495,966.639,510.349,791.576,209.412,727.354,204.506,558.900
532.684,966.628,510.478,791.016,209.445,727.360,204.597,558.698
532.695,966.664,510.251,791.022,209.480,727.346,204.690,558.897
532.525,966.541,510.434,790.958,209.493,727.353,204.557,558.591
532.736,966.623,510.437,790.825,209.580,727.404,204.693,558.726
532.509,966.685,510.330,791.732,209.451,727.203,204.907,559.261
532.446,966.642,510.313,792.410,209.452,727.222,204.571,558.777
532.314,966.533,510.569,791.902,209.547,727.827,204.542,558.818
532.679,966.500,510.467,791.998,209.888,728.103,204.808,558.952
532.690,966.488,510.742,791.507,210.075,728.426,204.807,558.902
532.518,966.486,510.814,791.303,209.869,727.532,204.859,558.982
532.427,966.546,510.641,791.761,210.069,728.064,204.713,558.853
532.508,966.630,510.670,791.224,210.156,728.086,204.839,558.998
532.512,966.585,510.501,791.569,210.462,729.128,205.059,559.216
532.411,966.219,510.714,791.207,210.081,727.262,204.935,558.844
532.385,966.311,510.689,791.034,209.958,727.961,204.923,558.943
532.645,966.588,510.621,791.275,210.038,728.326,204.708,558.802
532.516,966.620,510.639,791.464,209.667,727.717,204.593,558.586
532.435,966.526,510.450,791.404,209.913,727.985,204.810,558.812
532.840,966.628,510.619,791.417,210.186,728.125,204.853,558.838
532.767,966.535,510.633,791.565,209.706,727.690,204.745,558.731
532.712,966.624,510.648,791.328,209.785,728.503,204.762,558.895
532.526,966.557,510.649,790.858,209.722,728.130,204.695,558.946
532.476,966.558,510.576,791.262,209.663,728.265,204.520,558.677
532.590,966.595,510.650,791.582,209.601,727.914,204.625,558.742
532.678,966.380,510.656,790.911,209.762,728.565,204.546,558.733
532.437,966.299,510.378,792.366,209.848,728.760,204.665,558.803
532.647,966.583,510.569,791.387,209.583,728.530,204.530,558.687
532.300,966.545,510.438,791.892,209.705,728.712,204.557,558.634
532.448,966.297,510.500,791.952,209.812,728.710,205.041,559.428
532.372,966.373,510.631,791.449,209.858,728.506,205.092,559.125
532.395,966.316,510.742,791.485,209.660,728.551,205.184,559.346
532.398,966.384,510.565,791.638,209.671,728.501,204.991,559.086
532.797,966.581,510.717,791.454,209.670,728.560,205.199,559.155
532.558,966.440,510.533,791.767,209.595,728.567,205.288,559.262
532.452,966.452,510.207,792.256,209.775,728.653,205.206,559.190
532.640,966.490,510.590,791.771,209.642,728.499,205.107,558.972
532.563,966.406,510.750,791.173,209.696,728.349,205.044,559.001
532.625,966.521,510.386,792.103,209.924,728.918,204.888,558.953
532.493,966.523,510.341,792.190,209.896,728.627,205.001,558.897
532.436,966.433,510.577,791.704,209.924,729.014,204.962,558.751
532.549,966.567,510.609,791.911,209.849,728.580,204.999,558.839
532.427,966.488,510.213,792.269,209.497,727.306,204.724,558.734
532.425,966.531,510.441,792.261,209.735,728.504,204.776,558.720
532.515,966.445,510.605,791.512,209.777,728.224,204.857,558.865
532.526,966.535,510.635,792.146,209.995,728.579,204.608,558.812
532.522,966.471,510.445,792.367,210.108,728.202,204.624,558.799
532.477,966.558,510.607,791.635,210.158,728.457,204.689,558.632
532.333,966.425,510.706,791.795,209.821,728.258,204.854,558.593
532.426,966.460,510.191,792.419,209.549,727.581,204.666,558.681
532.544,966.577,510.480,791.978,209.582,728.030,204.582,558.711
532.304,966.495,510.769,791.179,209.400,727.675,204.846,559.008
532.469,966.417,510.517,791.825,209.217,725.595,204.798,558.967
532.445,966.540,510.672,791.562,209.770,728.100,204.785,558.730
532.536,966.451,510.925,790.785,209.945,728.399,204.868,559.110
532.531,966.688,510.779,791.529,210.086,728.112,205.042,559.050
532.446,966.480,510.805,791.502,209.844,728.152,204.741,558.988
532.541,966.640,511.027,790.800,209.806,727.890,204.818,558.952
532.462,966.525,510.914,790.785,209.792,727.786,204.953,558.973
532.484,966.509,510.366,792.045,209.702,727.993,204.946,559.008
532.536,966.482,510.771,791.350,209.684,728.039,204.899,558.958
532.526,966.512,510.705,790.750,209.930,728.243,204.792,558.913
532.465,966.473,510.640,791.164,209.921,728.473,204.661,558.730
532.537,966.589,510.904,790.913,209.968,728.733,204.914,558.830
532.546,966.649,510.990,790.153,209.860,728.479,204.803,558.743
532.664,966.765,510.758,790.503,209.844,728.367,204.915,558.816
532.612,966.627,510.469,791.235,209.796,727.860,204.775,558.817
532.490,966.540,510.850,790.276,209.715,728.018,204.758,558.822
532.663,966.644,510.839,790.579,209.554,727.675,204.936,558.831
532.709,966.824,510.515,791.624,209.681,727.921,204.971,559.015
532.676,966.712,510.517,790.377,209.721,727.657,204.719,558.753
532.603,966.531,510.733,790.072,209.618,727.617,204.858,558.954
532.867,966.623,510.592,790.599,209.669,727.550,204.823,558.830
532.459,966.435,510.328,791.689,209.770,728.074,204.906,558.707
532.562,966.559,510.609,790.085,209.756,728.106,204.906,558.765
532.461,966.421,510.739,790.084,209.754,727.873,204.744,558.736
532.426,966.545,510.648,790.464,209.717,727.784,204.840,558.867
532.467,966.587,511.087,790.234,209.521,727.757,204.705,558.804
532.871,966.782,511.144,789.578,209.578,727.749,204.757,558.886
532.303,966.409,510.776,790.823,209.529,727.587,204.892,558.809
532.517,966.549,510.704,790.802,209.603,727.731,204.772,558.769
532.475,966.470,511.046,789.739,209.567,728.112,204.735,558.791
532.455,966.513,510.474,791.625,209.796,728.060,204.845,558.808
532.580,966.584,510.686,791.319,209.681,727.936,205.027,558.626
532.676,966.681,510.516,791.573,209.710,727.834,205.040,558.827
532.655,966.589,510.623,791.219,209.765,727.997,205.144,558.882
532.559,966.530,510.813,790.891,209.587,727.598,204.898,558.819
532.717,966.636,510.853,790.902,209.131,725.945,204.894,558.687
532.678,966.557,510.603,791.160,209.683,727.747,204.813,558.736
532.572,966.427,510.620,791.037,209.606,727.650,204.740,558.702
532.651,966.535,510.566,791.224,209.599,727.721,204.949,558.782
532.628,966.603,510.498,791.382,209.598,727.633,204.992,558.952
532.678,966.436,510.690,790.904,209.059,725.694,205.136,558.795
532.580,966.464,510.621,791.216,209.530,727.471,205.265,558.774
532.647,966.486,510.830,790.814,209.610,727.818,205.252,558.702
532.329,966.335,510.603,791.232,209.590,727.584,205.113,558.504
532.752,966.732,510.520,791.730,209.901,728.414,205.064,558.677
532.817,966.683,510.680,791.114,209.660,728.627,204.753,558.147
532.561,966.622,510.524,791.264,209.361,728.012,204.731,558.238
532.726,966.629,510.615,791.812,210.120,728.879,204.688,558.250
532.707,966.732,510.446,791.774,209.921,728.589,204.810,558.313
532.671,966.693,510.604,791.755,210.116,728.383,204.837,558.184
532.522,966.587,510.735,791.467,209.984,728.058,204.916,558.270
532.564,966.642,510.787,791.866,209.823,728.043,204.679,558.156
532.407,966.451,510.616,791.954,210.103,728.023,204.597,558.254
532.530,966.549,510.621,791.402,210.120,728.616,204.656,558.263
532.555,966.553,510.471,791.632,209.971,728.579,204.638,558.264
532.733,966.623,510.545,791.446,210.251,729.176,204.783,558.367
532.517,966.586,510.652,791.122,210.162,728.818,204.732,558.399
532.590,966.398,510.350,791.963,210.208,729.055,204.674,558.062
532.603,966.544,510.611,791.489,209.951,728.899,204.592,558.247
532.602,966.564,510.371,792.018,209.882,728.670,204.663,557.928
532.506,966.611,510.672,791.334,210.096,728.694,204.512,557.990
532.481,966.549,510.322,791.480,210.182,728.557,204.266,558.038
532.345,966.564,509.924,791.517,209.878,728.383,204.671,558.012
532.820,966.860,510.195,791.498,209.909,728.360,204.919,558.082
532.271,966.496,510.378,792.038,209.725,728.113,204.994,558.204
532.474,966.532,510.343,791.755,209.753,727.949,204.887,558.192
532.507,966.462,510.440,791.490,209.931,728.191,204.789,558.337
532.301,966.350,510.558,791.859,209.903,728.247,204.900,558.209
532.618,966.637,510.746,791.619,209.763,728.199,204.917,558.007
532.388,966.376,510.731,791.912,209.506,727.849,204.779,558.121
532.353,966.410,510.728,791.561,209.878,728.282,205.022,558.068
532.607,966.605,510.436,791.699,209.590,727.744,204.613,557.956
532.520,966.573,509.952,791.050,209.615,727.694,204.505,557.499
532.395,966.490,509.794,790.868,209.727,727.809,204.485,557.409
532.387,966.605,509.903,790.903,209.249,725.985,204.528,557.428
532.532,966.673,510.038,790.230,209.074,725.883,204.261,557.004
532.506,966.570,509.312,790.514,208.837,725.570,204.024,557.400
532.240,966.311,509.171,789.619,209.818,728.528,204.045,556.992
532.276,966.323,509.175,789.731,209.723,728.322,204.205,557.099
532.357,966.339,509.265,789.405,209.706,728.277,203.776,556.791
532.633,966.454,509.255,789.622,209.747,728.355,203.662,556.472
532.507,966.631,508.521,789.329,209.864,728.352,203.370,556.353
532.324,966.627,508.018,789.000,209.661,727.946,203.996,556.613
532.399,966.569,508.149,789.353,209.788,728.156,203.770,556.178
532.511,966.567,508.451,789.285,209.717,728.208,203.993,556.457
532.702,966.697,508.593,788.963,209.514,728.026,204.379,556.504
532.389,966.442,508.880,788.455,209.295,726.044,204.073,556.499
532.540,966.560,509.498,789.006,209.737,727.843,203.858,556.485
532.376,966.409,509.361,789.114,209.734,728.404,203.778,556.045
532.096,966.310,508.999,789.189,209.689,728.312,203.874,556.332
532.265,966.278,509.059,788.583,209.722,728.211,203.556,555.714
532.183,966.265,508.833,788.624,209.789,728.421,203.527,555.643
532.127,966.318,508.737,788.289,209.539,727.608,203.443,555.597
532.136,966.271,509.051,788.177,209.628,727.751,203.364,555.405
532.386,966.478,509.248,788.562,209.718,727.945,204.134,555.907
532.287,966.454,509.274,788.692,209.680,728.183,204.438,556.128
532.388,966.538,509.183,788.895,209.813,728.280,204.567,556.449
532.175,966.307,508.915,789.621,209.733,728.302,204.376,556.380
532.085,966.247,508.988,789.080,209.769,728.276,204.295,556.400
532.171,966.272,509.106,788.989,209.897,728.290,204.210,556.411
532.268,966.390,508.653,788.642,209.863,728.195,204.023,556.222
532.124,966.465,508.572,788.758,209.713,728.053,204.363,556.430
532.236,966.547,508.348,788.539,209.718,728.190,205.131,556.954
531.914,966.139,508.415,788.490,209.618,727.769,204.657,556.890
532.114,966.292,507.921,787.827,209.602,727.670,204.997,556.860
531.909,965.990,507.525,788.599,209.660,727.613,205.147,557.088
531.819,965.948,507.343,789.259,209.625,727.748,204.671,556.918
531.979,966.294,507.148,790.026,209.616,728.090,204.723,556.900
532.071,966.295,506.858,790.858,209.767,728.306,204.624,556.772
532.406,966.371,506.696,792.313,209.648,728.029,204.529,556.635
532.011,966.291,506.158,794.940,209.551,727.845,205.095,557.039
532.011,966.243,505.988,796.300,209.613,727.885,205.339,557.429
532.209,966.253,505.879,797.358,209.599,727.702,204.662,556.870
532.251,966.351,506.060,797.093,209.581,727.717,204.395,556.718
532.189,966.256,506.364,797.458,209.463,727.672,204.313,557.023
532.211,966.322,506.930,797.430,209.592,727.689,204.750,557.416
532.247,966.164,507.048,797.260,209.718,727.820,204.778,557.959
532.188,966.298,507.120,796.727,209.621,727.755,204.789,558.142
532.122,966.376,507.247,796.632,209.728,727.996,204.826,558.466
532.145,966.429,507.105,796.865,209.712,728.033,205.547,558.529
532.269,966.460,507.361,796.334,209.756,727.926,206.360,559.777
532.310,966.495,507.776,795.917,209.875,728.037,206.399,560.316
532.200,966.337,508.033,796.403,209.666,727.951,206.514,560.768
532.260,966.167,508.293,797.082,209.763,728.036,206.627,561.233
532.362,966.216,508.817,797.333,209.839,727.979,206.726,561.346
532.199,966.148,508.600,799.120,209.735,727.707,206.745,561.195
532.373,966.308,508.388,800.082,209.901,727.886,206.800,561.312
532.200,966.381,508.046,800.703,209.710,727.971,206.822,561.101
532.392,966.481,507.610,801.261,209.605,727.676,206.732,561.443
532.414,966.606,507.929,801.238,209.621,727.750,206.232,560.734
532.456,966.501,507.718,801.138,209.731,727.935,206.451,560.972
532.460,966.547,507.747,801.305,209.691,727.793,206.575,560.875
532.503,966.592,507.709,801.179,209.710,727.918,206.504,560.743
532.343,966.463,507.807,801.112,209.606,727.747,206.572,560.403
532.425,966.481,507.750,801.327,209.633,727.819,206.706,560.536
532.249,966.309,507.775,801.168,209.775,728.194,206.504,560.146
532.615,966.525,507.694,801.051,209.711,727.788,205.188,560.256
532.387,966.533,507.694,801.065,209.636,727.799,205.702,560.026
532.628,966.447,507.868,800.363,209.823,728.100,206.151,560.324
532.428,966.468,508.387,799.160,209.642,727.896,206.158,560.503
532.403,966.503,508.547,798.386,209.829,728.185,206.256,560.595
532.116,966.335,508.492,798.469,209.856,728.276,206.243,560.386
532.301,966.220,508.364,797.724,209.596,727.719,206.469,560.073
532.279,966.325,508.237,797.312,209.689,727.763,206.024,559.569
532.204,966.238,508.329,796.603,209.825,727.862,206.181,559.485
532.341,966.465,508.534,795.887,209.723,727.863,206.181,559.516
532.231,966.394,508.612,795.521,209.497,727.497,206.148,559.103
532.277,966.349,508.557,795.403,209.592,727.628,206.152,559.373
532.406,966.491,508.452,795.457,209.589,727.604,206.054,558.987
532.522,966.600,508.150,795.493,209.591,727.695,205.989,559.068
532.482,966.540,507.620,795.883,209.633,727.745,205.722,558.801
532.130,966.347,507.059,796.698,209.199,725.783,205.536,558.863
532.180,966.392,506.294,797.996,209.680,727.678,205.862,559.049
532.495,966.696,506.035,799.033,208.880,725.643,205.618,559.004
532.471,966.606,505.951,799.400,208.994,725.801,205.662,558.812
532.195,966.387,505.904,799.472,208.721,725.402,205.993,559.029
532.091,966.384,506.151,798.979,208.644,725.364,205.771,558.862
532.477,966.652,506.534,798.884,208.307,724.961,205.760,559.009
532.367,966.557,506.853,798.751,208.982,726.852,206.094,559.256
532.269,966.538,506.937,798.973,209.018,727.105,205.738,558.933
532.310,966.522,506.872,798.806,208.205,725.148,205.598,558.578
532.416,966.454,506.918,798.615,208.391,725.328,205.879,558.999
532.384,966.627,507.124,798.453,208.455,725.265,205.543,559.147
532.395,966.576,507.858,797.831,208.346,725.170,206.007,559.295
532.512,966.561,508.312,797.772,208.500,724.862,205.820,559.559
532.473,966.460,508.582,797.357,208.381,725.003,205.336,558.866
532.391,966.600,508.662,797.045,208.439,724.987,205.845,558.935
532.607,966.587,508.715,797.243,208.570,725.044,205.977,559.062
532.338,966.473,508.817,797.145,209.008,726.697,205.861,558.952
532.579,966.556,508.741,797.210,208.492,725.042,205.984,558.990
532.247,966.222,509.021,797.264,209.064,726.967,205.879,558.868
532.262,966.369,509.089,797.200,209.035,726.976,205.934,559.008
532.394,966.444,509.263,796.924,208.720,725.331,206.012,559.106
532.613,966.578,509.001,797.197,208.832,726.742,206.018,559.125
532.482,966.687,509.117,797.249,208.992,726.732,205.687,558.964
532.688,966.643,509.079,797.157,209.163,727.134,205.892,558.901
532.717,966.784,509.062,797.003,208.985,726.958,205.775,558.806
532.821,966.716,509.131,797.045,209.282,727.121,205.795,559.177
532.731,966.853,509.108,796.921,209.109,727.142,205.852,559.050
532.642,966.753,509.149,796.818,209.020,726.776,206.209,559.161
532.741,966.827,509.134,796.842,209.188,727.067,205.866,559.009
532.825,966.907,509.096,796.760,208.613,725.055,205.603,558.888
532.687,966.791,509.092,796.889,208.602,725.005,205.956,559.060
532.707,966.793,509.090,796.748,209.045,726.787,206.422,559.320
532.774,966.866,509.204,796.579,208.904,726.477,205.954,559.144
532.458,966.436,509.126,796.742,208.572,725.054,205.561,558.761
532.652,966.713,509.408,796.451,208.509,724.827,205.984,558.881
532.235,966.553,509.291,796.520,208.576,725.080,205.950,558.721
532.305,966.569,509.036,796.985,208.557,725.036,205.645,558.506
532.522,966.697,509.066,796.923,208.488,725.040,205.654,558.539
532.641,966.648,509.080,796.956,208.518,725.032,205.502,558.578
532.492,966.578,509.028,796.948,208.642,725.141,205.703,558.605
532.278,966.328,509.143,796.661,209.320,727.106,205.582,558.512
532.464,966.669,509.107,796.726,209.280,727.171,205.783,558.687
532.618,966.551,509.121,796.699,208.549,725.122,205.762,558.827
532.532,966.546,509.126,796.710,208.555,725.186,206.138,559.057
532.683,966.650,509.183,796.864,208.626,725.044,205.831,558.647
532.623,966.726,509.281,796.889,208.599,725.139,205.779,558.572
532.750,966.622,509.201,796.838,208.558,725.069,205.614,558.623
532.585,966.620,509.150,796.686,208.462,724.860,206.147,559.289
532.423,966.477,509.151,796.823,209.058,726.996,206.110,558.892
532.392,966.534,509.346,796.498,208.616,725.310,205.816,558.401
532.363,966.511,509.344,796.562,208.756,725.343,206.078,558.557
532.504,966.471,509.046,796.775,208.463,725.160,206.016,558.456
532.443,966.472,509.069,796.725,208.454,725.069,205.898,558.518
532.434,966.491,509.192,796.738,208.538,725.138,206.346,558.992
532.323,966.436,509.266,796.715,208.564,725.234,206.277,558.719
532.318,966.624,509.412,796.383,208.391,725.094,205.933,558.565
532.267,966.656,509.428,796.185,208.437,725.173,206.274,558.700
532.386,966.527,509.211,796.657,208.547,725.160,205.593,558.339
532.283,966.557,509.067,796.870,208.589,725.260,205.902,558.628
532.502,966.506,509.216,796.637,208.604,725.213,206.068,558.955
532.450,966.624,509.231,796.707,209.156,727.219,205.699,558.673
532.350,966.386,509.406,796.220,208.787,725.366,205.903,558.760
532.360,966.461,509.360,796.296,208.741,725.254,205.985,558.628
532.290,966.290,509.245,796.352,208.675,725.236,206.158,558.737
532.369,966.425,509.357,796.331,208.613,725.140,205.944,558.609
532.476,966.463,509.029,797.066,208.485,725.118,205.880,558.880
532.681,966.638,509.167,796.601,208.647,725.158,205.881,558.508
532.422,966.489,509.146,796.682,208.544,725.188,205.903,558.510
532.405,966.254,509.123,796.722,208.609,725.183,205.818,558.384
532.253,966.240,509.057,796.729,208.726,725.223,205.858,558.555
532.430,966.541,509.104,796.949,208.665,725.362,205.975,558.938
532.403,966.526,509.339,796.519,208.650,725.315,205.983,558.700
532.255,966.382,509.074,796.958,208.812,725.548,205.834,558.454
532.281,966.535,509.372,796.449,208.691,725.499,205.460,558.497
532.787,966.738,509.376,796.482,208.679,725.300,205.470,558.086
532.530,966.707,509.270,796.403,208.570,725.254,206.007,558.758
532.490,966.594,509.417,796.382,208.353,725.110,205.537,558.484
532.320,966.490,509.088,796.975,208.547,725.247,205.744,558.619
532.278,966.357,509.514,796.168,208.499,725.128,205.834,558.652
532.379,966.519,509.187,796.903,208.635,725.322,205.961,558.604
532.326,966.489,509.184,796.662,208.612,725.167,205.398,558.398
532.493,966.470,509.112,796.851,208.703,725.475,205.776,558.668
532.372,966.399,509.151,796.868,208.599,725.394,206.052,558.750
532.390,966.445,509.298,796.696,208.607,725.355,205.649,558.373
532.287,966.420,509.233,796.717,208.597,725.359,205.802,558.483
532.352,966.503,509.106,797.215,208.970,727.025,206.014,558.636
532.485,966.571,509.110,796.672,209.025,727.187,205.960,558.624
532.208,966.284,509.393,796.541,208.748,725.438,205.993,558.973
532.398,966.481,509.222,796.547,209.273,727.314,206.109,558.683
532.442,966.426,509.312,796.321,209.296,727.322,206.138,558.971
532.389,966.322,509.333,796.478,208.659,725.445,206.128,558.721
532.335,966.416,509.148,796.906,208.661,725.321,205.905,558.548
532.211,966.447,508.983,797.275,208.507,725.360,206.046,558.693
532.263,966.422,509.018,797.044,208.523,725.345,205.668,558.526
532.455,966.443,509.128,796.985,208.619,725.331,205.721,558.841
532.547,966.500,509.156,796.940,208.489,725.182,205.645,558.689
532.604,966.575,509.153,796.764,208.564,725.138,205.504,558.746
532.343,966.489,509.274,796.591,208.595,725.247,205.390,558.638
532.415,966.512,509.291,796.501,208.675,725.394,205.403,558.361
532.094,966.321,509.061,797.058,208.673,725.255,205.324,558.406
532.556,966.686,509.202,796.834,208.687,725.340,205.444,558.304
532.293,966.508,509.002,797.008,208.798,725.467,205.499,558.284
532.498,966.661,508.937,797.000,208.804,725.473,205.619,558.464
532.587,966.533,509.030,797.008,208.691,725.415,205.640,558.512
532.608,966.563,509.045,796.908,208.613,724.931,205.875,558.598
532.358,966.464,509.111,797.065,208.683,725.475,205.983,558.855
532.209,966.474,509.236,796.667,208.667,725.562,205.741,558.699
532.360,966.468,509.116,796.632,208.620,725.299,205.702,558.610
532.217,966.501,509.014,796.666,208.491,725.178,205.813,559.008
532.465,966.539,509.265,796.467,208.659,725.159,206.073,558.589
532.290,966.326,508.933,796.939,208.627,724.919,205.551,558.234
532.147,966.491,509.109,797.156,208.592,725.286,205.582,558.546
532.366,966.591,509.060,796.922,208.634,725.381,205.529,558.445
532.406,966.693,509.062,797.041,208.924,726.802,205.559,558.291
532.310,966.550,509.267,796.604,208.624,725.281,205.505,558.258
532.453,966.584,509.022,797.017,208.986,725.975,205.768,558.350
532.380,966.430,509.014,797.245,209.146,726.450,205.556,558.409
532.325,966.370,509.102,796.972,208.996,726.131,205.828,558.573
532.193,966.338,509.053,796.905,208.637,725.175,205.630,558.380
532.319,966.441,509.089,796.944,208.703,724.879,205.631,558.362
532.238,966.494,509.049,797.155,208.717,724.750,205.653,558.184
532.238,966.418,509.075,796.972,208.349,723.912,205.619,558.542
532.326,966.456,508.991,797.197,208.277,722.246,205.739,558.453
532.223,966.553,509.087,797.056,207.594,721.759,205.897,558.709
532.342,966.542,509.117,797.099,207.742,721.358,205.893,558.933
532.210,966.397,509.160,797.160,207.607,721.503,205.947,558.846
532.242,966.331,509.480,796.431,207.505,721.239,205.928,558.781
532.185,966.482,509.296,796.457,207.520,720.947,206.032,559.157
532.140,966.446,509.447,796.441,207.872,721.689,206.107,559.158
532.334,966.578,508.982,796.988,207.852,721.817,206.032,559.196
531.721,966.367,509.096,797.006,207.579,721.180,206.007,559.080
531.483,966.999,509.218,796.708,207.738,721.684,206.008,558.982
531.229,966.971,509.229,796.756,207.981,721.780,206.080,559.113
531.487,967.273,509.032,797.149,207.657,721.505,206.067,559.143
531.447,967.305,509.318,796.690,207.630,721.347,206.094,559.087
531.384,966.975,508.995,797.060,207.387,721.605,205.976,559.234
531.210,966.854,509.020,796.942,207.455,721.296,205.958,559.190
531.731,967.203,508.923,797.172,207.708,721.494,205.762,559.067
531.825,967.226,509.060,797.167,207.611,720.693,205.770,559.278
531.765,967.142,509.141,797.014,207.496,720.699,205.704,558.760
531.650,966.907,508.983,797.341,207.525,720.905,206.077,559.022
531.656,966.984,509.154,797.033,207.543,721.474,205.861,558.739
531.771,966.983,509.020,797.074,207.495,721.820,205.917,558.919
531.717,967.036,508.958,797.084,207.416,721.616,205.937,559.049
531.805,967.107,508.850,797.273,207.327,721.323,206.003,559.020
531.595,966.785,508.957,797.388,207.401,721.359,205.970,558.915
531.667,966.812,508.941,797.095,207.370,721.464,205.769,558.785
531.717,966.857,508.955,797.271,207.497,721.570,206.123,558.890
531.914,966.801,508.901,797.089,207.428,721.534,205.731,558.432
531.653,966.976,508.855,797.044,207.260,721.250,205.292,558.190
531.756,966.955,508.938,796.975,207.352,721.397,205.316,558.251
531.769,966.949,508.944,796.984,207.423,721.458,205.500,558.322
531.973,967.030,509.087,796.906,207.869,723.232,205.665,558.146
531.918,966.906,508.852,797.014,207.365,721.517,205.601,558.197
531.961,966.919,508.889,797.168,207.585,721.784,205.662,558.158
531.946,966.909,508.862,797.180,207.372,721.582,205.868,558.204
532.034,966.917,508.892,797.173,207.200,721.473,205.504,557.977
531.959,967.056,508.738,797.400,207.373,721.699,205.627,558.148
531.921,966.814,508.858,797.166,207.262,721.647,205.640,557.894
532.142,967.117,508.862,797.171,207.284,721.647,205.810,558.147
532.052,967.062,508.776,797.157,207.318,721.463,205.546,558.050
531.962,966.992,508.825,797.119,207.245,721.638,205.641,558.403
531.899,966.962,508.937,797.107,207.212,721.563,205.190,557.824
531.910,966.908,508.849,797.342,207.147,721.351,205.389,558.014
531.845,966.829,508.770,797.286,207.335,721.624,205.177,557.825
531.782,966.863,508.882,797.220,207.514,721.557,205.553,558.173
532.119,966.952,508.891,796.977,207.458,721.585,205.358,557.865
531.882,966.877,508.835,797.104,207.602,721.840,205.296,557.925
532.083,967.025,508.802,797.402,207.600,721.665,205.188,557.841
531.872,966.952,508.796,797.361,207.618,721.644,205.102,557.663
531.702,966.862,509.008,796.925,207.588,721.770,205.280,558.102
531.939,966.995,508.782,797.357,207.338,721.455,205.122,558.073
532.099,967.084,508.822,797.241,207.420,721.831,205.257,558.271
531.771,966.943,508.811,797.166,207.366,721.874,205.458,558.494
531.876,966.848,508.826,797.303,207.502,721.396,205.375,557.799
532.079,967.040,508.743,797.275,207.804,722.127,205.317,557.863
532.004,966.901,509.063,796.847,208.191,723.875,205.092,557.771
532.339,967.154,509.037,796.979,207.475,721.707,205.310,557.779
531.888,966.893,508.995,797.039,208.054,723.790,205.219,557.749
531.939,966.922,508.894,797.277,208.007,723.553,205.126,557.365
531.944,966.916,509.117,796.979,207.993,723.578,205.173,557.524
532.165,967.026,508.871,797.114,207.822,723.315,205.350,557.745
532.090,967.062,508.865,797.283,207.926,723.598,205.484,557.790
531.799,966.908,508.925,797.029,207.677,721.940,205.455,557.898
531.806,967.006,509.017,797.087,207.496,721.774,205.316,557.960
531.863,966.899,508.787,797.283,207.999,723.580,205.818,558.244
531.877,966.969,508.803,797.270,207.899,723.574,206.001,558.176
531.847,966.761,508.862,797.390,207.398,721.741,205.357,557.863
531.889,966.867,508.836,797.518,207.422,721.631,205.488,557.994
531.997,967.052,508.889,796.979,207.463,721.708,206.484,558.651
532.174,967.015,508.946,797.103,207.484,721.717,205.446,557.654
532.105,967.078,508.784,797.330,207.606,721.849,205.374,557.956
532.130,967.098,508.690,797.551,207.587,721.771,206.367,558.365
531.711,966.873,508.806,797.228,207.480,721.655,205.656,557.865
531.966,967.008,508.779,797.446,207.381,721.534,205.394,557.634
531.990,967.139,508.924,797.165,207.387,721.470,206.166,558.369
532.066,967.188,508.750,797.370,207.775,721.937,205.661,557.918
532.013,967.210,508.783,797.381,207.555,721.702,205.410,557.728
532.188,967.166,508.796,797.426,207.617,721.791,205.540,557.788
531.942,967.020,508.742,797.300,207.712,721.980,205.681,557.753
531.963,966.886,508.807,797.012,207.645,721.638,205.733,557.888
532.124,966.999,508.993,797.329,207.498,721.608,205.586,557.875
532.013,966.863,509.016,797.002,207.584,721.756,205.983,558.048
531.838,966.961,509.094,796.795,207.378,721.682,205.387,557.662
531.837,967.064,508.723,797.347,207.389,721.253,205.401,557.576
531.819,966.959,508.963,797.115,207.704,721.955,205.406,557.859
531.817,966.956,508.766,797.438,207.570,721.872,205.155,557.745
532.043,967.033,508.933,797.248,207.354,721.673,205.317,557.552
532.064,967.064,508.875,797.296,207.327,721.621,205.614,557.886
531.793,966.700,508.969,797.065,207.673,721.977,205.420,557.484
531.603,966.757,508.851,797.323,207.598,721.912,205.431,557.601
531.936,967.061,508.805,797.108,207.429,721.605,205.871,557.819
532.094,967.198,508.849,797.105,207.490,721.585,205.120,557.472
531.877,967.071,508.780,797.327,207.460,721.747,205.370,557.658
531.765,966.959,508.733,797.433,207.527,721.727,205.667,557.788
531.918,967.138,508.904,797.222,207.680,721.896,205.462,557.788
531.920,967.032,508.895,797.248,207.706,721.872,205.402,557.990
531.980,966.986,508.865,797.574,207.675,721.913,205.362,558.053
532.251,967.145,508.859,797.178,207.527,721.842,205.306,557.922
532.131,967.104,508.896,797.260,207.569,721.947,205.270,557.633
532.123,967.138,509.023,797.145,207.628,722.031,205.206,557.192
532.111,967.076,509.037,797.183,207.607,722.046,205.220,556.783
532.260,967.116,508.880,797.340,207.722,722.061,205.371,556.844
532.187,967.032,508.887,797.278,207.742,721.983,204.715,556.029
532.160,967.070,509.092,796.933,207.620,721.959,205.280,556.988
532.162,967.013,509.184,796.761,207.626,721.998,205.505,557.393
531.979,966.934,508.873,797.440,207.564,721.791,205.077,556.937
532.043,966.910,508.949,797.203,207.734,721.928,204.432,555.957
531.869,966.824,508.825,797.486,207.360,721.619,205.071,556.885
532.049,967.002,508.667,797.434,207.386,721.769,205.374,557.117
531.991,967.069,508.825,797.490,207.359,721.566,204.254,555.797
531.938,966.947,508.930,797.523,207.298,721.496,204.949,556.800
532.018,967.131,508.752,797.493,207.485,721.626,205.445,557.584
532.052,967.009,508.739,797.441,207.371,721.790,205.567,557.834
532.028,966.996,508.713,797.394,207.274,721.584,205.802,557.955
532.164,967.058,508.863,797.468,207.638,721.931,205.899,557.614
532.168,966.986,508.901,797.355,207.546,721.821,205.935,557.672
532.108,967.026,508.823,797.561,207.460,721.605,205.743,557.484
531.976,967.059,508.799,797.587,207.477,721.694,205.594,557.495
532.112,966.940,508.780,797.554,207.456,721.770,205.697,557.535
532.068,966.951,508.769,797.503,207.622,721.829,205.882,557.577
532.090,967.001,508.864,797.540,207.451,721.604,206.000,557.644
531.987,966.909,508.736,797.620,207.429,721.442,205.397,557.227
532.230,967.048,508.843,797.576,207.869,722.175,205.491,557.284
531.993,966.911,509.089,796.836,207.454,721.722,205.828,557.444
531.915,966.927,509.023,796.817,207.559,721.777,205.590,557.413
531.872,966.865,508.681,797.570,207.724,722.060,205.819,557.374
532.009,966.798,508.740,797.505,207.686,721.941,205.753,557.268
531.902,966.756,508.775,797.491,207.706,721.907,205.397,557.231
531.777,966.839,508.749,797.463,207.602,721.549,205.418,557.295
531.910,966.928,508.827,797.291,207.542,721.954,205.549,557.600
531.936,966.767,508.799,797.274,207.324,721.760,205.604,557.486
532.221,966.967,508.853,797.377,207.295,721.730,205.585,557.519
532.093,967.013,508.829,797.550,207.146,721.608,205.490,557.287
532.242,967.174,508.760,797.641,207.357,721.801,205.297,557.339
532.043,967.017,508.806,797.362,207.291,721.684,205.735,557.526
532.059,967.025,508.737,797.493,207.259,721.638,205.623,557.595
531.726,966.762,508.882,797.414,207.341,721.595,205.826,557.623
531.751,966.764,508.772,797.638,207.365,721.672,206.018,557.737
531.832,966.816,508.651,797.665,207.284,721.713,205.562,557.267
531.843,966.800,508.722,797.613,207.404,721.769,205.746,557.297
531.998,966.757,508.653,797.774,207.395,721.698,205.797,557.044
531.947,966.767,508.822,797.536,207.397,721.761,205.365,556.865
531.899,966.896,509.052,797.202,207.443,721.932,205.130,556.897
532.120,966.943,509.118,797.331,207.453,721.995,205.052,557.037
532.054,967.002,508.751,797.443,207.362,721.672,205.065,556.582
531.827,966.902,508.691,797.814,207.243,721.284,204.857,556.472
531.878,966.724,508.680,797.655,207.588,722.101,204.384,556.271
531.859,966.756,508.740,797.575,207.620,722.167,205.110,557.145
531.733,966.636,508.821,797.327,207.390,721.860,204.773,556.349
532.087,966.868,508.830,797.393,207.234,721.588,204.917,556.660
531.720,966.670,508.785,797.469,207.178,721.749,205.098,556.534
531.844,966.650,508.735,797.461,207.259,721.724,205.075,556.199
531.801,966.655,508.812,797.540,207.121,721.485,204.552,556.605
531.529,966.648,508.889,797.275,207.022,720.850,204.610,556.112
531.724,966.616,508.773,797.670,207.205,721.497,205.192,557.011
531.777,966.665,508.645,797.741,207.302,721.804,205.482,557.024
531.701,966.685,508.586,797.735,207.374,721.876,205.426,557.312
531.910,966.832,508.592,797.717,207.365,721.610,204.970,556.937
531.918,966.959,508.666,797.516,207.426,721.924,204.935,557.045
531.903,966.793,508.673,797.807,207.433,721.920,205.040,556.634
531.940,966.811,508.842,797.797,207.516,722.084,205.499,557.512
532.067,966.865,508.648,797.972,207.360,721.965,205.566,557.059
532.085,967.037,508.739,797.709,207.580,722.261,205.385,556.498
531.891,966.912,508.765,797.574,207.557,722.236,205.571,556.863
532.113,966.761,508.830,797.633,207.479,721.827,205.792,556.449
532.176,966.968,508.747,797.611,207.504,721.915,205.661,556.714
532.205,967.043,508.857,797.412,207.222,721.756,205.312,556.744
531.792,966.855,508.907,797.449,207.249,721.871,205.612,556.531
532.183,966.960,508.879,797.421,207.503,721.966,205.252,556.898
532.252,967.049,508.880,797.351,207.620,722.059,204.809,556.063
532.367,966.985,508.932,797.145,207.435,721.886,204.900,556.273
532.206,967.032,508.836,797.583,207.459,721.948,205.051,556.472
532.124,966.934,508.661,797.551,207.443,722.245,204.408,555.389
532.090,966.847,508.742,797.622,207.404,722.135,205.316,556.514
531.733,966.867,508.622,797.866,207.605,722.097,205.349,556.653
532.321,967.064,508.813,797.625,207.281,721.546,204.404,555.538
532.189,966.968,508.888,797.490,207.437,721.592,205.293,556.039
532.204,967.003,508.803,797.656,207.484,721.975,205.450,556.743
532.232,967.017,508.787,797.682,207.209,721.475,204.616,555.794
532.030,966.888,508.749,797.791,207.298,721.831,204.509,555.795
531.833,966.863,508.862,797.610,207.433,721.952,205.123,556.393
532.029,966.887,508.909,797.369,207.346,721.874,205.307,556.475
531.950,966.903,508.717,797.794,207.421,721.956,205.286,556.892
532.089,966.958,509.166,797.161,207.379,721.750,205.513,557.066
532.058,967.072,509.063,797.319,207.494,721.891,206.254,557.672
531.943,967.065,509.164,797.044,207.277,721.746,206.183,557.435
532.069,966.889,508.759,797.581,207.472,721.811,205.980,557.381
532.281,967.067,508.855,797.485,207.463,721.816,205.749,557.035
531.832,966.782,508.717,797.577,207.402,721.881,205.799,556.963
531.858,966.940,508.913,797.491,207.548,721.963,205.909,557.237
531.993,967.145,508.652,797.595,207.457,721.827,205.658,556.774
532.029,967.139,508.852,797.361,207.449,722.006,205.786,556.899
531.948,966.907,508.665,797.556,207.386,721.982,205.597,556.901
531.813,966.844,508.816,797.354,207.368,721.925,204.963,556.398
531.974,966.841,508.775,797.499,207.437,721.933,204.894,556.220
532.176,966.829,508.763,797.558,207.341,721.875,205.014,556.245
531.891,966.808,508.705,797.645,207.217,721.783,205.250,556.451
531.967,966.864,508.782,797.396,207.164,721.708,204.767,555.795
531.897,966.820,508.656,797.186,207.398,722.052,205.133,556.730
531.921,966.948,508.660,797.454,207.248,721.760,204.943,556.242
531.599,966.693,508.818,797.259,206.966,721.611,204.705,555.832
531.826,966.863,508.815,797.666,207.227,721.838,204.930,556.344
531.947,966.887,508.920,797.396,207.228,721.847,204.609,555.604
531.749,966.866,508.738,797.652,207.391,722.002,204.628,555.519
531.756,966.875,508.786,797.665,207.465,722.088,204.665,556.001
531.773,966.826,508.651,797.738,207.217,721.709,204.668,555.924
531.853,967.002,508.689,797.803,207.182,721.678,204.148,554.978
531.739,966.700,508.689,797.564,207.127,721.746,204.778,555.775
531.846,966.813,508.750,797.584,207.328,721.977,204.905,556.132
531.963,967.063,508.713,797.715,207.352,721.900,205.100,555.808
532.020,967.112,508.712,797.654,207.361,721.921,205.344,556.676
531.845,966.957,508.769,797.473,207.478,721.919,205.334,556.688
531.957,967.079,508.680,797.704,207.518,721.922,205.696,557.097
531.887,966.867,508.689,797.793,207.475,721.982,204.808,556.540
532.037,967.042,508.777,797.518,207.521,722.017,205.586,556.948
532.320,967.111,508.739,797.711,207.504,722.026,205.957,557.474
532.192,967.170,508.750,797.803,207.352,721.956,205.656,557.108
532.067,967.133,508.814,797.570,207.464,722.107,205.518,557.105
531.944,967.061,508.732,797.618,207.362,721.889,205.582,557.235
531.897,966.950,508.675,797.831,207.482,722.096,204.778,556.550
532.037,967.073,508.772,797.646,207.260,722.066,205.198,556.539
532.141,967.069,508.795,797.492,207.397,722.003,205.300,556.853
532.101,967.056,508.625,797.702,207.255,721.774,205.945,557.659
531.883,966.833,508.667,797.522,207.387,722.030,205.814,557.204
532.099,966.902,508.721,797.557,207.175,721.654,205.021,556.626
532.053,966.919,508.747,797.523,207.214,721.674,205.841,556.966
532.111,967.133,508.779,797.406,207.274,721.898,206.249,557.576
532.295,967.201,508.669,797.705,207.280,721.397,204.985,556.281
532.134,967.055,508.779,797.496,207.379,721.946,205.568,556.405
531.985,967.038,508.729,797.559,207.334,721.920,205.720,556.528
531.997,967.044,508.767,797.254,207.167,721.680,205.647,556.385
531.928,966.969,508.825,797.586,207.290,721.864,205.546,556.268
531.708,966.806,508.850,797.603,207.456,721.932,205.937,556.966
531.946,966.925,508.908,797.574,207.193,722.004,205.967,556.980
531.986,967.028,508.819,797.561,207.213,721.692,205.316,556.372
531.953,967.076,508.871,797.589,207.228,721.715,206.314,556.900
531.873,966.872,509.170,797.076,207.237,721.913,205.910,556.915
532.000,966.951,508.862,797.665,207.448,721.925,206.106,556.685
531.860,966.917,508.907,797.408,207.542,721.968,205.843,556.532
531.764,966.751,508.707,797.750,207.354,721.816,206.094,556.889
531.889,966.922,508.863,797.690,207.214,721.862,206.122,556.933
531.948,966.856,508.802,797.579,207.340,721.917,205.576,556.597
531.933,966.931,508.617,797.757,207.255,721.929,206.053,557.018
531.857,966.851,508.732,797.530,207.260,721.474,206.327,557.303
531.979,966.841,508.671,797.537,207.185,721.679,205.384,556.433
531.884,966.977,508.713,797.405,207.320,721.854,206.245,557.045
532.185,966.999,508.770,797.412,207.210,721.684,206.246,557.003
532.166,967.043,508.749,797.577,207.078,721.614,205.166,556.009
532.061,966.994,508.678,797.593,207.353,721.921,205.440,556.680
531.947,966.905,508.777,797.442,207.186,721.898,206.045,557.164
532.007,967.010,508.726,797.551,207.030,721.671,205.298,556.760
531.930,966.848,508.685,797.598,207.222,721.991,205.430,556.791
531.822,966.897,508.845,797.637,207.253,721.957,205.777,557.186
532.036,967.053,508.793,797.665,207.319,721.868,205.182,556.815
531.915,966.979,508.734,797.696,207.284,721.813,205.203,556.536
531.746,966.827,508.728,797.574,207.290,721.894,205.447,556.594
531.667,966.829,508.829,797.511,207.317,721.924,205.191,556.243
532.141,967.140,508.627,797.785,207.370,721.911,205.532,556.697
532.011,966.885,508.565,797.950,207.450,722.101,205.662,556.938
531.821,966.918,508.693,797.580,207.428,721.857,205.177,556.535
531.748,966.926,508.546,797.686,207.351,721.883,205.276,556.568
531.892,967.034,508.574,797.804,207.326,721.872,205.359,556.636
532.049,967.109,508.574,797.757,207.420,721.878,205.143,556.281
531.785,966.955,508.706,797.652,207.234,721.728,205.325,556.370
531.980,967.022,508.662,797.501,207.207,721.632,205.303,556.505
531.664,966.933,508.794,797.419,207.508,721.813,205.648,556.931
531.807,966.793,508.944,797.174,207.468,722.029,205.232,556.232
531.908,966.863,508.889,797.410,207.551,722.093,205.629,556.995
532.070,966.873,508.783,797.493,207.388,721.930,206.139,557.575
532.080,967.024,508.771,797.688,207.469,721.988,206.107,557.149
532.076,967.102,508.760,797.701,207.543,722.034,205.391,556.532
532.157,967.135,508.832,797.586,207.496,722.059,205.511,556.628
531.803,966.789,508.732,797.601,207.290,721.575,205.652,556.755
532.108,966.996,508.755,797.637,207.314,721.860,205.428,556.436
532.086,967.020,509.153,797.025,207.243,721.653,205.561,556.630
532.073,967.052,509.103,797.058,207.295,721.733,205.723,556.915
531.826,966.834,508.838,797.555,207.906,723.628,205.969,557.495
531.896,966.941,508.895,797.609,207.313,721.761,205.117,556.496
531.742,966.764,508.799,797.543,207.813,723.281,205.490,556.578
531.760,966.726,508.873,797.389,207.397,722.048,205.404,556.581
532.000,966.822,508.882,797.269,207.134,721.675,205.144,555.867
531.862,966.807,509.044,796.889,207.949,723.599,205.784,556.233
531.802,966.822,508.819,797.248,207.879,723.602,205.527,556.240
531.635,966.812,508.878,797.084,207.453,722.009,205.243,555.396
531.742,966.790,508.888,797.262,207.247,721.750,205.752,556.269
531.674,966.787,508.920,797.181,207.403,721.963,205.815,556.452
531.893,966.793,508.866,797.362,207.479,721.859,205.367,555.752
531.629,966.536,509.029,797.069,207.477,721.727,206.092,556.334
531.588,966.552,508.689,797.540,207.652,721.881,205.811,556.295
531.668,966.812,508.871,797.334,208.076,723.908,205.699,556.011
531.608,966.717,508.851,797.398,207.472,721.929,205.410,555.710
531.683,966.616,508.850,797.689,207.895,723.720,205.854,556.439
532.035,966.942,508.810,797.657,207.395,721.342,205.556,555.727
531.841,966.812,508.917,797.293,207.420,721.761,206.097,555.965
531.865,966.818,508.800,797.721,207.346,721.627,205.761,556.104
531.990,966.983,508.862,797.473,207.403,721.853,205.737,556.629
531.958,966.844,508.687,797.834,207.880,722.290,205.318,556.166
531.870,966.740,508.741,797.810,207.488,721.800,205.789,556.232
532.157,966.961,508.862,797.569,207.602,722.072,205.871,556.596
531.978,966.707,508.717,797.618,207.744,722.193,205.731,556.495
531.667,966.707,508.847,797.418,207.526,721.805,205.683,556.366
531.762,966.740,508.758,797.474,207.594,721.989,205.845,556.511
531.948,966.798,508.665,797.710,207.667,721.861,205.905,557.220
532.020,966.818,508.662,797.773,207.464,721.412,205.554,556.634
531.731,966.695,508.744,797.608,207.154,721.343,205.321,556.281
531.848,966.767,508.769,797.493,207.595,721.930,205.918,556.637
531.898,966.787,508.803,797.593,207.634,721.970,205.871,556.618
532.058,966.914,508.700,797.526,207.685,721.944,205.571,556.534
531.826,966.826,508.632,797.547,207.605,721.922,205.351,556.316
532.087,967.066,508.939,797.351,207.524,721.828,205.379,556.801
532.111,967.090,508.749,797.705,208.078,723.752,205.977,557.430
531.867,966.906,508.708,797.856,207.995,723.717,206.626,557.872
531.898,967.013,508.718,797.852,208.088,723.860,206.756,558.067
531.688,966.716,508.762,797.811,208.018,723.927,207.733,558.690
531.767,966.834,508.750,797.701,207.563,722.139,208.353,559.426
531.901,966.971,509.053,797.355,207.567,721.978,208.799,560.323
531.795,966.725,508.869,797.701,207.322,721.741,208.638,560.302
531.974,966.912,508.901,797.635,207.694,721.917,208.397,560.105
531.745,966.730,508.703,797.677,207.456,721.916,208.310,560.508
531.856,966.655,508.734,797.592,207.482,721.905,209.306,561.584
531.532,966.577,508.900,797.196,207.573,721.957,208.828,560.678
531.530,966.542,509.018,797.032,207.746,722.133,209.053,560.889
531.763,966.737,508.801,797.501,207.445,721.779,210.784,563.063
531.807,966.784,508.912,797.281,207.515,722.076,210.682,563.083
531.870,966.786,509.041,797.376,207.446,721.837,210.737,563.047
531.729,966.834,508.870,797.370,207.454,721.721,210.597,562.889
531.870,966.932,508.706,797.323,207.474,721.997,209.031,560.888
531.792,966.843,508.679,797.549,207.416,721.721,208.770,560.570
531.763,966.913,508.833,797.520,207.595,721.995,208.738,560.555
531.921,967.130,508.857,797.542,207.474,721.955,209.138,561.070
532.299,967.177,508.795,797.559,207.204,721.253,209.376,561.233
531.903,966.703,508.676,797.673,207.595,721.980,209.727,561.515
532.061,966.927,508.701,797.525,207.375,721.877,209.849,561.589
531.899,966.797,508.628,798.028,207.542,721.861,209.647,561.486
532.088,967.017,508.670,798.049,207.521,721.965,209.709,561.558
531.883,966.824,508.785,797.707,207.555,722.154,209.794,561.361
532.076,966.915,508.667,797.800,207.604,721.970,209.821,561.419
532.160,967.015,508.851,797.651,207.783,722.139,209.949,561.888
532.142,966.991,508.879,797.542,207.772,722.141,209.894,561.701
532.180,966.995,508.743,797.649,207.790,722.085,210.097,562.249
532.084,966.832,508.866,797.488,207.585,721.955,211.592,564.631
531.959,966.814,508.967,797.403,207.338,721.563,210.165,562.893
531.825,966.734,508.781,797.749,207.597,721.765,209.828,562.957
531.815,966.825,508.994,797.346,207.091,721.462,211.676,564.928
531.872,966.928,509.065,797.234,207.395,721.576,212.127,565.290
531.769,966.846,509.130,797.109,207.296,721.525,212.233,565.195
531.945,966.782,508.891,797.429,207.482,721.808,213.551,565.317
531.798,966.811,509.025,797.133,208.069,723.582,213.310,565.352
531.870,966.986,508.766,797.433,207.611,721.861,214.397,565.699
531.890,966.871,508.736,797.456,207.700,721.972,214.316,565.168
531.584,966.884,508.661,797.864,207.333,721.741,214.580,565.148
531.799,966.993,508.674,797.694,207.449,721.838,214.924,565.463
531.860,966.948,508.738,797.443,207.316,721.687,214.970,565.954
531.720,966.817,508.803,797.414,207.431,721.769,214.736,565.179
531.960,967.051,508.708,797.558,207.390,721.790,214.795,564.903
531.897,967.021,508.707,797.741,207.458,721.860,214.481,565.504
531.769,966.878,508.644,797.692,207.407,721.825,215.210,565.096
531.859,967.055,508.862,797.388,207.363,721.715,215.255,565.622
531.727,966.983,508.834,797.340,207.397,721.945,215.459,565.757
531.746,967.060,508.600,797.789,207.446,721.901,215.473,565.703
531.829,966.991,508.762,797.752,207.428,721.399,215.581,565.897
531.886,967.121,508.795,797.522,207.511,721.963,215.399,565.302
532.011,967.139,508.818,797.527,207.501,721.927,215.711,566.006
532.028,967.171,508.786,797.541,207.515,721.952,215.794,566.316
532.008,967.112,508.791,797.507,207.391,721.858,215.627,566.150
531.919,966.927,508.766,797.670,207.376,721.646,215.945,566.290
531.883,966.832,508.852,797.614,207.449,721.719,216.065,566.118
531.994,966.944,508.829,797.757,207.648,722.096,217.265,566.960
531.828,966.774,508.808,797.893,207.676,722.067,217.599,567.557
532.096,966.875,508.837,797.745,207.638,722.198,217.562,567.181
532.052,966.804,508.765,797.687,207.298,721.718,216.051,566.996
532.071,966.831,508.751,797.678,207.387,721.814,215.625,566.578
532.124,966.927,508.725,797.563,207.549,721.966,215.760,567.559
532.008,966.665,508.713,797.737,207.438,721.745,215.976,567.237
531.919,966.708,508.868,797.310,207.479,721.705,216.535,566.445
531.989,966.818,508.863,797.561,207.447,721.692,216.906,566.758
532.155,967.021,508.769,797.427,207.372,721.415,216.124,566.726
531.902,966.847,508.679,797.465,207.406,721.927,216.583,567.053
531.979,966.912,508.907,797.267,207.413,721.923,216.394,566.562
532.044,966.970,508.754,797.621,207.433,721.952,216.467,567.042
532.147,966.978,508.767,797.538,207.348,721.667,216.321,568.145
532.057,967.075,508.762,797.715,207.396,721.803,216.194,568.702
531.498,966.657,508.881,797.717,207.776,723.593,216.615,568.547
531.808,966.983,508.778,797.822,207.436,721.654,216.667,568.700
531.923,967.144,508.770,797.733,207.515,721.775,216.489,569.212
531.803,966.969,508.685,798.041,207.410,721.972,216.636,569.110
531.935,967.140,508.750,797.887,207.455,721.974,216.523,569.591
531.821,967.042,508.605,797.880,207.512,721.963,216.245,568.094
531.853,967.006,508.687,797.764,207.486,721.867,215.923,567.710
531.830,967.000,509.177,797.095,207.365,721.836,215.898,568.506
531.617,966.814,509.049,797.180,207.666,721.997,216.091,567.965
532.007,967.024,508.701,797.649,207.635,721.947,215.777,567.857
531.809,967.012,508.801,797.758,207.664,722.005,216.150,569.515
531.872,966.874,508.742,797.749,207.606,721.967,216.433,569.532
531.964,966.880,508.890,797.347,207.587,721.728,216.279,569.245
532.292,966.959,508.755,797.666,207.445,721.670,216.348,570.077
531.730,966.944,508.905,797.494,207.530,722.152,215.904,568.193
531.784,966.966,508.772,797.505,207.530,722.054,215.727,568.191
531.827,967.044,508.940,797.592,207.409,721.987,216.525,569.886
531.753,966.961,508.803,797.827,207.314,722.017,216.350,569.605
531.786,966.744,508.790,797.537,207.362,721.843,216.274,569.572
531.829,966.917,508.745,797.740,207.298,721.856,216.068,569.811
531.949,967.091,508.883,797.557,207.378,721.986,215.411,568.363
532.171,967.218,508.900,797.717,207.355,722.086,215.749,568.065
531.907,966.826,508.906,797.692,207.429,721.778,216.138,569.855
531.834,966.818,508.843,797.521,207.888,723.721,216.239,569.561
531.890,966.933,508.807,797.467,207.412,721.838,216.175,569.955
532.083,966.806,508.843,797.459,207.832,723.637,216.123,569.842
531.977,966.891,508.784,797.542,207.976,723.997,216.510,569.954
532.047,967.121,508.732,797.817,208.072,724.087,215.816,569.345
531.844,966.969,508.657,797.863,208.044,724.239,215.884,569.677
531.907,966.882,508.690,797.835,208.149,724.218,215.672,568.036
531.587,966.730,508.761,797.772,208.117,723.961,216.363,570.051
531.832,967.022,508.794,797.565,208.058,724.105,216.054,569.673
531.988,967.140,508.848,797.552,207.967,724.013,215.884,568.684
531.743,966.923,508.855,797.592,207.649,722.054,216.167,570.295
531.759,966.911,509.055,797.394,207.413,721.729,216.039,570.026
531.675,966.851,508.970,797.661,207.725,722.188,216.242,569.607
531.713,966.853,509.028,797.410,207.633,722.216,216.308,569.339
532.146,966.921,509.015,797.319,207.534,721.997,216.262,569.918
531.922,966.735,508.679,797.726,207.562,722.163,216.403,570.037
531.734,966.619,508.629,797.804,207.187,721.721,216.122,570.229
532.096,967.005,508.894,797.471,207.325,721.997,215.890,570.065
532.175,967.084,508.909,797.555,207.529,722.215,216.067,569.848
532.059,966.866,508.960,797.545,207.366,722.053,216.153,569.544
532.053,966.877,508.882,797.475,207.420,722.114,215.904,570.085
532.107,967.036,508.955,797.511,207.439,722.090,215.578,569.693
532.129,967.014,508.736,797.845,207.249,721.987,215.701,569.111
532.035,966.859,509.023,797.353,207.239,721.682,215.763,568.959
531.933,966.812,508.776,797.401,207.289,721.755,215.768,568.859
531.749,966.917,508.681,797.759,207.354,721.755,215.722,569.867
531.844,966.927,508.679,797.861,207.052,721.479,215.759,570.179
531.808,966.841,508.737,798.036,207.248,721.745,216.099,569.990
531.950,966.935,508.839,797.743,207.298,721.648,215.924,569.006
531.620,966.645,508.870,797.462,207.547,722.079,215.319,569.631
531.921,966.781,508.788,797.538,207.217,721.710,215.135,569.177
532.147,967.050,508.779,797.757,207.398,721.815,215.172,568.938
531.937,966.919,508.794,797.672,207.215,721.698,215.290,569.533
531.919,966.946,508.789,797.713,207.157,721.702,214.372,569.938
532.046,967.015,508.861,797.730,207.061,721.551,214.818,570.210
532.109,967.010,508.744,797.759,207.303,721.925,215.469,569.702
531.912,966.866,508.892,797.562,207.301,721.762,215.492,568.929
532.029,966.886,508.972,797.645,207.348,721.978,215.705,569.854
531.663,966.840,508.728,797.920,207.243,721.738,216.143,570.064
531.865,966.896,508.837,797.640,207.214,721.879,215.722,570.463
531.858,966.760,508.893,797.741,207.327,721.787,215.854,570.712
531.725,966.807,508.741,797.946,207.626,722.070,215.992,571.015
532.156,966.845,508.847,797.512,207.414,721.992,215.004,570.676
531.951,966.859,508.781,797.786,207.346,721.946,214.706,570.952
531.824,966.809,508.904,797.487,207.532,722.196,214.936,570.851
531.765,966.867,508.963,797.623,207.537,722.290,215.222,570.452
531.729,966.832,508.943,797.409,207.356,721.883,215.234,570.741
531.679,966.778,508.908,797.416,207.329,721.949,214.855,570.260
531.728,966.728,508.908,797.492,207.426,722.177,215.122,570.574
531.361,966.735,508.942,797.420,207.186,722.006,214.726,570.523
531.036,966.656,508.964,797.537,207.020,721.877,214.865,570.618
530.978,966.685,508.767,797.651,207.220,721.833,214.844,570.368
531.510,966.888,508.705,797.634,207.259,721.784,214.779,570.438
531.334,966.911,508.917,797.484,207.349,721.819,214.688,570.373
531.715,967.167,508.894,797.607,207.577,722.211,214.297,570.317
531.603,967.031,508.875,797.739,207.475,722.225,214.766,570.493
531.420,966.912,508.792,797.576,207.461,722.096,214.666,570.300
531.464,966.870,508.851,797.692,207.439,722.124,214.560,570.284
531.625,966.729,509.136,797.433,207.406,721.836,214.818,570.516
531.539,966.642,509.044,797.525,207.420,721.834,214.882,570.567
531.392,966.751,508.727,797.616,207.531,722.012,215.165,570.878
531.382,966.873,508.846,797.761,207.597,722.209,214.658,570.761
531.518,966.878,508.938,797.415,207.657,722.273,214.573,570.376
531.499,966.752,508.830,797.703,207.533,722.059,214.662,570.307
531.967,966.921,508.709,797.734,207.381,721.820,215.171,570.536
531.470,966.708,508.729,797.746,207.437,721.942,214.882,570.363
531.650,967.003,508.844,797.717,207.549,722.090,215.130,570.182
531.864,966.937,508.847,797.693,207.557,722.004,214.837,570.431
531.826,966.986,508.746,797.762,207.473,721.893,214.886,570.366
531.905,967.053,508.822,797.556,207.437,721.916,215.059,570.659
531.950,967.035,508.728,797.698,207.473,721.816,214.888,570.267
531.711,966.862,508.708,797.895,207.532,721.864,214.348,570.282
531.786,966.913,508.683,797.968,207.667,722.043,214.242,570.186
531.932,966.913,508.617,798.044,207.581,721.906,214.269,570.085
531.803,966.945,508.827,797.541,207.529,721.810,214.169,570.311
531.950,967.008,508.753,797.657,207.406,721.883,214.937,570.354
531.833,966.932,508.755,797.706,207.354,722.000,215.206,570.714
531.735,966.971,508.806,797.545,207.454,721.987,214.973,570.570
531.920,966.965,508.815,797.535,207.379,721.394,214.688,570.561
531.915,966.930,508.778,797.710,207.614,722.012,214.720,570.448
531.447,966.665,508.806,797.641,207.671,722.064,214.873,570.749
531.343,966.632,508.789,797.891,207.205,721.701,214.927,570.526
531.563,966.812,508.851,797.899,207.341,721.617,214.385,570.514
531.549,966.859,508.829,797.626,207.534,721.931,214.523,570.303
531.473,966.724,508.742,797.767,207.576,721.993,215.072,570.751
531.870,966.984,508.693,797.978,207.467,721.875,215.362,570.687
531.501,966.877,508.798,797.835,207.549,721.952,215.156,570.635
531.819,967.085,508.772,797.869,207.564,721.950,215.012,570.615
531.622,966.870,508.648,797.869,207.497,721.996,215.192,570.755
531.516,966.736,508.892,797.635,207.414,721.777,215.301,570.616
531.679,966.973,508.793,797.693,207.598,722.015,214.842,570.285
531.801,966.864,508.781,797.589,207.420,721.962,215.041,570.484
531.632,966.759,508.737,797.847,207.739,722.233,215.015,570.917
531.830,966.971,508.884,797.637,207.482,721.935,215.094,570.689
531.962,967.203,508.784,797.757,207.554,721.570,215.246,570.946
531.638,966.796,508.991,797.710,207.432,721.999,215.418,570.878
531.659,966.964,508.907,797.562,207.622,722.133,215.251,570.650
531.691,966.990,508.826,797.866,207.461,721.857,215.307,570.652
531.744,966.815,508.927,797.464,207.442,721.936,215.394,570.390
531.690,966.747,508.761,797.673,207.491,722.005,215.857,570.851
531.717,966.800,508.670,798.027,207.428,721.997,215.818,570.821
531.902,966.987,508.832,797.672,207.511,721.971,215.585,571.256
531.938,966.995,508.803,797.736,207.500,721.922,216.083,572.084
532.235,967.096,508.751,797.779,207.708,722.076,216.116,572.175
531.968,966.938,508.796,797.642,207.655,722.108,216.642,572.254
531.590,966.807,508.807,797.674,207.418,721.882,216.258,572.146
531.645,966.824,508.780,797.704,207.868,723.797,215.938,571.594
531.744,966.999,508.858,797.634,207.750,723.796,216.110,572.117
531.824,966.917,508.829,797.950,207.982,723.644,216.869,571.635
531.746,966.790,508.709,798.034,207.935,723.524,216.661,571.429
531.732,967.071,508.801,797.720,207.601,721.935,216.241,571.380
531.761,967.071,508.803,797.846,207.591,722.083,216.392,571.495
531.793,966.898,508.837,797.842,207.576,721.555,216.388,571.270
531.803,966.816,508.988,797.743,207.589,721.670,216.440,571.317
531.766,967.023,508.914,797.725,207.519,721.976,216.257,571.339
531.775,966.919,508.912,797.730,207.543,722.060,216.201,571.227
531.832,966.978,508.816,797.915,207.401,721.857,216.302,571.427
531.864,966.929,508.846,798.061,207.478,721.949,216.098,571.375
532.025,966.979,508.861,797.934,207.510,721.791,216.169,571.431
531.952,966.905,508.887,797.958,207.269,721.483,216.266,571.227
531.776,966.933,508.747,797.963,207.444,721.694,215.663,571.063
531.705,966.943,508.764,797.718,207.298,721.654,216.046,571.065
531.520,966.760,508.864,797.807,207.344,721.662,215.628,571.202
531.530,966.821,508.771,797.894,207.437,721.629,215.774,570.967
531.521,966.786,508.771,797.876,207.321,721.777,215.640,571.042
531.853,966.837,508.775,797.751,207.583,721.944,215.375,570.949
531.842,966.922,508.802,797.790,207.413,721.778,215.308,570.938
531.907,966.928,508.876,797.767,207.420,721.719,215.387,570.889
531.894,966.968,508.842,797.867,207.374,721.698,215.552,570.885
531.706,966.961,508.756,797.790,207.348,721.729,215.823,571.054
531.753,967.079,508.710,797.924,207.377,721.146,215.806,571.117
531.758,967.080,508.763,798.052,207.403,721.834,215.725,571.057
531.888,967.144,508.737,798.211,207.551,721.875,215.680,571.054
531.809,967.025,508.692,798.123,207.466,721.870,215.971,571.116
531.877,966.947,508.893,797.641,207.567,722.055,215.777,571.176
531.776,966.849,509.021,797.577,207.536,721.956,215.744,571.207
531.886,966.984,508.972,797.674,207.418,721.821,215.854,571.236
531.837,966.950,508.952,797.827,207.349,721.938,215.970,571.237
531.656,966.954,509.007,797.494,207.397,721.717,215.812,571.103
531.948,967.102,508.950,797.659,207.416,721.720,215.852,571.200
531.820,966.952,508.832,797.633,207.612,721.934,216.231,571.113
531.720,966.874,508.921,797.790,207.587,722.045,215.992,571.286
531.902,967.131,508.916,797.703,207.730,722.278,215.738,571.600
532.108,967.244,508.910,797.429,207.497,721.936,215.699,571.135
531.892,966.968,508.772,797.903,207.763,722.087,215.513,571.033
531.850,966.916,508.870,797.960,207.793,722.031,215.947,571.243
532.153,967.072,508.951,797.556,207.543,721.839,216.060,571.269
531.922,967.074,508.757,797.828,207.623,721.972,216.391,571.099
531.950,967.109,508.669,798.048,207.667,722.019,216.001,571.053
531.636,966.897,508.754,797.959,207.668,722.046,216.176,571.551
532.089,967.270,508.757,797.895,207.466,721.977,215.980,571.136
532.015,967.104,508.777,797.853,207.484,721.832,215.529,571.296
531.794,967.057,508.794,797.826,207.865,722.300,215.685,571.069
531.886,967.207,508.838,797.859,207.440,722.052,215.668,571.071
531.843,967.021,508.824,797.907,207.212,721.789,215.712,571.309
531.817,967.095,508.745,797.877,207.287,721.969,215.534,570.908
531.822,967.063,508.791,797.918,207.387,721.813,215.418,571.039
531.788,966.986,508.681,797.942,207.555,721.925,215.713,571.056
531.908,967.106,508.860,797.814,207.442,721.897,215.693,571.214
531.785,967.071,508.747,798.113,207.473,721.764,215.932,571.390
531.847,967.061,508.661,798.201,207.454,722.063,215.823,571.092
531.498,966.902,508.705,797.822,207.477,721.974,215.703,571.280
531.901,967.028,508.660,797.979,207.414,721.819,215.663,571.422
531.893,966.930,508.692,797.822,207.533,721.945,215.988,571.132
531.848,966.882,509.012,797.413,207.325,721.768,216.017,571.104
531.741,966.920,508.908,797.423,207.327,721.795,215.426,571.197
531.699,966.932,508.754,797.727,207.450,721.716,215.934,571.868
531.656,966.936,508.803,797.917,207.376,721.688,216.224,571.392
531.417,966.867,508.789,798.005,207.198,721.488,216.154,571.546
531.167,966.728,508.775,797.847,207.285,721.708,215.983,571.554
530.928,966.753,508.787,797.668,207.476,722.254,216.447,571.506
531.070,966.788,508.815,797.739,207.520,722.053,216.600,571.124
531.253,966.818,508.807,797.708,207.438,721.798,216.864,571.888
531.220,966.910,508.867,797.661,207.320,721.992,216.537,571.740
531.095,967.113,508.905,797.761,207.441,722.189,216.709,571.627
531.153,967.438,508.839,797.775,207.341,721.823,216.653,571.784
531.170,967.315,509.005,797.764,207.423,721.889,219.597,575.238
531.467,967.645,508.757,797.908,207.552,722.221,216.120,572.072
531.284,967.438,508.760,797.932,207.310,721.798,216.190,571.783
531.274,967.226,508.742,797.865,207.233,721.557,216.620,571.641
531.233,967.315,508.758,797.841,207.302,721.713,216.114,571.426
530.920,967.180,508.941,797.789,207.217,721.569,216.281,571.791
531.145,967.219,508.756,798.135,207.288,721.449,218.046,573.392
531.063,967.197,509.072,797.522,207.083,721.462,217.865,572.603
531.063,967.351,508.867,797.811,207.257,721.902,218.767,573.353
531.101,967.261,509.087,797.659,207.535,722.005,221.488,575.062
531.231,967.321,508.824,797.964,207.483,721.863,218.445,572.613
531.342,967.369,508.896,797.775,207.411,721.814,217.575,572.110
531.315,967.362,508.566,797.949,207.372,721.990,217.319,572.018
531.265,967.343,508.931,797.628,207.436,722.000,217.370,572.314
531.185,967.107,508.704,798.019,207.406,721.898,216.926,571.583
531.322,967.350,508.750,797.891,207.426,721.859,216.458,571.566
531.205,967.173,508.805,798.054,207.418,721.891,215.973,571.461
531.170,967.121,508.644,798.268,207.339,721.733,215.760,571.240
531.226,967.013,508.758,797.942,207.349,721.719,215.234,570.998
531.224,967.087,508.865,797.652,207.316,721.856,215.239,571.363
531.210,967.053,508.943,797.548,207.456,721.987,214.922,571.300
531.110,966.873,508.882,797.852,207.474,721.955,215.370,571.186
531.261,966.892,508.860,797.742,207.245,721.743,215.221,571.034
531.442,967.057,508.701,797.824,207.421,721.915,215.311,571.158
531.268,966.983,508.779,797.796,207.436,721.888,215.337,571.016
531.508,967.078,508.823,797.648,207.233,721.988,215.167,570.649
531.460,966.970,508.841,797.603,207.420,722.010,215.320,571.023
531.416,967.052,508.772,797.973,207.605,722.077,215.674,570.913
531.223,966.922,508.694,798.049,207.341,721.975,215.799,570.673
531.242,966.885,508.679,797.973,207.238,722.021,215.756,570.440
531.376,967.056,508.658,798.074,207.216,721.901,215.702,570.647
531.210,966.953,508.685,797.873,207.178,721.620,215.951,570.718
531.197,966.934,508.704,797.955,207.284,721.917,216.043,570.737
531.282,967.035,508.763,797.764,207.900,723.794,215.484,570.686
531.446,966.814,508.874,797.639,207.401,721.382,215.517,570.560
531.366,966.978,508.948,797.606,207.924,724.017,215.700,570.995
531.256,966.941,508.810,797.896,207.345,721.678,215.509,571.227
531.329,967.020,508.960,797.841,207.309,721.763,215.236,571.070
531.475,967.101,508.962,797.625,207.357,721.845,215.400,570.973
531.412,966.949,509.173,797.252,207.258,721.281,215.663,570.872
531.168,966.830,508.896,797.688,207.458,721.690,215.752,571.287
531.197,966.943,508.828,797.960,207.367,721.594,215.415,571.038
531.381,966.852,508.811,797.912,207.466,721.815,215.307,570.996
531.329,966.817,508.834,798.119,207.381,721.708,215.302,571.152
531.427,966.948,508.834,797.901,207.270,721.409,215.276,571.315
531.406,966.921,508.790,797.932,207.232,721.628,215.333,571.655
531.311,966.851,509.020,797.716,207.289,721.776,215.248,571.778
531.219,966.777,508.968,797.823,207.302,721.561,215.376,571.847
531.327,966.922,508.755,797.996,207.585,721.888,215.928,572.373
531.397,966.958,508.936,797.668,207.394,721.834,215.480,571.477
531.410,967.058,509.004,797.610,207.463,722.053,215.402,571.600
531.478,967.171,508.883,797.673,207.442,721.852,215.608,571.509
531.305,967.001,508.848,797.688,207.520,721.861,215.727,571.903
531.309,966.916,508.849,797.585,207.414,721.989,215.415,571.608
531.162,966.915,508.937,797.421,207.399,721.960,215.508,572.114
531.103,966.857,508.940,797.656,207.363,721.890,215.490,572.153
531.191,967.001,508.867,797.932,207.413,722.086,215.593,571.795
531.569,967.066,508.869,797.816,207.517,722.070,215.723,571.662
531.292,966.876,508.811,797.959,207.504,722.002,215.715,571.542
531.478,966.853,509.171,797.435,207.384,721.483,215.765,571.571
531.454,967.019,508.934,797.768,207.473,721.815,215.531,571.541
531.369,966.961,508.803,797.592,207.395,721.821,215.791,571.795
531.390,966.922,509.107,797.322,207.419,722.008,215.630,571.429
531.322,966.896,508.960,797.581,207.483,721.448,215.596,571.674
531.361,966.908,508.978,797.632,207.417,721.754,215.404,571.572
531.293,966.888,508.947,797.565,207.439,721.837,215.500,571.701
531.323,967.004,508.786,797.894,207.353,721.622,215.288,571.698
531.312,967.026,508.771,798.048,207.362,721.227,215.514,571.824
531.285,966.845,508.913,797.879,207.355,721.656,215.757,571.838
531.420,966.948,509.054,797.670,207.425,721.559,215.826,572.060
531.275,966.874,509.085,797.495,207.229,721.696,215.604,571.851
531.294,966.991,508.938,797.815,207.294,721.671,215.730,571.886
531.595,967.079,508.891,797.756,207.206,721.853,215.620,571.439
531.566,967.134,508.920,797.726,207.277,721.916,215.421,571.493
531.604,967.092,508.840,797.855,207.388,722.153,215.491,571.442
531.702,967.296,508.811,797.977,207.560,722.275,215.663,571.686
531.379,966.998,508.772,798.061,207.409,721.944,215.661,571.726
531.599,967.067,508.713,798.129,207.499,722.088,215.649,571.710
531.380,967.079,508.734,798.063,207.276,721.741,215.624,571.892
531.355,967.054,508.885,797.801,207.168,721.546,215.635,571.759
531.421,967.006,508.884,798.000,207.311,722.145,215.665,571.807
531.516,967.123,508.797,798.084,207.371,722.012,215.839,571.536
531.398,967.042,508.818,798.027,207.098,721.671,215.808,571.508
531.315,966.981,508.816,797.960,207.305,721.858,215.415,572.056
531.190,966.984,508.794,797.973,207.301,721.763,215.181,571.977
531.206,966.947,508.858,797.913,207.543,721.920,215.496,571.822
531.455,967.021,508.936,797.756,207.481,721.961,216.262,571.983
531.213,966.960,508.879,797.867,207.546,721.884,216.454,572.160
531.575,967.347,508.809,797.931,207.226,721.771,216.670,571.999
531.546,967.332,508.868,797.906,207.341,721.943,216.779,572.150
531.158,966.962,508.882,797.735,207.366,721.767,216.096,571.330
531.383,967.115,508.885,797.833,207.325,721.776,215.703,571.151
531.508,967.158,508.879,797.811,207.342,721.992,215.656,571.162
531.392,967.096,508.814,797.700,207.362,721.991,215.682,571.190
531.564,967.115,508.823,797.860,207.250,721.940,215.627,571.462
531.313,967.025,508.805,797.771,207.320,721.989,215.896,571.651
531.507,967.137,508.774,797.905,207.406,721.914,215.564,571.629
531.268,966.975,508.733,797.977,207.651,721.991,215.660,571.680
531.693,967.107,508.820,797.915,207.400,721.383,215.609,571.843
531.452,967.172,508.760,797.847,207.279,721.968,215.636,571.725
531.441,967.230,508.809,797.837,207.385,722.013,215.736,571.820
531.599,967.168,509.171,797.397,207.344,721.946,215.759,572.255
531.618,967.191,509.199,797.446,207.309,721.880,215.656,572.120
531.644,967.037,508.797,797.681,207.272,721.720,215.771,572.111
531.527,966.915,508.759,797.916,207.466,722.150,215.725,572.081
531.411,967.113,508.849,797.722,207.353,721.990,215.561,572.115
531.517,967.176,508.846,797.902,207.539,722.297,215.818,572.362
531.695,967.381,509.007,797.421,207.549,722.022,215.959,572.383
531.636,967.187,508.683,798.124,207.395,721.793,215.747,572.321
531.552,966.965,508.943,797.689,207.571,722.046,215.845,572.185
531.570,967.073,508.790,797.943,207.487,721.989,215.804,571.998
531.553,967.090,509.094,797.702,207.352,721.814,215.794,572.221
531.641,967.249,509.030,797.733,207.410,722.079,215.740,572.033
531.632,967.112,508.988,797.667,207.629,722.093,215.690,572.055
531.538,967.084,509.008,797.522,208.258,724.052,215.257,572.030
531.502,967.184,509.010,797.658,208.096,723.923,215.150,571.959
531.647,967.180,508.929,797.933,207.571,721.943,215.555,572.122
531.613,967.107,508.839,797.874,207.514,722.030,215.442,572.086
531.518,967.088,508.775,798.147,207.631,722.057,215.404,571.991
531.462,966.995,508.743,798.034,207.586,721.969,215.238,571.911
531.555,967.029,508.773,797.865,207.732,722.039,215.693,572.215
531.505,967.194,508.910,797.764,207.575,721.865,215.721,572.062
531.483,967.091,508.860,797.814,207.649,721.995,215.364,572.032
531.647,967.273,508.844,797.761,207.586,721.982,215.479,572.080
531.643,967.288,508.856,797.924,207.592,722.135,215.221,571.692
531.482,967.005,508.841,797.993,207.639,722.122,215.226,571.934
531.594,967.102,508.884,798.072,207.437,721.801,214.912,571.456
531.517,967.056,508.873,797.939,207.261,721.381,215.352,571.598
531.423,967.061,508.756,798.037,207.381,721.439,215.278,571.582
531.475,967.170,508.768,798.124,207.519,722.023,215.483,571.911
531.578,967.207,508.853,797.813,207.457,721.933,216.946,573.206
531.476,967.099,508.751,798.056,207.642,722.119,217.950,574.254
531.465,967.085,508.767,798.130,207.826,722.225,217.150,573.216
531.643,967.275,508.772,798.183,207.297,721.778,217.790,574.055
531.650,967.279,508.824,797.861,207.375,721.835,217.550,573.876
531.588,967.159,508.771,798.108,207.931,723.664,217.715,573.556
531.818,967.329,508.827,798.184,207.884,723.757,217.547,573.866
531.478,967.100,508.777,798.042,207.277,721.765,217.570,574.309
531.400,967.152,508.817,797.927,207.318,721.794,217.641,574.200
531.586,967.099,508.963,797.645,207.444,722.002,217.912,574.759
531.468,967.130,508.821,798.096,207.270,721.817,217.642,574.400
531.307,967.019,508.866,798.041,207.161,721.696,217.800,574.620
531.305,966.973,508.717,797.901,207.422,721.895,218.047,574.409
531.556,967.242,508.813,797.729,207.313,721.773,217.968,574.618
531.267,967.026,508.730,797.906,207.542,722.018,217.916,574.841
531.573,967.086,508.798,798.086,207.439,721.982,217.705,574.451
531.620,967.244,508.723,797.801,207.470,721.846,217.916,574.014
531.676,967.204,508.655,798.151,207.751,722.108,217.893,574.270
531.615,967.197,508.734,797.900,207.483,722.189,217.681,574.307
531.816,967.460,508.791,797.849,207.473,722.034,217.602,574.220
531.628,967.276,508.720,797.999,207.494,721.661,217.339,574.315
531.695,967.176,508.781,797.802,207.412,721.759,217.374,574.249
531.313,966.809,508.638,797.853,207.400,721.761,217.332,574.007
531.590,967.163,508.702,797.894,207.387,721.788,217.156,574.167
531.705,967.222,508.593,798.052,207.394,721.784,217.162,574.368
531.798,967.269,508.916,797.463,207.203,721.646,217.308,574.456
531.612,967.235,508.887,797.525,207.463,721.846,217.426,574.650
531.785,967.380,508.878,797.439,207.566,721.991,217.022,574.262
531.644,967.215,508.983,797.465,207.426,721.724,217.139,574.469
531.664,967.280,508.760,797.837,207.596,721.972,217.192,574.330
531.632,967.246,508.686,797.790,207.422,721.904,217.130,574.232
531.493,967.206,508.772,797.723,207.271,721.684,217.337,574.094
531.642,967.255,509.048,797.330,207.298,721.833,217.324,574.194
531.683,967.139,508.797,797.736,207.481,721.867,217.392,573.940
531.729,967.098,508.774,797.693,207.576,721.928,217.385,574.466
531.733,967.278,508.626,797.830,207.447,722.017,217.342,573.912
531.605,967.061,508.945,797.670,207.422,722.007,217.080,573.423
531.622,967.046,508.836,797.687,207.437,721.998,217.220,573.372
531.679,967.086,508.787,797.749,207.473,722.077,217.070,573.938
531.741,967.261,508.858,797.771,207.458,722.107,217.070,574.103
531.554,966.874,508.744,797.816,207.473,721.965,216.740,573.925
531.584,966.758,508.793,797.748,207.510,722.033,217.023,573.590
531.653,966.910,508.714,797.688,207.329,721.954,216.869,573.337
531.676,967.006,508.676,797.763,207.458,722.053,216.867,573.523
531.618,966.947,508.625,798.032,207.428,721.895,216.482,573.716
531.523,966.937,508.562,797.959,207.412,721.843,216.749,573.642
531.491,967.004,508.678,797.876,207.209,721.163,216.366,574.628
531.627,967.103,508.646,798.018,207.401,721.901,216.266,575.197
531.676,967.112,508.535,798.001,207.509,721.877,216.498,575.406
531.569,966.860,508.733,797.845,207.525,722.012,216.296,574.547
531.489,966.906,508.639,798.135,207.373,721.594,216.429,574.486
531.502,966.940,508.797,797.657,207.151,721.944,216.413,574.250
531.463,966.894,508.751,797.635,207.428,721.635,216.285,574.098
531.493,967.022,508.793,797.729,207.557,722.103,216.486,574.557
531.485,966.961,508.608,797.957,207.418,722.015,216.465,574.565
531.567,967.154,508.683,797.894,207.235,721.763,216.077,574.477
531.610,967.222,508.782,797.715,207.353,721.929,216.114,574.786
531.477,967.088,508.582,797.926,207.263,721.808,216.106,574.543
531.553,967.092,508.563,797.961,207.164,721.568,216.148,574.349
531.578,966.966,508.572,798.022,207.802,722.534,216.392,574.172
531.551,966.906,508.809,797.588,207.537,722.163,216.493,574.533
531.592,967.094,508.771,797.833,207.399,722.080,216.648,574.142
531.716,967.128,508.787,798.015,207.565,722.111,216.655,574.322
531.637,967.274,508.655,798.084,207.484,722.061,216.456,575.750
531.328,966.882,508.709,797.758,207.576,722.143,217.522,573.935
531.427,966.926,508.730,797.847,207.540,722.141,217.964,573.621
531.534,966.996,508.754,797.840,207.302,721.664,219.411,573.532
531.653,967.081,508.793,797.610,207.507,721.970,220.614,573.849
531.429,967.027,508.814,798.208,207.568,722.100,220.874,574.428
531.413,967.030,508.666,798.003,207.437,721.836,222.825,575.908
531.654,967.113,508.697,797.886,207.279,722.043,222.604,575.418
531.569,967.140,508.719,797.978,207.255,721.896,222.549,575.257
531.421,966.959,508.600,797.994,207.374,721.934,222.866,575.398
531.529,966.938,508.675,798.029,207.352,721.970,222.688,575.331
531.532,966.970,508.627,797.991,207.394,721.885,222.858,575.442
531.544,966.812,508.704,797.776,207.293,721.663,223.077,575.459
531.455,966.753,509.109,797.284,207.294,721.741,223.064,574.912
531.550,966.936,508.791,797.600,207.209,721.910,223.256,575.821
531.554,967.042,508.802,797.600,207.290,721.815,223.035,575.883
531.610,966.984,508.755,797.609,207.329,721.801,223.099,575.475
531.401,966.927,508.665,797.968,207.212,721.734,223.297,575.537
531.573,966.785,508.706,798.049,207.113,721.613,223.258,575.325
531.441,966.805,509.015,797.278,207.173,721.908,223.365,575.454
531.443,966.943,508.839,797.814,207.238,721.840,223.641,575.868
531.403,966.875,508.840,797.617,207.131,721.654,223.516,575.681
531.374,966.795,508.734,797.799,207.075,721.666,223.237,575.984
531.317,966.867,508.805,797.715,207.204,721.851,222.744,576.056
531.608,966.847,508.712,797.903,207.133,721.739,222.640,576.323
531.555,966.945,508.690,798.192,207.377,721.951,222.664,576.403
531.560,966.884,508.737,798.200,207.198,721.753,222.319,576.443
531.267,966.760,508.909,797.750,207.162,721.659,221.989,576.309
531.421,966.922,508.675,798.054,207.125,721.749,222.014,576.416
531.428,967.007,508.671,798.005,207.409,722.110,221.972,576.699
531.602,966.967,508.677,797.975,207.187,722.000,221.852,576.583
531.472,966.865,508.635,798.060,207.356,722.056,221.734,577.136
531.528,966.746,508.621,797.915,207.260,721.367,221.672,577.223
531.435,966.843,508.797,798.133,207.480,722.146,221.854,577.105
531.406,966.798,508.668,798.120,207.334,722.047,221.665,576.910
531.479,967.102,508.503,797.778,207.483,722.111,221.665,576.779
531.568,967.282,508.639,797.774,207.294,721.937,221.744,577.096
531.466,967.050,508.612,797.616,207.610,722.270,221.826,577.003
531.373,966.880,508.752,797.905,207.677,722.236,222.054,576.792
531.555,967.003,508.730,797.889,207.617,722.192,222.215,576.895
531.704,967.039,508.749,797.735,207.444,721.813,221.646,576.997
531.618,966.866,508.792,797.660,207.512,722.118,221.514,577.294
531.247,966.703,508.756,797.795,207.632,722.281,221.159,577.247
531.617,966.974,508.737,798.027,207.488,722.217,221.019,577.743
531.488,966.917,508.725,797.974,207.266,721.821,221.319,577.831
531.267,966.732,508.678,798.046,207.212,721.783,221.200,577.928
531.570,966.977,508.741,797.886,207.275,721.910,220.880,578.427
531.177,966.843,508.831,797.882,207.430,722.014,220.783,578.087
531.089,966.855,508.728,797.982,207.271,722.027,220.471,578.527
531.304,967.040,508.646,798.108,207.476,722.024,221.032,578.589
531.203,966.987,508.679,798.128,207.259,722.073,219.914,578.672
531.249,966.957,508.727,798.086,207.339,721.938,220.369,579.230
531.339,966.899,508.776,797.941,207.432,721.913,219.804,579.079
531.601,966.814,508.788,797.874,207.339,722.080,220.257,578.636
531.455,966.858,508.753,798.032,207.306,721.996,220.068,578.726
531.376,967.031,508.653,797.883,207.193,721.669,220.504,578.667
531.778,967.062,508.776,797.734,207.268,721.865,220.244,578.498
531.509,967.148,508.798,797.652,207.290,721.835,219.658,577.899
531.471,966.987,508.890,797.674,207.291,721.861,219.561,577.589
531.175,966.798,508.733,797.907,207.284,721.831,219.300,577.773
531.482,966.990,508.768,797.605,207.231,721.800,219.379,577.704
531.472,967.038,508.678,797.944,207.368,721.934,219.505,577.711
531.212,966.912,508.711,797.827,207.182,721.716,219.240,577.338
531.511,966.948,508.861,797.816,207.399,721.874,219.380,576.894
531.550,966.864,508.718,797.805,207.344,721.780,220.196,576.989
531.509,966.861,508.701,797.936,207.348,721.837,220.845,577.258
531.594,966.969,508.835,797.816,207.530,722.203,220.768,577.541
531.657,967.041,508.866,797.662,207.519,722.146,220.714,577.082
531.500,966.821,508.619,797.666,207.393,721.723,221.031,576.787
531.493,966.856,508.682,797.745,207.668,721.994,221.474,576.676
531.517,966.907,508.789,797.784,207.392,721.724,221.400,576.550
531.660,966.974,508.705,797.667,207.470,721.906,221.570,576.500
531.349,966.834,508.782,797.817,207.400,721.985,221.033,576.580
531.194,966.751,508.774,797.645,207.374,721.844,220.834,576.615
531.468,966.798,508.769,797.735,207.171,721.733,220.629,576.643
531.637,967.069,508.720,797.735,207.169,721.613,220.173,576.722
531.662,967.078,508.794,797.857,207.265,721.940,220.155,576.349
531.377,966.753,508.831,797.555,207.565,722.328,220.005,576.749
531.436,966.774,508.821,797.476,207.273,721.982,219.513,577.037
531.698,967.155,508.850,797.686,207.242,721.779,219.722,577.371
531.655,966.991,508.773,797.678,207.264,721.790,219.133,577.462
531.445,966.875,508.663,798.041,207.309,721.746,219.241,577.429
531.382,966.837,508.712,797.917,207.315,721.305,219.330,577.231
531.311,966.853,508.757,797.958,207.295,721.965,219.032,577.182
531.328,966.936,508.701,797.962,207.272,721.872,219.018,576.710
531.383,967.156,508.733,797.857,207.298,722.118,219.537,575.665
531.387,967.023,508.764,797.690,207.374,722.161,219.852,575.679
531.263,966.901,508.914,797.562,207.328,722.021,215.976,573.348
531.317,967.059,508.861,797.594,207.293,722.072,216.172,572.754
531.447,967.038,509.013,797.354,207.496,722.027,220.010,575.003
531.506,966.879,508.763,797.743,207.300,721.637,219.416,574.627
531.435,966.811,509.058,797.438,207.293,721.758,218.280,574.184
531.729,966.928,509.067,797.240,207.253,721.354,219.150,574.564
531.628,966.938,508.817,797.617,207.372,721.846,219.152,574.731
531.575,967.065,508.793,797.646,207.168,721.771,219.158,574.904
531.726,967.143,508.846,797.620,207.242,721.947,219.170,575.113
531.400,966.898,508.622,798.079,207.212,721.918,219.062,574.874
531.582,966.984,508.733,797.824,207.230,721.782,219.154,574.919
531.394,966.942,508.863,797.806,207.558,722.087,217.603,574.228
531.417,966.941,508.776,797.916,207.465,722.039,217.897,574.513
531.648,967.114,508.726,797.880,207.238,722.122,217.492,574.223
531.249,966.825,508.698,797.713,207.277,722.160,217.929,574.296
531.652,967.200,508.787,798.238,207.201,721.934,216.453,573.327
531.624,967.067,508.724,798.079,207.294,721.970,217.277,573.203
531.497,966.978,508.728,798.063,207.406,721.974,217.338,573.506
531.513,966.976,508.763,797.759,207.378,721.988,217.441,573.558
531.409,966.917,508.789,797.924,207.275,721.938,217.578,573.502
531.133,966.676,508.653,798.045,207.172,721.537,219.496,574.591
531.539,966.855,508.774,797.969,207.337,722.095,219.109,574.521
531.597,967.051,508.767,797.607,207.207,721.364,219.153,574.392
531.552,967.119,508.696,797.814,207.297,721.962,219.399,574.409
531.512,967.019,508.709,798.056,207.201,721.697,217.544,573.494
531.631,967.096,508.672,797.930,207.268,722.050,217.504,573.942
531.583,967.078,508.806,797.776,207.190,721.660,215.662,572.646
531.428,967.153,508.833,797.678,207.424,722.164,217.099,573.468
531.394,966.951,508.737,797.774,207.490,721.579,216.292,572.797
531.363,967.077,508.739,797.810,207.396,722.011,215.790,572.713
531.378,967.074,508.754,797.958,207.437,721.982,216.154,572.688
531.340,967.060,508.587,797.865,207.508,722.130,215.622,572.682
531.439,967.213,508.715,797.747,207.367,721.984,215.952,572.561
531.389,967.109,508.675,797.703,207.422,721.822,216.359,572.538
531.419,966.999,508.649,797.676,207.426,721.767,217.423,573.392
531.356,966.989,508.635,797.823,207.346,721.961,217.345,573.010
531.201,966.927,508.544,797.957,207.400,721.823,217.266,572.967
531.342,967.088,508.654,798.052,207.260,721.515,218.822,573.830
531.372,967.001,508.673,797.947,207.312,721.632,218.761,573.720
531.424,967.128,508.637,798.115,207.611,722.142,215.807,572.450
531.411,966.903,508.614,798.213,207.681,721.962,215.496,572.490
531.549,967.012,508.547,798.232,207.556,722.143,215.582,572.330
531.378,966.944,508.676,798.068,207.478,722.080,216.281,572.419
531.460,967.081,508.587,798.120,207.516,722.182,216.568,572.746
531.359,967.135,508.671,798.139,207.580,722.021,215.885,572.340
531.247,967.021,508.619,798.068,207.418,722.062,216.213,572.401
531.385,967.086,508.668,798.121,207.465,722.180,216.672,572.619
531.404,967.087,508.744,797.937,207.484,722.169,216.693,572.576
531.426,966.895,508.757,797.930,207.682,722.210,216.116,572.425
531.689,967.156,508.730,797.921,207.517,722.030,215.877,572.372
531.711,967.133,508.626,797.985,207.397,722.027,216.534,572.373
531.483,967.035,508.617,798.059,207.485,722.058,216.007,572.189
531.626,967.131,508.929,797.504,207.540,722.060,217.951,573.482
531.572,967.250,508.999,797.562,207.350,721.836,218.515,573.559
531.717,967.304,508.927,797.777,207.330,721.878,218.139,573.453
531.579,967.152,508.829,797.780,207.591,721.723,217.804,573.477
531.699,967.354,508.864,797.725,207.448,722.075,218.442,573.620
531.799,967.274,508.755,797.885,207.633,722.061,218.193,573.338
531.653,967.106,508.952,797.660,207.494,721.963,217.411,573.296
531.419,966.999,508.655,798.075,207.456,722.034,218.493,573.618
531.453,967.042,508.636,798.036,207.426,721.937,217.437,573.309
531.594,966.945,508.674,798.117,207.409,722.044,218.833,573.804
531.526,966.863,508.716,797.994,207.489,722.129,219.554,573.800
531.638,967.008,508.782,797.903,207.432,722.139,219.378,573.688
531.530,966.970,508.639,798.179,207.380,722.062,218.012,573.489
531.480,966.935,508.676,797.831,207.395,722.070,219.231,573.852
531.393,966.938,508.756,797.894,207.480,722.322,217.412,572.569
531.362,966.782,508.634,797.892,207.598,722.482,217.165,572.697
531.317,966.871,509.103,797.296,207.530,722.146,216.426,572.226
531.505,966.967,508.983,797.348,207.574,722.201,218.385,573.201
531.613,966.948,508.818,797.789,207.602,722.055,216.667,572.331
531.499,966.849,508.825,797.703,207.549,722.066,217.969,573.183
531.522,966.932,508.828,797.741,207.556,722.010,218.679,573.331
531.192,966.901,508.987,797.462,207.466,722.080,218.435,573.170
531.449,967.088,508.840,797.776,207.382,721.954,218.264,573.346
531.523,967.056,508.934,797.561,207.460,722.033,217.926,573.311
531.491,966.982,508.765,797.969,207.458,722.061,217.927,573.148
531.406,966.918,508.851,797.700,207.582,722.318,218.409,573.444
531.558,967.076,508.678,797.895,207.764,722.455,219.409,573.452
531.492,967.025,508.761,797.705,207.298,721.855,218.498,573.437
531.466,967.038,508.945,797.695,207.453,722.096,219.283,573.884
531.647,967.079,508.772,797.890,207.671,722.252,219.558,573.169
531.610,966.977,508.855,797.886,207.652,722.239,219.675,573.302
531.134,966.876,508.769,797.679,207.403,721.896,219.329,573.937
531.171,966.790,508.701,797.878,207.345,721.853,219.176,573.743
531.445,966.819,508.889,797.765,207.700,721.996,218.880,573.611
531.222,966.748,508.764,797.953,207.425,721.957,218.694,573.440
531.319,966.753,508.701,798.095,207.574,721.937,218.333,573.126
531.481,966.851,508.685,798.153,207.561,721.567,218.135,573.194
531.659,966.883,508.755,798.044,207.474,721.991,217.691,572.815
531.545,966.823,508.861,797.848,207.443,721.890,216.390,572.013
531.368,966.884,508.763,797.984,207.437,721.952,218.386,573.225
531.603,966.910,508.683,798.102,207.341,722.104,218.221,573.103
531.677,967.082,508.816,797.801,207.345,721.860,219.573,573.626
531.633,967.003,508.660,797.865,207.455,721.916,219.137,573.606
531.688,967.237,508.736,797.699,207.595,722.165,219.030,573.526
531.515,967.068,508.749,797.780,207.575,722.270,219.564,573.660
531.462,966.940,508.770,797.825,207.444,722.033,219.942,574.153
531.635,967.205,508.794,797.902,207.443,722.194,219.881,573.732
531.566,967.114,508.763,797.925,207.362,722.078,218.526,573.139
531.571,967.122,508.657,798.105,207.428,722.027,218.823,573.573
531.588,967.121,508.743,798.192,207.678,722.201,217.233,572.734
531.819,967.077,508.736,798.015,207.431,722.081,218.867,573.644
531.698,966.905,508.664,798.144,207.473,722.133,219.011,573.810
531.626,966.846,508.697,798.090,207.388,721.932,218.823,573.528
531.478,967.001,508.809,797.948,207.400,722.182,218.486,573.109
531.366,966.981,508.686,798.110,207.246,721.598,219.070,573.482
531.452,967.046,508.714,798.220,207.489,721.911,218.941,573.594
531.569,967.074,508.766,798.073,207.481,721.927,218.796,573.668
531.501,967.039,508.730,798.066,207.403,722.086,218.406,573.049
531.431,967.028,508.753,797.979,207.621,722.142,218.861,573.279
531.504,966.906,508.798,797.832,207.485,721.999,219.222,573.659
531.240,966.848,508.680,798.065,207.642,722.006,218.252,572.932
531.365,966.847,508.881,797.740,207.351,721.952,218.275,572.838
531.492,966.998,508.688,797.838,207.277,721.626,219.169,573.594
531.358,966.946,508.818,797.991,207.360,722.104,218.433,573.219
531.357,966.897,508.626,798.014,207.463,722.220,218.141,572.995
531.590,967.003,508.736,797.968,207.416,722.169,217.575,572.418
531.589,967.113,508.746,797.968,207.428,722.034,216.465,571.672
531.482,966.902,508.695,797.971,207.374,721.830,219.411,572.831
531.498,967.110,508.563,798.265,207.352,722.006,220.084,573.309
531.533,967.038,508.628,798.100,207.408,721.957,219.881,573.584
531.679,967.004,508.605,798.198,207.455,722.048,219.482,573.419
531.507,967.005,508.647,798.063,207.496,722.178,219.666,573.085
531.593,966.901,508.670,798.023,207.410,721.904,219.022,573.117
531.751,966.987,508.750,797.815,207.347,721.969,219.188,573.297
531.504,967.193,508.594,798.287,207.341,721.975,218.757,572.652
531.455,967.028,508.625,797.884,207.300,722.027,219.018,573.187
531.291,966.882,508.701,798.188,207.233,721.730,217.703,572.152
531.314,966.889,508.746,797.864,207.337,721.938,218.874,572.880
531.506,966.773,508.754,798.125,207.441,721.985,217.314,571.828
531.362,966.890,508.599,797.896,207.493,722.077,217.496,572.118
531.597,966.925,508.539,797.886,207.367,721.984,216.785,571.702
531.446,966.743,508.465,797.976,207.397,722.116,216.612,571.209
531.416,966.972,508.499,797.803,207.279,721.888,216.586,571.646
531.303,966.710,508.661,797.448,207.331,721.914,216.732,572.041
531.571,966.938,508.660,797.529,207.362,721.964,216.230,571.507
531.453,966.951,508.580,798.162,207.324,721.999,216.988,571.643
531.474,966.887,508.581,797.674,207.382,722.051,217.768,571.819
531.281,966.721,508.627,797.961,207.511,722.142,217.575,571.443
531.403,966.925,508.508,797.944,207.453,722.042,218.556,572.373
531.753,967.144,508.583,797.812,207.357,721.981,218.648,573.103
531.698,967.102,508.580,797.779,207.276,721.764,217.785,572.139
531.717,967.098,508.807,797.726,207.217,722.010,218.200,572.748
531.562,967.012,508.897,797.269,207.427,722.164,216.473,571.899
531.400,966.929,508.653,797.743,207.278,722.109,216.026,571.215
531.421,966.919,508.612,798.184,207.551,722.360,218.329,572.464
531.559,967.083,508.633,797.874,207.245,721.911,216.735,571.736
531.650,967.051,508.789,797.911,207.298,721.890,217.766,572.411
531.555,967.056,508.735,797.812,207.267,721.915,216.295,571.281
531.446,966.963,508.807,797.723,207.373,722.186,216.941,571.787
531.528,966.857,508.832,797.675,207.510,722.141,216.519,571.327
531.762,967.093,508.822,798.006,207.341,722.157,219.094,572.749
531.682,967.049,508.788,797.762,207.335,722.072,218.736,572.625
531.805,967.127,508.865,797.821,207.339,722.107,218.687,572.626
531.641,967.147,508.906,797.918,207.396,722.122,218.912,572.869
531.541,967.114,508.937,797.661,207.485,722.048,217.713,572.395
531.630,966.935,508.910,797.844,207.475,721.922,217.885,572.321
531.465,966.941,509.028,797.374,207.259,721.819,217.836,572.388
531.491,967.017,509.013,797.589,207.388,721.937,218.402,572.666
531.473,967.048,509.054,797.337,207.414,722.110,218.522,572.668
531.624,966.947,508.797,798.106,207.262,722.065,218.399,572.670
531.535,966.964,508.861,797.726,207.217,721.842,218.643,572.920
531.829,967.175,509.016,797.839,207.295,721.890,218.866,573.039
531.758,967.173,508.877,797.876,207.425,722.052,218.630,573.049
531.579,967.150,508.780,797.716,207.224,721.884,218.448,572.057
531.645,967.212,508.797,797.844,207.345,722.064,218.783,572.237
531.686,967.216,508.834,797.942,207.235,721.904,218.623,572.722
531.672,967.116,508.841,797.994,207.177,721.909,217.942,572.444
531.479,967.006,508.720,797.985,207.228,721.630,218.698,572.850
531.471,967.162,508.728,797.880,207.209,721.357,218.566,572.887
531.628,966.963,509.000,797.424,207.591,722.418,218.140,572.523
531.425,967.121,508.667,798.151,207.297,722.018,218.710,572.966
531.440,967.029,508.752,798.013,207.229,721.993,219.028,572.917
531.451,967.076,508.791,797.840,207.074,721.913,219.288,572.708
531.459,966.983,508.757,797.987,207.336,722.028,219.127,572.653
531.457,967.067,508.958,797.841,207.258,722.073,219.110,572.553
531.507,967.019,508.890,797.692,207.272,721.924,218.815,572.596
531.691,967.044,508.878,797.776,207.140,721.918,218.926,572.438
531.750,967.144,508.889,797.951,207.257,722.029,218.332,572.250
531.627,967.065,508.740,798.007,207.349,722.093,218.414,572.574
531.632,967.149,508.841,798.007,207.415,722.215,219.132,572.464
531.414,967.095,508.843,797.941,207.282,722.156,218.827,572.650
531.489,967.047,508.864,797.758,207.422,722.389,218.713,572.035
531.619,967.066,508.721,797.882,207.283,722.255,217.169,571.503
531.920,967.285,508.909,797.869,207.396,722.263,216.948,571.440
531.629,967.186,508.987,797.760,207.329,722.110,217.101,571.700
531.779,967.147,509.004,797.573,207.422,722.280,217.188,571.674
531.721,967.075,508.976,797.736,207.177,721.423,217.319,571.555
531.637,967.014,508.868,797.982,207.511,722.172,219.135,572.893
531.425,967.012,508.819,797.993,207.257,721.504,219.330,572.741
531.350,966.868,508.910,797.847,207.440,722.115,219.559,572.958
531.653,967.094,508.903,797.732,207.375,722.167,219.595,572.976
531.471,966.975,508.906,797.950,207.450,722.146,220.303,573.608
531.713,967.190,508.878,797.778,207.455,722.293,220.631,574.475
531.546,967.210,508.803,797.859,207.385,722.095,220.772,574.320
531.375,966.940,508.841,798.078,207.353,722.021,221.017,574.247
531.316,966.900,509.081,797.246,207.361,722.005,220.923,574.311
531.338,966.803,508.897,797.903,207.550,722.312,220.782,574.327
531.344,966.716,508.833,798.036,207.378,722.173,220.749,574.762
531.476,967.266,508.871,798.054,207.202,721.672,220.833,574.844
531.492,967.107,508.934,797.915,207.098,721.694,220.827,574.841
531.410,966.989,508.915,797.778,207.097,721.805,220.741,574.733
531.455,966.899,508.889,797.892,207.273,722.073,220.703,574.664
531.553,967.159,508.845,797.989,207.305,721.947,220.726,574.648
531.269,966.839,508.715,798.069,207.312,721.949,220.810,574.640
531.476,967.106,508.875,797.904,207.170,721.957,220.753,574.478
531.388,967.134,508.768,798.019,207.256,722.029,220.703,574.407
531.419,967.091,508.705,798.170,207.206,721.880,220.754,574.051
531.288,967.014,508.723,797.942,207.430,722.066,220.796,574.274
531.327,967.140,508.872,797.982,207.468,722.216,220.645,573.937
531.653,967.013,508.872,797.904,207.680,722.494,220.552,574.266
531.490,967.022,508.869,797.906,207.625,722.456,220.597,574.239
531.246,966.817,508.700,797.858,207.422,722.236,220.609,574.190
531.493,967.007,508.715,797.985,207.409,722.037,220.658,573.738
531.512,966.944,508.936,797.701,207.431,722.013,220.605,573.619
531.287,966.840,508.836,797.836,207.557,722.214,220.833,573.581
531.543,966.926,508.786,797.985,207.623,722.401,220.772,574.417
531.594,967.007,508.971,797.951,207.624,722.368,220.253,574.059
531.427,966.952,508.910,798.136,207.685,722.611,220.311,574.215
531.467,966.892,508.916,797.812,207.513,722.393,220.408,574.119
531.190,966.873,508.887,797.904,207.402,722.250,220.350,574.153
531.194,966.851,508.844,797.770,207.575,722.451,220.293,573.990
531.451,967.101,508.714,798.283,207.865,724.208,220.267,573.673
531.725,967.187,508.839,798.072,207.908,724.195,220.148,573.112
531.545,967.073,508.682,798.080,207.897,724.156,220.067,573.047
531.366,966.955,508.844,798.134,207.698,723.791,220.131,572.084
531.390,966.898,508.828,798.157,207.154,722.119,219.970,571.159
531.286,966.743,508.841,797.798,207.280,722.190,220.102,571.709
531.466,966.861,508.787,797.873,207.215,721.963,220.084,571.515
531.456,966.897,508.789,798.061,207.361,722.291,220.193,570.933
531.697,967.117,508.812,798.073,207.349,722.068,220.127,570.724
531.556,967.098,508.721,798.139,207.465,722.253,220.096,570.485
531.659,966.959,508.804,797.959,207.413,722.218,219.927,569.253
531.426,966.920,508.943,797.790,207.576,722.348,219.637,568.234
531.515,967.129,508.853,798.065,207.412,722.219,219.912,569.414
531.285,967.171,508.802,797.905,207.484,722.174,219.676,568.662
531.313,967.099,508.854,798.094,207.307,721.924,219.540,567.833
531.330,966.992,508.834,797.954,207.501,722.136,219.456,567.855
531.629,967.102,508.930,797.747,207.261,722.057,219.476,567.626
531.346,966.913,508.896,798.261,207.317,721.924,219.348,567.038
531.578,967.054,508.878,797.872,207.692,722.364,219.249,567.108
531.486,967.119,508.883,798.119,207.479,721.982,219.135,567.329
531.334,966.849,508.818,798.135,207.427,721.681,219.047,566.698
531.497,966.973,508.793,798.076,207.439,722.108,219.179,567.049
531.568,967.041,508.887,798.147,207.712,722.319,219.208,566.508
531.552,967.002,509.004,798.077,207.795,722.459,219.023,566.636
531.618,966.947,508.802,798.197,207.452,721.949,218.920,566.862
531.660,967.106,508.951,798.115,207.406,722.041,218.863,566.448
531.655,967.131,508.855,798.382,207.358,722.316,218.750,566.713
531.631,967.005,508.735,798.076,207.824,724.171,218.669,566.472
531.429,966.962,508.788,797.894,207.923,724.199,218.428,566.003
531.701,967.121,508.947,797.782,207.785,722.567,218.236,565.435
531.482,966.993,508.815,797.784,207.510,722.444,218.673,565.993
531.622,967.002,508.849,798.080,207.202,722.074,218.673,565.491
531.679,966.961,508.912,797.750,207.398,722.332,218.095,565.287
531.533,966.914,508.930,798.054,207.523,722.196,218.566,566.782
531.710,966.860,508.895,797.870,207.543,722.233,218.285,565.904
531.383,966.869,508.852,798.035,207.381,721.940,218.246,565.664
531.440,966.864,508.819,797.952,207.511,722.125,218.326,565.666
531.281,966.877,508.896,798.111,207.500,722.092,218.483,565.002
531.670,967.199,508.953,798.081,207.431,721.979,218.398,564.470
531.416,966.974,508.788,798.128,207.754,722.549,218.020,563.630
531.553,966.921,508.896,797.883,207.489,722.122,218.341,564.313
531.807,967.165,508.893,797.864,207.502,722.073,218.094,563.737
531.713,967.247,508.869,798.041,207.424,721.865,217.966,563.825
531.606,967.008,508.912,797.924,207.719,722.352,217.498,561.781
531.366,966.932,508.792,798.000,207.245,722.038,218.275,565.228
531.593,966.937,508.783,797.973,207.252,722.070,217.896,564.394
531.446,966.787,509.065,797.772,207.584,722.168,217.853,563.914
531.323,966.750,508.888,797.990,207.278,721.984,217.706,563.255
531.456,966.779,508.934,797.874,207.623,721.952,218.261,564.228
531.438,966.815,508.930,797.956,207.570,722.344,218.205,564.140
531.472,966.970,508.846,798.009,207.429,722.262,217.828,562.824
531.262,966.805,508.878,797.948,207.545,722.137,217.792,563.127
531.296,966.956,508.815,798.349,207.249,721.738,217.505,563.479
531.431,967.092,508.777,798.144,207.991,724.115,217.502,562.894
531.538,967.100,508.828,798.212,207.621,722.161,217.388,562.770
531.355,966.808,508.835,798.177,207.540,722.195,217.572,563.339
531.351,966.822,508.932,797.929,207.499,722.309,217.423,562.844
531.212,966.703,508.936,797.811,207.521,722.124,217.634,562.801
531.412,966.824,508.829,797.878,207.379,722.225,217.602,563.362
531.649,967.270,508.874,798.014,207.416,722.220,217.588,563.179
531.481,966.848,508.810,798.103,207.640,722.360,217.488,562.943
531.499,966.866,508.859,798.033,207.483,722.065,217.637,562.523
531.367,966.785,509.002,797.982,207.473,722.144,217.603,562.516
531.457,966.954,508.867,797.997,207.637,722.505,217.412,561.457
531.273,966.820,508.960,797.953,207.480,722.316,217.568,562.085
531.331,966.946,508.881,798.091,207.482,722.342,217.408,562.432
531.632,967.019,508.815,798.130,207.314,721.845,217.438,561.771
531.776,967.035,508.901,798.203,207.188,721.770,217.282,561.965
531.504,967.063,508.976,797.939,207.263,721.740,217.227,561.809
531.514,966.928,508.981,797.940,207.374,722.028,217.022,561.156
531.454,966.939,508.884,797.987,207.219,722.077,216.869,560.734
531.432,966.894,508.895,798.045,207.438,722.216,216.910,560.992
531.384,966.696,508.950,798.158,207.472,722.288,216.871,560.911
531.612,966.941,508.933,797.969,207.446,722.112,217.185,561.187
531.766,967.221,508.786,798.164,207.398,721.992,217.157,561.103
531.590,966.924,508.783,798.152,207.515,722.099,217.060,560.765
531.611,967.084,508.789,797.825,207.430,722.035,216.913,560.754
531.490,967.015,509.010,797.758,207.556,722.120,217.040,561.278
531.444,966.787,508.864,798.287,207.436,722.318,217.014,560.647
531.543,966.931,508.857,798.353,207.762,722.498,217.129,561.119
531.441,966.862,508.881,798.200,207.789,722.506,216.740,560.239
531.521,966.939,508.865,798.197,207.554,722.229,216.671,560.749
531.326,966.825,508.946,798.166,207.572,722.198,216.645,560.463
531.424,966.945,509.041,798.012,207.411,722.079,216.643,560.570
531.386,966.917,508.949,798.071,207.418,722.167,214.383,558.408
531.670,967.038,508.948,798.092,207.506,722.247,216.776,560.359
531.430,966.779,508.984,797.998,207.482,722.211,216.769,560.965
531.251,966.799,508.866,798.212,207.427,722.170,217.012,560.941
531.338,966.914,508.995,798.114,207.548,722.126,214.667,559.401
531.417,966.924,508.938,798.051,207.499,722.264,214.535,558.196
531.614,967.012,508.773,798.207,207.490,722.154,214.468,558.444
531.555,966.961,508.865,798.056,207.579,722.361,214.298,557.911
531.414,966.982,508.812,798.106,207.480,722.262,214.354,558.565
531.505,967.071,508.803,797.992,207.537,722.378,214.385,558.761
531.454,966.997,508.957,798.038,207.456,722.327,216.945,560.346
531.379,967.022,508.962,798.150,207.292,722.101,214.551,558.077
531.397,966.929,508.919,798.264,207.595,722.262,214.194,557.799
531.592,966.953,508.904,798.258,207.643,722.345,214.216,557.871
531.595,967.064,508.800,798.304,207.346,722.194,216.705,559.597
531.599,967.113,508.845,798.396,207.180,721.857,216.632,559.741
531.384,967.059,508.932,798.129,207.253,722.046,214.287,557.623
531.404,967.004,508.903,798.281,207.234,722.033,214.433,558.417
531.310,966.986,508.856,798.182,207.403,721.822,216.744,559.469
531.270,966.958,508.754,798.292,207.295,722.196,214.305,557.269
531.194,966.878,509.020,797.895,207.307,722.020,214.244,557.939
531.261,966.766,508.816,798.075,207.321,722.039,214.203,557.200
531.269,966.836,508.874,798.090,207.257,721.951,214.305,557.562
531.600,967.022,508.862,798.150,207.379,722.229,214.599,557.718
531.452,966.866,508.821,798.083,207.456,722.299,214.617,557.922
531.513,966.999,508.878,798.107,207.526,722.315,214.430,557.613
531.423,966.962,508.900,798.004,207.645,722.367,216.644,559.343
531.062,966.797,509.044,798.044,207.570,722.279,216.620,559.430
531.099,966.735,509.001,797.946,207.547,722.408,216.601,559.014
531.705,967.093,509.021,798.019,207.387,722.137,214.409,558.458
531.604,966.917,508.994,797.945,207.436,721.939,214.541,557.717
531.696,967.079,508.999,797.856,207.155,721.786,216.953,560.438
531.531,966.989,508.900,798.187,207.184,721.367,217.257,561.144
531.506,967.133,509.011,797.855,206.953,721.948,217.318,561.645
531.593,967.196,508.953,798.081,207.535,722.350,217.860,562.208
531.520,967.074,509.045,797.886,207.524,722.290,217.932,562.256
531.598,967.099,508.843,797.869,207.380,722.340,218.444,562.910
531.478,966.974,508.785,798.141,207.343,722.255,218.580,563.022
531.490,967.103,508.951,797.971,207.285,721.979,219.258,563.626
531.615,967.145,508.888,798.121,207.296,722.047,220.324,564.972
531.746,967.210,508.926,798.160,207.163,722.063,220.501,565.617
531.732,967.098,508.960,797.792,207.518,722.427,220.740,565.847
531.529,967.083,508.945,798.065,207.183,722.049,220.790,566.021
531.535,967.051,508.946,797.968,207.370,722.041,220.686,566.200
531.732,967.260,508.986,797.796,207.436,722.200,220.640,566.206
531.465,966.994,509.054,797.973,207.505,722.290,221.007,566.751
531.672,967.234,509.018,798.013,207.625,722.278,220.377,566.228
531.600,966.896,508.973,798.181,207.377,721.947,219.925,565.689
531.571,967.083,508.896,798.094,207.470,722.016,220.072,565.694
531.619,967.195,508.804,798.271,207.457,722.009,219.263,565.528
531.817,967.313,508.842,798.025,207.440,721.765,218.897,565.515
531.628,966.992,508.878,798.214,207.408,722.295,219.255,565.940
531.473,967.028,508.856,797.985,207.196,721.691,219.391,565.929
531.546,967.118,508.856,798.277,207.348,722.344,219.693,566.409
531.719,967.207,508.868,798.317,207.308,722.255,219.678,566.266
531.609,966.997,508.928,798.078,207.350,722.336,219.611,566.304
531.574,967.101,508.914,798.082,207.373,722.332,219.699,566.815
531.500,967.049,508.985,798.137,207.438,722.249,219.183,566.310
531.480,966.995,508.941,797.863,207.388,722.033,219.256,566.247
531.525,967.102,509.231,797.881,207.152,722.015,219.736,566.284
531.476,967.100,508.870,798.144,207.406,722.153,219.252,566.105
531.622,967.044,509.009,797.935,207.438,722.146,219.367,566.156
531.661,966.962,508.919,798.057,207.451,722.337,219.293,566.593
531.521,966.986,508.896,798.013,207.363,722.224,219.374,566.437
531.199,967.057,508.951,797.944,207.502,722.353,219.845,566.555
531.384,967.064,508.961,797.920,207.567,722.370,219.690,566.554
531.470,967.057,508.940,798.177,207.407,722.041,219.887,566.361
531.493,967.102,508.972,798.154,207.216,721.913,219.541,565.388
531.565,966.937,508.969,798.021,207.487,722.279,220.045,566.205
531.653,966.982,509.024,797.986,207.515,722.317,219.639,565.891
531.382,966.886,508.879,798.142,207.325,722.402,219.311,565.287
531.672,967.111,508.978,798.141,207.503,722.422,219.536,565.776
531.444,967.015,508.898,798.141,207.230,721.837,219.401,565.978
531.600,967.052,509.053,797.778,207.532,722.450,219.365,565.352
531.741,967.246,508.927,797.898,207.452,722.305,219.482,565.924
531.729,966.938,508.903,797.952,207.255,722.242,219.052,565.217
531.503,966.825,509.027,797.837,207.303,722.099,219.156,565.661
531.770,967.132,508.889,798.232,207.218,722.062,218.916,565.034
531.608,967.001,508.930,797.973,207.127,722.050,218.875,564.844
531.560,967.133,508.841,797.893,207.175,722.096,219.328,564.806
531.493,967.114,508.814,797.934,207.106,722.150,219.193,564.709
531.416,967.023,508.749,798.357,207.215,721.707,219.031,564.565
531.412,967.067,508.784,798.110,207.198,722.199,218.949,564.570
531.721,967.283,509.054,797.670,207.203,722.064,219.560,565.349
531.575,967.135,508.970,797.987,207.263,721.872,219.591,565.319
531.702,967.067,509.124,797.528,207.243,722.122,219.051,564.396
531.622,967.012,508.912,797.999,207.334,722.203,219.211,564.564
531.892,967.242,509.469,797.302,207.446,722.448,218.875,564.208
531.577,967.037,509.010,797.921,207.495,722.224,219.520,565.185
531.711,967.075,509.184,797.607,207.570,722.241,219.192,564.885
531.490,966.973,509.022,797.996,207.430,721.649,219.668,564.701
531.456,966.810,509.106,797.875,207.381,722.029,219.630,565.115
531.595,967.009,508.983,797.932,207.307,722.071,219.641,564.863
531.461,967.113,509.065,797.982,207.242,721.939,220.031,565.290
531.577,967.313,509.008,798.091,207.138,721.781,219.127,564.238
531.464,967.021,509.021,798.248,207.144,721.735,219.118,564.145
531.505,966.994,508.952,798.036,207.319,722.134,219.703,563.908
531.715,967.144,508.894,798.112,207.388,722.049,219.795,564.744
531.776,967.036,508.890,798.021,207.300,722.058,219.604,563.847
531.608,967.013,509.083,797.729,207.221,722.077,219.952,564.970
531.590,967.066,509.059,797.977,207.416,722.234,219.585,564.232
531.571,966.956,508.880,797.883,207.423,722.173,218.825,563.797
531.573,966.985,508.944,797.960,207.705,722.417,219.718,564.186
531.638,967.094,508.960,797.656,207.451,722.208,219.817,564.236
531.780,967.146,508.925,797.976,207.756,722.417,219.963,564.330
531.556,967.038,508.970,797.943,207.418,722.207,219.830,564.588
531.435,966.917,508.883,797.942,207.444,722.214,219.978,564.219
531.591,966.843,508.884,798.059,207.388,722.340,219.865,564.435
531.516,966.965,508.957,798.061,207.236,722.133,219.998,564.400
531.623,967.046,508.957,798.002,207.398,722.134,220.257,564.542
531.616,967.141,508.896,798.080,207.253,722.246,220.396,564.857
531.609,967.033,508.985,797.715,207.434,721.865,220.656,565.090
531.394,966.789,508.963,798.086,207.278,722.089,220.014,564.716
531.367,966.751,508.890,798.159,207.118,721.816,220.890,565.307
531.458,966.827,508.924,798.099,207.385,722.138,221.276,565.710
531.529,966.835,508.984,798.016,207.508,722.341,220.553,565.565
531.435,967.021,508.971,798.107,207.191,721.815,220.939,565.148
531.364,966.761,508.924,797.925,207.381,722.116,221.034,565.357
531.643,966.878,508.943,798.076,207.245,721.845,220.371,564.860
531.557,966.854,508.986,797.906,207.255,721.924,220.810,565.644
531.261,966.882,508.906,797.869,207.375,722.069,220.766,565.228
531.438,967.014,508.877,798.029,207.418,722.200,220.648,565.117
531.570,967.122,509.004,798.013,207.385,721.970,220.474,565.401
531.437,966.811,508.943,797.936,207.295,721.969,220.999,565.464
531.302,966.791,508.901,797.929,207.418,722.059,220.771,565.092
531.422,966.731,508.900,798.080,208.089,724.113,220.374,565.160
531.379,966.882,508.777,798.249,208.077,724.249,220.441,564.810
531.374,967.001,508.926,798.202,207.312,722.072,220.561,565.170
531.207,966.931,508.966,798.066,207.190,721.922,220.205,564.913
531.429,967.032,508.852,798.025,207.336,722.013,220.457,565.185
531.666,967.130,508.779,798.195,207.365,722.198,220.747,565.228
531.580,966.966,508.830,798.084,207.418,722.115,220.272,564.856
531.639,967.130,508.881,798.072,207.352,721.690,221.129,565.240
531.577,967.140,508.979,798.079,207.263,721.618,221.523,565.858
531.455,966.974,508.987,798.029,207.330,722.186,220.254,564.661
531.567,967.058,509.025,797.982,207.495,722.371,221.088,565.498
531.517,966.809,508.979,798.071,207.546,722.493,220.735,565.311
531.528,966.756,508.962,798.087,207.310,722.198,220.799,565.422
531.620,967.069,508.999,797.891,207.294,722.118,220.708,565.702
531.478,966.944,508.993,798.043,207.277,722.140,221.197,565.857
531.504,967.072,508.937,798.127,207.415,722.126,220.300,564.947
531.301,966.979,508.906,798.164,207.288,721.961,220.399,565.453
531.470,966.871,508.934,798.042,207.087,721.937,221.052,565.524
531.455,966.911,509.006,798.026,207.311,722.090,220.575,564.808
531.456,967.111,508.896,798.058,207.224,721.928,219.873,564.756
531.397,966.847,509.011,797.886,207.315,722.011,220.623,564.836
531.548,966.871,508.956,798.165,207.584,721.887,220.727,564.755
531.673,966.963,509.006,797.835,207.651,722.078,219.902,564.219
531.521,966.956,509.052,797.862,207.539,722.170,219.617,564.230
531.711,967.094,508.936,798.092,207.309,722.080,220.129,565.052
531.298,966.837,508.905,798.125,207.347,722.235,220.382,564.691
531.319,966.894,509.007,797.873,207.368,722.159,218.791,563.435
531.474,966.906,508.985,797.903,207.321,722.170,219.414,563.980
531.065,966.673,508.889,798.114,207.505,722.119,219.430,563.625
531.280,966.849,509.005,798.014,207.545,722.026,218.651,563.631
531.455,966.943,508.904,798.216,207.302,721.931,219.664,564.338
531.164,966.794,508.937,798.232,207.394,722.014,219.582,564.064
530.988,967.007,508.764,798.263,207.375,722.116,219.204,563.589
530.899,966.968,508.747,798.287,207.355,722.083,219.645,564.140
530.891,966.994,508.876,798.141,207.568,722.157,219.755,564.113
530.835,967.155,508.843,798.090,207.664,722.269,219.879,564.189
530.810,967.588,509.167,797.670,207.285,722.006,217.216,561.889
530.468,967.848,508.864,798.195,207.587,722.318,216.959,561.777
530.539,968.281,508.858,798.348,207.441,722.256,219.088,563.682
530.768,968.805,508.891,798.039,207.511,722.362,219.182,563.570
531.110,968.872,508.843,798.180,207.479,722.181,219.304,563.478
530.912,968.831,508.807,798.261,207.438,722.088,219.123,563.326
531.046,968.730,508.926,798.189,207.284,721.985,219.070,563.127
531.387,968.530,508.933,798.176,207.522,722.095,219.566,563.342
530.843,968.248,508.862,797.887,207.456,721.656,219.139,563.099
531.041,968.068,508.806,798.140,207.609,722.224,219.426,563.219
531.101,968.094,508.879,798.142,207.514,722.001,219.446,563.146
530.888,968.011,508.891,798.144,207.392,721.744,219.444,563.233
531.016,968.077,508.846,798.045,207.614,722.378,219.238,562.867
531.183,968.033,508.863,798.011,207.684,722.437,219.868,563.557
531.232,968.103,508.944,798.016,207.563,722.192,218.976,562.910
530.917,967.793,508.830,798.026,207.441,722.023,219.553,563.115
531.233,967.976,508.944,798.018,207.517,722.314,219.514,563.273
531.071,967.893,508.890,798.191,207.500,722.013,218.941,562.935
530.859,967.898,508.859,798.071,207.452,722.072,219.417,563.204
531.100,967.892,509.120,797.752,207.364,721.995,219.726,563.568
531.302,968.005,508.883,798.164,207.553,722.126,219.159,562.948
531.343,967.862,508.979,797.970,207.431,722.057,219.837,563.312
531.118,967.958,508.976,797.979,207.585,722.167,218.850,562.900
531.090,967.986,508.868,797.918,207.517,721.859,219.238,563.044
531.008,967.871,508.870,798.068,207.600,722.268,219.187,562.796
531.334,967.999,508.916,798.002,207.511,722.276,219.131,562.901
530.898,967.761,509.006,797.865,207.476,722.266,219.136,563.213
531.141,967.892,508.805,798.010,207.794,722.397,219.592,563.277
530.987,967.851,508.946,798.045,207.417,722.121,218.927,562.701
530.907,967.829,508.864,798.293,207.425,722.189,219.336,562.975
530.877,967.862,508.808,798.181,207.316,722.015,219.453,563.151
531.186,968.013,508.923,798.052,207.492,722.127,218.898,562.852
531.222,967.966,508.930,798.026,207.619,722.370,219.762,563.209
531.216,967.994,508.965,797.640,207.447,722.220,220.058,563.744
531.168,967.988,508.849,797.976,207.332,722.192,219.593,563.322
531.313,967.924,509.011,797.924,207.735,722.594,219.389,562.987
531.142,967.805,508.861,798.192,207.756,722.607,220.020,563.408
531.088,967.965,508.809,798.345,207.629,722.386,219.844,563.167
530.954,967.882,508.882,798.043,207.535,722.261,219.183,562.906
531.383,968.137,508.889,798.098,207.498,722.244,219.223,563.111
531.063,968.029,509.026,798.050,207.553,722.157,219.241,563.004
531.357,968.169,508.998,798.025,207.422,721.914,219.477,563.494
531.216,968.066,508.995,797.770,207.451,721.513,219.212,562.883
531.268,967.974,508.938,797.886,207.475,722.088,219.355,563.046
531.270,968.009,508.907,797.778,207.323,722.054,219.237,563.013
531.123,967.956,508.722,797.902,207.533,721.749,219.718,563.371
531.320,968.097,508.843,797.917,207.588,722.179,219.485,563.044
531.101,967.969,508.937,797.814,207.567,722.119,219.905,563.544
531.187,968.113,509.002,797.703,207.509,722.197,219.572,563.037
531.585,968.385,508.791,797.848,207.592,722.319,219.377,562.882
531.365,968.332,508.773,797.772,207.246,722.187,219.331,562.977
531.383,968.087,508.687,798.058,207.466,722.315,218.856,562.820
531.234,968.164,508.587,798.369,207.450,722.218,220.038,563.709
531.358,968.081,508.756,797.686,207.496,722.163,219.137,562.869
531.358,968.162,508.862,798.074,207.594,722.270,219.842,562.847
531.337,968.251,508.856,797.914,207.556,722.216,219.740,562.821
531.306,968.267,508.898,797.874,207.622,722.245,219.263,562.584
531.214,967.993,508.908,797.941,207.414,722.087,219.713,563.357
531.582,968.167,508.924,797.793,207.671,722.235,219.732,563.306
531.559,968.111,508.879,797.578,207.407,722.209,219.370,562.843
531.239,967.975,508.868,797.799,207.484,722.045,218.606,562.869
531.236,968.183,508.921,797.591,207.338,722.249,219.100,562.767
531.300,968.132,508.856,797.814,207.430,722.370,219.596,562.692
531.124,967.913,508.881,797.688,207.459,721.870,219.038,562.448
531.397,968.079,508.920,797.414,207.265,721.546,219.408,562.636
531.469,968.123,508.907,797.631,208.124,724.196,219.074,562.282
531.440,968.096,508.864,797.898,208.083,723.986,219.360,562.118
531.288,968.059,508.840,797.889,207.903,723.913,219.253,562.496
531.120,968.079,508.807,797.864,207.291,722.098,218.178,561.230
531.086,968.060,508.882,797.627,207.245,722.036,218.760,562.417
531.204,968.040,508.981,797.715,207.367,722.232,218.772,561.579
531.133,968.001,508.854,797.986,207.328,722.262,218.529,561.766
531.336,968.276,508.949,797.490,207.324,722.189,219.034,562.380
531.439,968.323,508.910,797.792,207.347,722.050,218.578,561.801
531.288,968.077,508.920,797.905,207.527,722.306,217.672,561.097
531.362,968.094,508.941,797.861,207.438,721.919,218.531,562.631
531.201,968.015,509.035,797.735,207.367,722.197,218.747,562.174
531.239,967.977,508.935,797.910,207.487,722.223,218.021,561.346
531.245,967.970,508.864,798.121,207.341,721.968,217.699,561.999
531.400,967.907,508.875,797.985,207.320,721.821,218.290,562.106
531.360,968.015,508.870,797.858,207.250,721.999,219.004,562.281
531.506,968.368,508.856,798.067,207.140,721.493,218.427,562.461
531.419,968.144,508.810,797.922,207.291,721.450,218.370,562.508
531.049,967.848,508.827,798.008,207.401,721.965,218.689,562.742
531.401,968.062,508.884,798.077,207.410,721.970,218.093,562.889
531.202,967.890,508.833,798.153,207.237,721.904,218.489,562.686
531.415,968.078,508.850,797.944,207.526,722.253,219.400,563.407
531.042,968.024,508.814,798.072,207.373,721.901,219.090,562.723
531.294,968.189,508.901,797.947,207.475,722.046,219.035,562.800
530.920,967.741,508.853,798.039,207.476,722.527,219.250,562.826
531.210,967.975,508.862,797.829,207.549,722.607,218.996,562.705
531.189,967.922,509.036,797.725,207.501,721.882,218.894,562.866
531.191,967.909,509.043,797.665,207.514,722.347,218.992,562.865
531.145,968.004,508.994,797.808,207.417,722.295,218.868,562.815
530.993,967.768,508.952,797.672,207.573,722.387,219.059,562.721
531.149,967.873,508.870,797.729,207.341,722.184,218.763,562.603
531.108,967.920,508.988,797.663,207.687,722.399,218.819,562.586
531.192,967.946,508.987,797.634,207.434,722.257,218.956,562.440
531.100,967.881,509.017,797.419,207.451,722.359,218.988,562.675
531.288,968.023,508.936,797.320,207.468,722.560,218.896,562.279
531.332,968.036,508.960,797.548,207.372,722.262,219.267,562.968
531.325,968.022,509.000,797.608,207.556,722.320,218.827,562.345
531.256,968.061,509.052,797.551,207.307,722.074,216.469,560.185
531.280,968.058,509.084,797.594,207.440,722.230,217.887,561.466
531.349,968.044,508.870,797.624,207.402,722.263,218.215,562.847
531.063,968.311,508.791,798.250,207.148,722.040,219.259,562.875
530.957,967.802,508.828,797.906,207.183,721.701,218.221,562.573
531.054,967.981,508.909,797.833,207.303,722.336,218.823,562.559
531.047,967.942,509.001,797.713,207.306,722.235,218.717,562.668
530.934,967.737,508.885,797.945,207.070,722.048,218.849,562.897
531.076,967.997,508.939,797.731,207.033,722.005,218.919,562.890
531.038,968.057,508.707,798.154,207.334,722.304,218.270,562.072
530.947,967.808,508.813,797.785,207.344,722.213,218.330,562.448
531.072,968.044,508.883,797.765,207.229,721.934,218.746,562.099
531.224,967.984,508.769,797.786,207.282,722.053,217.954,561.338
531.359,968.120,508.798,798.005,207.545,722.267,218.376,562.298
531.193,967.980,508.819,797.899,207.200,722.150,218.864,561.865
531.152,967.987,508.946,797.762,207.313,721.914,217.936,561.634
531.308,968.116,508.958,797.690,207.348,722.086,218.672,561.894
531.307,967.849,508.960,797.765,207.254,722.039,217.699,561.072
531.095,967.979,508.918,797.800,207.349,722.143,217.853,561.987
531.227,967.890,509.010,797.609,207.330,722.107,218.416,562.091
531.166,967.969,508.805,797.689,207.357,722.060,218.460,561.782
531.173,967.956,508.820,797.835,207.280,722.063,217.861,561.406
531.022,967.822,508.874,797.770,207.405,722.158,218.411,562.815
531.112,967.826,508.803,797.607,207.354,722.067,218.772,563.082
531.108,967.781,508.846,797.950,207.449,722.109,219.216,563.379
531.202,967.805,508.945,797.977,207.542,722.321,218.199,562.461
531.199,967.903,508.913,797.497,207.754,722.499,218.544,562.419
531.072,967.853,508.863,797.719,207.642,722.285,218.876,561.882
530.831,967.771,509.002,797.695,207.485,722.226,218.991,562.135
530.971,968.039,508.936,797.610,207.468,722.143,218.860,562.756
531.188,967.990,508.779,797.597,207.642,722.393,219.051,562.922
531.183,968.012,508.861,797.837,207.420,722.242,217.142,561.342
531.089,968.042,508.851,797.808,207.349,722.176,216.251,560.211
530.974,967.797,508.833,797.841,207.269,722.085,219.368,563.016
530.796,967.754,508.939,797.695,207.348,722.086,219.752,563.359
531.188,967.968,508.719,798.007,207.408,722.100,218.851,562.239
531.094,967.887,508.852,797.807,207.500,722.267,219.140,562.608
531.050,967.779,508.921,797.659,207.376,722.050,219.117,562.751
530.987,967.764,508.774,798.015,207.534,722.356,219.220,562.017
530.940,967.689,508.901,797.533,207.055,722.097,219.198,562.386
531.011,967.838,508.842,797.870,207.127,722.053,219.482,563.012
530.995,967.760,508.859,797.642,207.361,721.958,219.167,562.749
531.153,967.904,508.996,797.714,207.237,721.813,219.286,562.689
530.951,967.786,508.951,797.678,207.370,721.941,219.403,563.429
530.891,967.897,508.566,798.126,207.445,722.087,219.020,563.277
530.996,968.021,508.764,797.889,207.454,722.087,219.300,562.322
530.930,967.793,508.813,797.880,207.631,722.310,219.603,563.303
531.026,967.725,508.999,797.658,207.715,722.404,219.181,562.574
530.986,967.749,508.786,798.017,207.658,722.329,219.322,562.275
531.059,967.801,508.706,798.285,207.517,722.300,219.300,562.904
531.127,967.766,508.789,798.056,207.558,721.987,219.007,562.547
531.130,967.843,508.774,797.995,207.511,721.869,218.484,562.478
531.104,967.820,508.824,797.956,207.648,722.272,218.890,562.707
531.167,967.807,508.884,797.875,207.667,722.317,219.183,562.915
531.256,968.049,508.833,797.939,207.640,722.213,218.585,562.101
531.246,968.046,508.894,797.626,207.520,722.171,218.777,562.611
531.304,968.080,508.953,797.639,207.396,722.055,218.558,562.595
531.243,968.027,508.949,797.656,207.528,722.177,218.722,562.338
531.109,967.852,509.043,797.691,207.623,722.261,218.610,562.173
531.089,968.117,508.874,797.714,207.467,721.721,218.688,562.107
531.132,967.951,509.000,797.765,207.521,722.149,218.768,562.183
530.912,967.919,508.843,797.757,207.511,722.139,219.292,562.671
530.945,968.129,508.846,797.946,207.522,722.085,218.944,562.619
531.101,967.838,508.837,797.874,207.431,722.159,218.742,562.318
530.983,967.575,508.884,797.905,207.662,722.313,218.980,562.536
531.160,968.009,508.887,797.869,207.528,722.031,218.949,562.505
531.075,967.935,508.794,797.978,207.495,722.242,219.166,562.473
531.040,967.903,508.997,797.740,207.462,722.168,218.350,562.349
531.230,967.948,508.773,797.948,207.492,722.102,218.659,562.344
531.103,967.855,508.848,797.699,207.513,722.087,218.815,562.401
531.094,967.991,508.793,797.870,207.598,722.239,218.917,562.514
531.190,967.946,508.810,797.872,207.616,722.387,218.737,562.398
531.252,968.021,508.742,797.958,207.708,722.384,219.079,562.714
531.218,967.971,508.806,797.993,207.775,722.520,219.006,562.563
531.099,967.848,508.721,798.231,207.566,722.237,218.915,562.745
531.147,967.839,508.699,798.147,207.428,721.531,219.311,562.821
531.136,967.974,508.776,798.076,207.537,721.907,218.893,562.477
531.107,967.945,508.766,798.132,207.465,721.706,218.827,562.438
531.222,968.017,508.866,797.951,207.663,722.328,218.870,562.577
531.151,968.016,508.799,797.990,207.501,721.750,219.131,562.589
531.345,967.917,508.862,797.755,207.684,722.273,218.628,562.417
531.360,967.960,508.889,797.673,207.669,722.153,218.955,562.353
531.229,967.746,508.918,797.625,207.609,722.336,219.003,562.336
531.104,967.963,508.888,797.884,207.540,722.138,219.221,562.476
531.267,967.958,508.899,797.833,207.521,722.063,219.061,562.409
531.246,968.111,508.926,797.728,207.429,721.419,219.033,562.449
531.229,968.075,508.991,797.722,207.543,722.089,219.114,562.377
531.025,967.790,509.004,797.696,207.521,722.217,218.768,562.363
531.031,967.816,508.958,797.779,207.524,722.059,218.778,562.312
531.127,968.173,508.793,797.787,207.390,722.088,218.987,562.144
531.033,968.081,508.869,797.834,207.298,721.923,219.059,562.348
531.130,967.963,508.831,797.908,207.166,721.825,219.256,562.421
531.132,967.944,508.910,797.747,207.419,722.045,219.150,562.503
531.140,968.032,508.904,797.804,207.874,723.832,219.050,562.458
531.114,967.958,508.833,797.930,207.381,722.071,218.266,562.454
531.052,968.061,508.899,797.968,207.387,721.973,218.373,562.604
531.066,968.015,508.906,797.924,207.552,722.222,218.162,562.656
531.107,968.057,508.834,797.930,207.531,722.397,218.320,562.624
531.075,967.886,509.044,797.565,207.587,722.383,218.955,562.912
531.027,967.907,509.028,797.409,207.520,722.206,218.886,563.206
531.225,967.937,508.668,797.910,207.331,721.991,218.702,563.312
531.216,967.939,508.943,797.682,207.250,721.850,218.533,562.857
531.081,968.005,508.671,798.056,207.358,721.886,218.288,562.848
531.223,968.157,508.827,797.783,207.406,721.984,218.293,562.762
531.227,968.054,508.937,797.531,207.300,721.993,218.155,562.651
531.188,968.120,508.843,797.597,207.347,722.143,218.069,562.545
531.288,967.950,508.792,797.799,207.445,722.046,218.429,562.777
531.206,968.061,508.681,798.038,207.523,722.069,218.276,562.701
531.125,967.823,508.841,797.750,207.451,722.078,217.973,562.528
531.011,967.816,508.817,798.181,207.495,722.160,217.934,562.831
531.021,967.793,508.857,797.889,207.471,722.230,217.872,562.684
531.335,968.123,508.851,797.778,207.423,722.171,217.902,562.443
531.089,967.955,508.790,797.924,207.304,722.211,218.179,562.900
530.978,967.935,508.753,797.834,207.368,722.031,217.854,562.452
531.002,967.910,508.701,797.882,207.352,722.152,217.996,562.560
531.032,967.941,508.845,797.905,207.248,721.763,217.963,562.919
530.988,967.943,508.743,797.918,207.296,721.992,218.184,562.766
531.387,968.083,508.874,797.826,207.418,722.084,218.123,562.936
531.263,968.039,508.782,797.659,207.366,722.016,217.905,563.008
531.421,968.167,508.920,797.674,207.396,722.036,218.234,562.827
531.183,968.130,508.960,797.922,207.392,721.840,217.952,562.636
531.058,968.107,508.921,797.783,207.479,722.277,218.054,562.552
531.316,968.222,508.892,798.035,207.424,722.187,217.832,562.770
531.348,968.107,508.891,797.867,207.371,721.818,217.640,562.866
531.157,967.849,508.678,798.259,207.487,722.339,217.941,563.015
531.147,967.909,508.802,798.015,207.355,722.196,218.329,563.036
531.084,968.047,508.815,798.041,207.272,722.104,218.244,563.168
531.249,968.006,508.752,798.067,207.467,722.226,218.412,563.355
531.336,968.141,508.738,797.980,207.391,722.198,218.742,563.176
531.204,968.044,508.824,797.836,207.331,722.152,218.521,562.984
530.933,967.762,508.789,797.783,207.629,721.968,219.066,564.305
531.236,968.061,508.814,797.832,207.615,722.226,218.656,563.642
531.185,967.939,508.801,797.874,207.434,721.513,218.637,564.470
531.185,968.090,508.702,798.141,207.345,722.050,218.634,564.181
531.109,967.854,508.863,797.814,207.619,721.978,218.220,563.340
531.322,968.111,508.855,798.075,207.562,722.000,218.326,563.241
531.253,968.127,508.812,798.039,207.546,721.886,218.812,564.217
530.856,967.732,508.989,797.482,207.295,721.811,218.219,563.520
530.903,967.866,508.856,797.914,207.355,721.826,218.036,563.731
531.240,968.088,508.895,797.787,207.490,721.693,218.058,563.553
531.271,968.036,508.846,797.820,207.455,721.582,218.152,563.701
531.242,968.026,508.861,797.574,207.466,722.181,217.912,563.698
531.270,967.966,508.814,797.942,207.259,721.903,217.821,563.826
531.158,967.999,508.863,797.891,207.469,722.021,217.926,563.902
530.866,967.889,508.943,797.863,207.312,721.974,218.521,564.546
531.173,967.972,508.868,797.728,207.351,722.020,217.948,564.060
531.255,968.044,508.938,797.929,207.320,722.005,218.356,564.880
531.154,968.187,508.815,797.963,207.345,721.955,218.267,565.087
531.091,968.086,508.862,797.947,207.300,721.981,218.358,565.035
530.892,967.950,508.821,797.881,207.355,721.939,218.573,565.062
530.969,967.992,508.824,797.758,207.406,721.991,218.311,564.522
531.167,967.896,508.817,797.959,207.491,721.991,218.298,564.434
531.040,967.936,508.835,797.788,207.589,722.321,218.359,564.303
530.901,967.775,508.915,797.675,207.519,721.796,218.349,564.166
531.294,967.996,508.851,797.833,207.188,721.288,218.260,564.134
531.286,968.009,508.891,798.093,207.091,721.319,217.941,563.986
531.123,967.994,508.925,797.639,207.382,722.171,217.981,564.330
531.152,967.948,508.778,798.000,207.343,721.595,217.762,564.280
531.130,967.920,508.940,798.077,207.417,722.087,217.716,563.450
531.228,967.959,508.956,797.822,207.271,722.101,217.405,563.414
531.216,968.119,508.985,797.644,206.978,721.703,216.213,562.170
531.149,968.118,508.871,797.707,207.252,722.217,216.297,561.499
531.239,967.990,508.819,797.693,207.258,722.168,216.195,561.766
531.052,968.006,508.814,797.978,207.598,722.581,216.248,562.083
531.069,967.997,508.807,797.934,207.531,722.283,215.864,561.789
530.909,968.178,509.042,797.884,207.442,722.208,215.906,562.081
531.024,967.964,508.924,797.814,207.366,722.257,216.137,562.183
530.837,967.770,509.012,797.698,207.211,722.230,215.972,561.258
530.865,967.836,508.981,797.656,207.245,722.232,215.294,561.202
531.123,968.177,508.889,797.872,207.302,722.429,215.931,562.048
530.980,967.906,508.969,797.791,207.222,722.229,215.590,561.880
531.509,968.396,508.917,797.884,207.199,721.958,215.528,561.834
531.313,968.109,508.879,797.816,207.257,722.131,215.868,561.721
531.204,968.002,508.866,797.746,207.105,721.981,218.217,563.714
531.376,968.070,508.841,797.979,207.488,722.240,217.712,563.553
531.383,968.093,508.977,797.797,207.449,722.151,217.963,563.420
531.026,967.877,508.882,797.944,207.280,722.132,218.296,563.780
531.197,967.939,508.918,797.738,207.420,722.216,217.993,563.740
531.179,967.928,508.993,797.726,207.765,722.495,217.718,564.094
531.230,968.089,509.103,797.494,207.415,722.188,217.677,563.513
531.224,967.812,508.994,797.780,207.344,722.112,217.875,563.766
531.357,967.896,508.909,797.863,207.241,721.972,217.716,563.482
531.257,967.881,508.822,797.993,207.296,722.030,218.017,563.719
531.197,967.767,509.001,797.691,207.309,722.010,217.573,563.219
531.467,968.208,508.878,797.978,207.209,721.886,217.898,563.746
531.252,967.896,508.878,797.929,207.214,722.026,217.440,563.549
531.407,967.997,508.826,798.157,207.207,722.139,217.850,563.507
531.238,968.031,509.145,797.660,207.233,722.172,218.021,563.572
531.257,967.862,508.999,797.918,207.261,722.144,218.332,563.898
530.959,967.694,508.852,798.003,207.393,722.239,216.251,561.946
531.140,968.035,508.898,797.851,207.387,722.156,218.551,563.685
531.156,967.923,508.855,797.953,207.455,722.069,218.247,563.493
531.158,967.967,508.894,797.911,207.459,722.184,218.532,563.803
531.171,968.085,508.861,797.680,207.355,722.127,218.261,563.564
531.153,967.976,508.974,797.592,207.562,722.439,218.045,563.453
531.415,968.134,508.938,797.859,207.323,722.105,217.621,563.144
531.157,968.003,508.933,797.924,207.303,722.066,215.586,561.379
531.277,967.851,508.800,798.004,207.199,721.950,218.521,563.218
531.313,967.831,508.855,797.815,207.979,723.996,218.157,563.171
531.303,967.740,508.779,797.842,207.893,723.805,217.921,562.574
531.366,968.003,508.823,798.144,207.455,722.117,217.802,562.802
531.252,967.986,508.795,798.078,207.344,721.455,217.610,562.722
531.191,968.175,508.933,797.998,207.271,721.804,217.841,563.084
531.135,968.200,508.856,797.944,207.304,721.818,218.491,563.389
531.288,967.942,508.819,798.124,207.235,722.152,218.199,563.440
531.313,968.102,508.822,798.043,207.221,722.012,218.179,563.447
531.346,968.066,508.964,797.811,207.160,721.902,217.728,563.023
531.295,968.106,508.880,798.057,207.207,721.937,218.192,563.407
531.253,968.037,508.896,798.045,207.409,723.032,218.798,563.803
531.248,967.995,508.736,798.103,206.936,720.745,218.342,563.292
531.363,967.937,508.878,797.870,206.660,719.359,218.843,563.804
531.397,967.955,508.922,797.746,206.519,718.853,218.540,563.371
531.211,967.820,508.913,797.737,206.467,718.421,218.308,563.270
531.249,967.847,508.843,797.984,205.943,714.922,217.773,562.996
531.167,967.890,508.912,797.774,205.629,714.510,217.908,562.979
531.251,967.932,508.961,797.472,205.410,714.116,217.909,562.829
531.142,967.840,508.919,797.533,205.420,714.049,218.041,562.787
531.145,967.838,508.886,797.837,205.524,714.193,218.149,562.933
531.085,968.063,508.913,797.869,205.456,714.015,218.293,562.790
531.205,967.898,509.013,797.732,205.645,714.273,218.751,563.102
531.251,967.950,508.911,797.974,205.729,714.359,218.704,562.958
531.190,968.024,508.909,797.993,205.736,714.117,218.684,562.810
531.188,967.970,508.904,797.989,205.560,714.221,218.738,562.825
531.327,968.136,508.916,797.876,205.608,714.136,218.903,562.546
531.274,968.101,508.917,798.024,205.635,714.123,218.978,562.537
531.404,968.211,508.855,798.147,205.598,714.084,219.039,562.073
531.148,968.103,508.852,798.338,205.707,714.321,219.130,561.991
531.286,968.100,508.854,798.338,205.684,714.331,219.218,562.039
531.388,968.146,508.923,798.147,205.746,714.089,219.518,562.030
531.084,968.122,508.857,798.270,205.640,714.031,219.633,561.821
531.135,968.033,508.956,797.986,205.540,714.141,219.360,561.699
531.123,968.112,508.896,798.165,205.673,714.324,219.300,561.659
531.061,967.921,508.963,797.905,205.733,714.302,219.587,561.184
531.109,968.023,508.959,797.912,205.589,714.013,219.711,561.373
531.053,967.844,508.958,798.109,205.481,713.963,220.131,561.515
531.092,967.907,508.906,798.211,205.500,713.972,220.398,561.520
531.159,968.027,508.886,798.060,205.512,714.005,220.687,561.435
531.467,968.334,508.705,798.196,205.488,713.965,220.779,561.848
531.318,968.120,508.704,798.046,205.463,714.003,220.838,561.719
531.188,968.008,508.852,798.089,205.663,714.178,220.700,561.862
531.300,968.016,508.807,798.241,205.547,714.072,220.751,561.921
531.448,968.212,508.867,797.854,205.720,714.077,220.642,561.661
531.109,967.900,508.844,798.086,205.586,713.907,220.724,561.625
531.269,968.082,508.811,798.001,205.504,714.186,220.794,561.792
531.248,968.041,508.756,798.110,205.725,714.165,220.799,561.731
531.139,968.052,508.852,797.984,205.727,714.430,220.827,561.651
531.199,967.949,508.854,798.020,205.824,714.175,220.695,561.844
531.184,968.321,508.879,797.979,205.604,714.124,220.243,561.888
531.326,968.353,508.741,798.193,205.615,714.093,220.396,561.925
531.105,968.217,508.926,798.074,205.680,714.015,220.497,562.222
531.275,968.256,508.990,797.895,205.682,714.051,220.631,562.373
531.486,968.228,508.835,798.153,205.720,713.184,220.482,562.281
531.414,968.097,508.967,798.259,205.652,712.743,220.546,562.120
531.208,968.163,508.950,798.213,205.478,712.070,220.438,561.994
531.263,968.163,508.853,797.919,205.605,711.027,220.484,562.237
531.264,968.269,508.845,798.102,205.707,710.551,220.550,562.107
531.217,968.190,508.882,798.242,205.509,709.300,220.513,562.238
531.233,968.074,508.838,798.113,205.471,709.428,220.520,562.221
531.267,968.265,508.851,798.122,205.520,708.875,220.448,561.983
531.271,968.226,509.015,797.780,205.410,708.939,220.408,562.162
531.114,968.022,508.958,797.982,205.617,710.256,220.340,562.080
531.272,968.012,508.970,798.050,205.794,708.656,220.400,562.031
531.033,968.052,508.853,798.512,205.827,708.979,220.763,561.640
530.971,968.000,508.819,798.270,205.774,707.927,220.808,561.824
531.104,968.097,508.875,798.166,205.470,708.502,220.842,561.798
531.315,968.237,508.966,798.080,205.574,708.230,220.494,561.382
531.231,968.104,508.935,798.150,205.744,707.877,220.592,561.599
530.984,967.876,508.956,798.268,205.701,708.298,220.703,561.489
531.122,968.034,508.795,798.248,205.762,708.119,220.548,561.624
531.403,968.294,508.802,798.107,205.682,708.324,220.599,561.606
531.017,967.974,508.817,798.189,205.717,708.132,220.660,561.754
531.278,968.133,508.905,798.146,205.775,708.109,220.801,562.077
531.195,968.181,508.809,798.333,205.721,708.170,220.771,562.064
531.207,968.139,508.782,798.182,205.852,707.926,220.688,561.843
531.059,968.378,508.752,798.308,205.860,707.978,220.635,561.766
531.202,968.200,508.982,798.029,206.091,707.719,220.631,561.890
531.006,968.257,508.932,798.136,205.898,707.594,220.482,561.838
531.431,968.335,509.020,798.030,205.960,707.316,220.609,561.925
531.125,967.974,508.944,798.056,206.016,707.746,220.669,561.879
531.244,968.129,508.936,798.006,206.026,707.419,220.624,561.864
530.914,967.869,508.777,798.362,205.904,706.242,220.761,561.809
530.940,967.851,508.730,798.332,205.783,705.989,220.723,562.002
531.087,967.999,509.026,798.170,205.089,705.321,220.640,561.859
530.978,967.950,508.697,798.436,205.381,703.752,220.581,561.827
530.974,968.005,508.739,798.388,206.004,702.252,220.715,561.690
530.865,968.045,508.858,798.361,206.135,701.909,220.555,561.491
531.132,967.963,508.888,798.097,206.427,701.608,220.585,561.321
531.021,967.803,508.846,798.108,206.322,701.459,220.777,561.127
531.288,968.120,508.755,798.205,206.539,701.046,220.729,561.200
531.392,968.234,508.989,797.962,206.486,701.581,220.772,561.175
531.343,968.085,508.848,798.384,206.651,701.058,220.708,560.908
531.191,967.959,508.986,798.278,206.800,701.410,220.885,561.222
531.342,968.063,508.923,798.397,206.703,701.395,220.873,561.258
531.288,967.967,508.940,798.144,206.912,701.635,220.977,561.237
531.140,967.953,509.017,798.215,206.798,701.323,220.833,561.223
530.918,967.822,508.842,798.144,206.818,701.373,220.929,561.324
531.142,968.007,508.967,798.280,206.796,701.449,220.786,561.022
531.336,968.142,508.896,798.228,206.743,702.033,220.890,561.386
531.550,968.255,508.923,797.914,207.332,701.106,220.932,561.386
531.373,968.162,508.900,798.125,207.544,701.094,220.869,561.073
531.272,968.058,508.943,798.213,207.780,700.462,220.788,561.172
531.228,967.960,508.865,798.192,207.859,700.168,220.953,561.126
531.317,968.224,508.792,798.242,207.981,700.302,220.845,561.105
531.093,968.091,508.841,798.088,208.140,700.640,220.743,561.243
531.127,967.751,508.935,798.168,208.074,700.410,220.849,561.099
531.261,967.764,508.940,798.172,208.080,700.416,220.846,561.137
530.964,967.804,508.936,798.188,207.962,700.109,220.876,561.228
530.981,967.679,508.933,798.147,208.316,700.619,220.757,560.886
531.158,968.058,508.801,798.437,208.890,699.474,220.836,561.095
531.191,967.903,508.975,798.086,209.755,700.241,220.902,561.202
531.339,968.096,508.946,798.087,210.096,698.676,220.806,561.013
531.114,967.802,508.909,798.105,210.100,699.300,220.821,560.929
531.162,967.770,509.061,797.986,210.728,696.965,220.895,561.048
531.022,967.858,509.000,798.131,210.743,697.558,220.791,560.903
531.199,967.735,509.051,797.950,210.447,698.524,220.958,561.102
531.159,967.832,508.904,798.100,210.505,698.998,221.113,561.029
531.229,967.893,508.872,798.346,210.532,698.809,221.203,561.164
531.143,968.026,508.959,798.014,210.682,698.089,221.164,561.250
531.071,967.825,508.997,798.143,210.757,698.542,221.049,561.273
531.150,967.690,509.002,797.853,210.773,698.147,220.944,561.072
531.115,967.671,509.049,798.097,210.772,698.579,221.049,561.013
531.028,967.890,508.982,798.261,210.770,698.705,220.877,561.497
531.046,967.776,508.938,798.380,210.671,698.901,220.917,561.334
531.168,967.974,509.002,797.952,210.864,698.759,220.915,561.103
531.059,968.148,508.959,798.074,210.990,698.676,221.047,561.366
531.286,967.750,508.948,798.097,210.834,698.996,221.014,560.877
531.341,967.902,509.000,798.171,210.982,698.461,221.158,561.185
531.330,967.872,508.993,797.947,211.012,698.384,221.145,561.337
531.342,967.795,509.002,798.007,211.048,698.518,221.030,561.372
531.167,967.644,508.965,797.970,211.089,698.329,221.159,561.172
530.891,967.713,508.888,798.219,211.329,697.247,221.160,561.193
531.108,967.718,508.910,798.122,211.183,698.654,221.155,561.308
531.222,967.773,508.917,798.060,211.416,697.434,221.232,561.456
531.058,967.729,508.952,798.040,211.457,697.403,221.162,561.492
531.160,967.865,508.861,798.388,211.495,697.840,221.268,561.276
531.225,967.849,508.868,798.492,211.479,697.837,221.305,561.451
531.145,967.678,508.821,798.330,211.262,698.806,221.165,561.427
531.073,967.686,508.880,798.176,211.223,698.932,221.194,561.447
530.977,967.569,508.845,798.293,211.230,699.072,221.135,561.264
531.084,967.676,508.849,798.231,211.716,697.016,221.005,561.152
530.951,967.766,508.722,798.526,211.741,697.356,221.296,561.364
531.066,967.584,508.949,798.018,211.793,697.260,221.206,561.281
531.020,967.721,509.093,798.060,211.354,699.150,221.212,561.450
530.977,967.656,508.853,798.236,211.393,698.912,221.218,561.295
531.067,967.693,508.907,798.248,211.454,699.040,221.202,561.140
531.030,967.923,508.965,798.240,211.971,697.188,221.186,561.206
530.987,967.675,508.919,798.164,211.838,697.036,221.141,560.979
530.919,967.800,508.951,798.131,212.060,697.555,221.174,560.857
531.153,967.890,508.943,798.265,212.136,697.626,221.139,561.088
531.071,967.886,508.867,798.560,212.177,697.056,221.086,560.941
530.983,967.707,508.802,798.230,211.610,698.730,221.153,560.886
531.064,967.634,508.837,798.600,211.973,697.588,221.237,561.062
531.156,967.739,508.900,798.476,211.706,698.946,221.134,561.122
530.933,967.832,508.892,798.306,211.534,698.869,221.158,561.191
530.938,967.857,508.980,798.326,211.728,699.115,221.096,561.312
531.016,967.807,508.877,798.145,211.591,698.832,221.238,561.389
531.166,968.104,508.878,798.392,211.735,698.642,221.144,561.159
531.016,967.736,508.814,798.525,212.073,697.404,221.249,561.274
530.936,967.815,509.061,797.968,211.949,698.992,221.371,561.376
531.045,967.896,508.969,798.227,211.848,698.382,221.172,561.342
531.014,967.719,508.897,798.507,212.156,698.585,221.289,561.097
531.017,967.716,508.985,798.321,212.146,697.958,221.176,560.915
530.982,967.686,509.012,797.970,211.751,698.474,221.323,561.192
530.963,967.738,509.020,797.973,211.818,699.245,221.286,561.315
531.066,967.979,508.966,798.479,211.834,699.036,221.262,561.426
530.984,967.805,508.971,798.371,211.837,699.081,221.209,561.354
531.063,967.946,509.011,798.022,212.043,697.935,221.320,561.238
530.981,967.739,508.882,798.246,211.985,697.714,221.296,561.305
531.139,967.976,508.991,797.868,212.104,696.963,221.146,561.140
531.144,968.097,508.806,798.267,212.143,696.747,221.006,560.841
531.035,967.965,508.942,797.913,212.189,696.746,221.075,560.851
530.967,968.010,508.979,798.380,212.078,697.751,221.146,561.019
531.067,967.967,508.919,798.189,212.081,697.689,221.072,560.976
530.786,967.830,508.917,798.438,212.079,697.924,221.162,561.120
530.775,967.861,508.951,798.211,212.039,697.953,221.280,561.345
530.830,967.962,508.877,798.437,212.147,697.323,221.287,561.206
531.037,968.085,508.907,798.453,212.056,697.503,221.359,561.310
531.277,968.203,508.877,798.226,212.020,697.630,221.189,561.105
531.229,968.121,508.798,798.474,211.992,697.611,221.350,561.050
531.093,968.088,508.982,798.286,211.697,698.694,221.315,561.482
531.252,968.091,509.075,798.223,211.772,698.762,221.326,561.168
531.348,968.146,509.014,798.012,211.853,698.207,221.442,561.386
531.244,968.126,509.056,798.238,212.117,697.298,221.262,561.159
531.374,968.286,509.076,798.111,212.164,697.479,221.221,561.302
531.104,968.015,508.966,798.333,211.738,698.992,221.361,561.067
531.193,968.123,508.952,798.395,211.787,698.880,221.407,561.137
531.164,968.176,509.083,798.318,212.035,698.090,221.248,561.298
531.122,968.023,509.123,798.287,211.986,697.931,221.186,561.332
531.123,968.066,508.946,798.411,211.713,699.502,221.444,561.249
531.237,968.150,509.013,798.350,211.803,699.647,221.419,561.190
531.010,967.973,508.955,798.373,211.730,698.727,221.305,561.238
531.078,968.152,508.907,798.345,211.813,698.929,221.229,561.212
531.004,968.052,508.973,798.311,212.140,697.893,221.253,561.196
531.022,968.178,508.874,798.536,212.060,697.694,221.201,561.007
531.045,968.223,508.937,798.434,211.917,697.752,221.299,561.034
531.021,968.275,508.993,798.338,211.962,697.541,221.246,561.132
531.235,968.237,508.936,798.247,211.953,697.393,221.398,561.217
531.056,968.042,508.988,798.250,211.289,698.224,221.350,561.172
531.173,968.058,509.025,798.289,211.191,697.488,221.282,561.125
531.143,968.006,509.041,798.139,212.145,697.216,221.360,561.073
531.181,968.139,509.055,798.224,213.484,694.982,221.383,561.115
531.189,968.319,508.989,798.110,213.423,694.866,221.282,561.141
531.018,968.051,508.900,798.116,213.417,694.354,221.206,560.969
531.166,968.086,509.044,798.231,213.523,693.738,221.282,560.905
531.202,968.113,509.111,798.064,213.659,694.311,221.312,560.967
531.143,967.901,509.036,798.084,214.529,691.080,221.311,560.872
531.381,968.202,508.992,798.354,214.413,691.264,221.367,560.844
531.139,968.014,508.992,798.401,213.476,694.147,221.343,560.881
531.100,967.978,508.928,798.498,213.569,693.733,221.386,561.068
530.855,967.907,509.014,798.362,213.625,693.706,221.465,560.957
531.042,967.806,509.024,798.442,214.331,692.376,221.454,561.016
531.255,967.964,509.069,798.268,214.481,691.698,221.523,560.983
530.929,967.957,508.933,798.438,214.458,691.663,221.354,560.743
530.819,967.752,509.064,798.376,213.574,694.195,221.476,561.130
531.108,967.917,509.048,798.301,214.504,691.719,221.306,560.778
531.014,967.766,508.961,798.391,213.659,693.957,221.431,560.916
531.376,968.222,508.925,798.246,215.133,691.543,221.355,560.797
531.265,967.971,508.896,798.232,215.135,691.742,221.340,560.831
531.175,967.921,508.908,798.577,215.181,691.975,221.447,560.938
531.292,968.010,508.888,798.444,214.891,691.972,221.533,561.119
531.434,968.307,509.052,798.266,214.269,694.351,221.462,561.155
531.255,967.984,508.986,798.176,214.999,691.760,221.404,561.009
531.003,967.933,509.032,798.240,214.960,691.796,221.447,561.189
531.365,968.021,508.954,798.358,214.978,692.128,221.438,561.038
531.433,968.096,508.930,798.278,215.037,692.080,221.351,560.956
531.121,967.999,509.018,798.314,214.342,692.878,221.509,560.807
531.156,968.014,508.970,798.311,213.706,694.809,221.510,560.965
531.303,968.176,508.967,798.397,214.595,692.026,221.564,560.690
531.156,968.003,508.897,798.469,214.629,692.122,221.508,560.682
531.045,967.908,508.864,798.407,214.857,692.209,221.484,560.857
530.874,967.899,508.795,798.749,213.952,694.848,221.569,560.849
531.172,968.060,509.105,798.383,214.613,692.034,221.447,560.929
531.149,968.001,508.870,798.615,214.483,692.648,221.454,560.985
531.215,968.098,508.903,798.797,214.479,691.615,221.473,560.986
531.219,967.910,508.761,798.671,214.396,692.290,221.357,560.883
531.393,968.129,508.839,798.499,213.872,694.139,221.208,560.926
531.173,968.244,508.886,798.401,214.629,692.538,221.438,560.967
531.151,967.982,508.988,798.412,214.449,692.976,221.341,560.936
531.050,967.941,508.945,798.458,213.695,694.674,221.415,560.692
531.168,968.050,508.898,798.447,213.848,694.626,221.367,560.628
531.243,968.073,508.965,798.412,214.566,692.231,221.331,560.953
531.074,967.989,508.989,798.433,213.970,694.096,221.443,560.943
531.137,967.807,508.885,798.396,213.892,694.695,221.440,560.979
531.209,967.995,509.057,798.106,213.858,694.940,221.350,560.893
531.161,968.144,509.013,798.320,214.512,692.692,221.435,560.983
531.059,968.149,509.034,798.273,213.965,694.848,221.360,560.908
530.960,967.996,508.854,798.464,214.535,692.720,221.424,560.773
530.831,968.025,509.059,798.101,214.569,692.034,221.425,561.032
531.109,968.246,508.998,798.321,214.981,694.314,221.460,560.841
531.107,968.133,509.013,798.245,214.408,697.535,221.506,560.343
531.067,968.120,508.916,798.427,214.553,697.950,221.654,560.558
531.085,968.061,508.962,798.333,215.126,697.729,221.584,559.453
531.223,968.209,508.968,798.399,215.273,697.430,221.390,557.684
531.360,968.142,509.102,797.991,215.143,698.042,221.134,557.757
530.976,967.923,509.025,798.243,215.107,698.206,221.089,558.158
531.134,968.025,509.097,797.982,215.157,698.304,221.466,558.264
531.385,968.095,509.178,797.960,215.079,698.656,221.411,558.102
531.192,968.077,509.062,798.233,216.640,694.855,221.514,558.768
531.219,968.046,509.018,798.145,216.653,694.854,221.580,558.581
531.365,968.138,509.074,798.105,216.711,695.045,221.670,558.898
531.224,968.122,509.031,798.277,215.345,697.929,221.659,559.212
531.275,968.111,509.085,798.334,216.375,695.549,221.601,559.154
531.238,968.038,508.952,798.529,215.560,697.990,221.753,559.002
531.187,967.954,508.989,798.205,215.475,698.019,221.832,558.962
531.268,968.194,509.161,798.064,215.359,697.980,221.723,559.348
531.070,968.053,508.992,797.944,215.333,697.963,221.698,559.271
531.060,968.269,508.848,798.318,214.877,698.872,221.759,559.557
530.973,968.064,508.970,798.296,214.751,699.157,221.865,559.652
531.173,968.111,509.067,798.199,214.931,698.896,221.808,559.327
531.244,968.073,509.010,798.157,215.091,699.023,221.775,559.441
531.079,968.111,508.963,798.396,214.938,699.163,221.934,559.585
531.182,968.265,509.115,798.011,214.779,699.272,221.841,559.525
531.097,968.297,509.053,798.243,214.923,699.329,222.011,559.375
531.011,968.040,509.020,798.250,214.962,699.208,221.797,559.357
531.158,968.096,508.963,798.204,215.038,699.481,221.909,559.490
531.128,967.926,508.985,798.152,214.930,699.286,221.830,559.166
531.197,967.977,508.927,798.121,215.052,699.258,221.854,559.225
531.158,968.197,509.021,798.040,214.794,699.583,221.837,559.264
531.065,967.990,509.031,798.001,214.912,699.112,221.811,559.246
530.867,967.939,509.066,798.338,214.902,699.597,221.832,559.254
530.922,967.903,509.069,798.323,215.002,699.381,221.966,559.323
531.154,967.969,508.967,798.072,214.548,700.313,221.816,559.123
530.933,967.831,509.001,798.158,215.649,701.680,221.947,559.059
531.337,968.156,509.003,798.086,215.764,701.133,222.133,559.394
531.017,967.852,509.045,797.946,215.718,701.941,221.908,559.333
531.294,968.163,509.021,798.240,214.779,702.429,221.884,559.690
531.024,967.886,509.093,798.080,214.293,702.990,221.853,559.571
531.239,968.258,509.025,798.187,213.646,703.757,221.817,559.472
531.222,968.051,509.005,798.371,214.006,703.952,221.831,559.458
531.110,967.927,509.036,798.151,214.111,704.315,221.913,559.535
530.918,967.945,509.086,798.179,214.119,703.933,221.821,559.502
531.339,968.147,509.089,798.044,214.291,703.905,221.836,559.504
531.253,967.957,509.047,798.149,214.197,703.727,222.052,560.135
531.201,967.844,508.861,798.494,216.156,702.916,221.984,560.340
530.948,967.900,508.942,798.352,216.327,702.893,221.868,559.985
530.995,967.838,509.020,798.310,216.350,702.914,221.740,559.800
531.184,967.986,509.009,798.438,215.394,702.805,222.150,559.912
531.070,967.962,508.941,798.409,218.957,701.073,222.193,559.829
531.263,968.012,509.183,798.152,219.747,701.355,222.224,559.912
531.116,968.078,509.003,798.413,220.202,702.827,221.956,560.009
531.061,967.988,509.097,798.138,221.369,703.313,221.982,560.058
531.017,967.849,508.941,798.373,223.824,706.428,222.008,560.204
531.005,967.881,508.928,798.420,223.695,709.389,222.084,560.191
531.260,967.903,508.926,798.450,223.841,712.129,222.021,560.064
531.196,967.896,509.005,798.369,222.027,714.313,222.042,560.132
531.103,968.021,509.106,798.293,218.418,714.532,221.990,560.147
531.081,967.866,509.075,798.053,218.490,715.672,222.165,560.216
530.858,967.791,509.030,798.348,221.252,717.321,222.213,560.077
531.024,967.909,508.964,798.466,221.573,717.295,222.175,560.106
531.083,967.930,509.075,798.187,221.870,717.729,222.276,560.148
531.039,967.939,508.946,798.331,222.391,717.932,222.290,560.134
531.018,967.826,508.918,798.301,222.343,718.054,222.291,560.140
531.202,967.899,508.994,798.432,222.333,718.048,222.393,560.294
531.092,967.842,509.039,798.519,222.632,718.067,222.422,560.246
531.179,967.992,509.047,798.193,223.211,718.566,222.151,560.030
531.018,967.844,509.042,798.169,224.170,719.599,222.065,560.005
531.040,967.911,508.954,798.233,225.164,720.310,222.231,560.072
531.104,967.932,509.044,798.210,225.497,720.549,222.063,559.991
530.916,967.942,508.904,798.476,226.070,721.218,222.160,559.962
531.153,968.163,508.966,798.339,226.457,721.554,222.074,559.933
531.093,967.940,508.823,798.436,227.444,722.375,222.138,560.084
531.070,967.979,509.000,798.340,228.531,723.778,222.156,560.056
531.249,967.978,509.039,798.248,230.632,725.553,222.154,559.957
531.465,968.184,509.050,798.217,232.428,726.939,222.102,559.798
531.523,968.232,509.066,798.262,233.750,727.912,222.079,559.791
531.400,968.055,509.024,798.346,234.552,728.444,222.316,560.138
531.390,968.062,508.987,798.304,236.691,729.126,222.262,560.020
531.320,968.026,509.020,798.332,236.650,729.456,222.147,560.046
531.123,968.046,509.106,798.127,236.666,729.423,222.155,560.055
531.106,967.869,509.028,798.217,237.075,729.649,222.224,559.989
531.208,967.878,509.148,798.122,237.172,729.615,222.230,560.050
531.276,968.071,509.151,798.046,236.824,729.408,222.161,560.122
531.264,967.957,508.966,798.541,237.075,729.651,222.072,560.168
531.130,967.963,509.034,798.355,237.192,729.531,222.090,560.275
531.131,967.916,509.199,798.180,237.306,729.537,222.189,560.367
530.952,967.781,509.049,798.271,237.462,729.701,222.109,560.181
531.048,967.870,509.020,798.005,237.544,729.799,222.135,560.103
531.043,967.866,509.026,798.408,237.715,729.983,222.252,560.300
531.163,968.146,508.889,798.475,237.577,729.679,222.243,560.369
531.052,967.977,508.951,798.449,237.668,729.692,222.248,560.423
530.809,967.971,508.979,798.586,237.574,729.768,222.132,560.153
531.083,968.033,508.974,798.582,240.270,729.798,222.219,560.461
530.990,967.971,508.843,798.689,242.343,729.039,222.092,560.295
531.128,968.086,508.870,798.563,242.786,731.121,222.053,560.289
531.015,968.066,509.015,798.486,242.781,732.738,222.323,560.171
531.243,968.152,509.047,798.526,242.635,732.907,222.261,559.969
531.059,967.997,509.050,798.234,242.455,733.215,222.086,560.014
531.091,967.979,509.019,798.295,242.189,733.540,222.089,560.055
530.900,967.942,509.086,798.141,242.605,734.100,222.076,559.926
531.291,967.924,508.907,798.320,242.366,733.882,222.190,560.186
531.091,968.018,508.894,798.558,242.369,733.862,222.241,559.934
531.162,968.033,509.060,798.220,242.390,733.565,222.138,559.965
531.232,968.084,508.911,798.377,242.435,733.822,222.066,559.934
531.250,967.889,509.120,798.219,242.289,733.569,222.312,559.952
531.134,968.093,509.004,798.357,242.303,733.623,222.184,559.943
531.045,968.036,508.957,798.443,242.378,733.298,222.290,560.172
531.077,968.066,508.958,798.545,242.511,733.555,222.208,560.048
531.168,967.989,509.045,798.379,242.199,733.472,222.335,560.121
531.206,968.001,509.038,798.335,242.226,733.524,222.215,560.204
531.032,967.968,509.043,798.334,242.398,733.230,222.204,560.280
530.970,967.945,508.926,798.376,242.132,733.440,222.210,560.248
530.936,967.946,508.837,798.816,242.470,733.313,222.207,560.169
531.051,968.092,508.899,798.343,242.423,733.098,222.166,560.159
530.851,967.821,509.047,798.258,242.322,733.477,222.267,560.213
531.188,968.177,509.097,798.464,242.382,732.942,222.493,560.408
531.095,967.972,508.971,798.392,242.313,733.131,222.489,560.461
531.266,968.343,509.131,798.435,242.510,732.959,222.313,560.292
531.306,968.302,509.035,798.646,242.498,732.973,222.494,560.422
531.150,968.079,509.156,798.612,242.417,732.769,222.214,560.140
531.190,968.082,509.102,798.810,242.544,732.882,222.323,560.279
531.078,968.089,509.088,798.346,242.764,733.247,222.143,560.071
531.044,968.059,508.904,798.620,242.449,732.740,222.216,560.035
531.007,968.075,509.125,798.561,242.582,732.945,222.295,560.183
530.917,967.852,509.057,798.419,242.704,733.023,222.323,560.212
531.125,968.081,509.100,798.413,242.316,732.823,222.206,560.235
530.972,968.036,509.166,798.221,242.967,731.788,222.183,560.165
531.113,967.926,509.054,798.413,244.277,729.226,222.230,560.282
531.119,968.081,509.027,798.443,242.456,729.902,222.339,559.924
531.240,968.074,509.114,798.468,243.795,731.971,222.375,559.979
531.206,968.093,509.071,798.404,243.302,732.722,222.318,560.029
531.113,968.067,509.125,798.185,242.696,734.000,222.328,559.964
531.143,968.029,509.239,798.185,241.941,736.027,222.333,560.102
530.836,967.815,509.187,798.129,241.495,736.645,222.344,560.097
530.621,967.724,509.166,798.499,240.960,737.280,222.435,560.280
530.676,967.711,509.127,798.328,240.715,738.228,222.423,560.186
530.855,967.863,509.061,798.373,240.296,738.540,222.462,560.065
530.924,967.907,509.027,798.356,240.294,738.839,222.538,560.130
530.909,967.935,509.088,798.318,240.479,738.422,222.600,559.984
530.948,967.910,509.032,798.300,240.453,737.917,222.341,559.950
530.997,967.839,509.085,798.406,240.561,737.906,222.415,560.196
531.079,967.869,509.107,798.426,240.890,737.490,222.397,560.068
530.976,967.832,509.110,798.386,241.070,737.281,222.474,560.091
531.000,967.969,509.125,798.348,241.028,736.808,222.504,560.228
531.012,968.020,509.054,798.565,241.317,737.203,222.507,560.196
531.211,967.975,509.248,798.377,241.411,736.879,222.373,559.937
531.077,967.861,509.313,798.308,241.416,736.899,222.389,559.819
531.246,968.105,509.022,798.725,241.730,737.504,222.358,560.123
531.149,968.077,509.316,798.196,241.584,736.998,222.440,559.917
530.763,967.911,509.092,798.564,241.648,736.728,222.496,559.996
530.850,967.931,509.205,798.569,241.747,736.775,222.475,560.021
530.986,968.034,509.022,798.541,241.733,736.573,222.357,560.174
531.051,968.071,509.385,798.132,241.794,736.787,222.425,560.079
531.125,968.054,509.261,798.230,241.743,736.702,222.435,560.136
531.224,968.140,509.018,798.344,241.977,737.144,222.368,559.945
531.243,968.250,509.157,798.167,241.933,736.960,222.515,560.052
531.163,968.036,509.013,798.402,242.104,737.233,222.300,560.075
531.382,968.144,509.086,798.285,242.017,737.019,222.427,560.178
531.354,968.159,509.012,798.522,242.035,737.011,222.461,560.203
531.021,968.014,509.020,798.404,242.170,736.992,222.364,560.265
531.307,968.016,509.099,798.331,242.018,736.814,222.484,560.058
531.143,967.918,509.136,798.169,242.088,737.058,222.409,560.048
530.898,968.351,509.035,798.363,242.316,736.772,222.485,560.052
530.911,967.957,509.074,798.227,242.178,736.843,222.482,560.060
530.906,967.806,509.144,798.267,242.177,736.795,222.475,560.201
530.945,967.905,509.139,798.064,242.206,736.835,222.423,559.985
531.303,967.870,509.138,798.150,242.497,737.050,222.406,560.060
531.268,967.946,509.082,798.193,242.602,737.478,222.445,560.329
531.148,968.022,509.097,798.221,242.671,737.587,222.443,560.342
531.218,968.172,509.041,798.224,242.528,737.033,222.341,560.164
531.195,968.052,509.155,798.291,242.564,736.845,222.326,560.130
531.022,968.001,509.065,798.325,242.657,736.984,222.420,560.308
530.968,967.993,509.109,798.319,242.806,736.970,222.345,560.132
531.043,967.993,509.021,798.476,242.505,736.913,222.269,560.123
531.073,967.856,509.055,798.609,242.483,736.850,222.337,560.179
531.196,968.124,508.968,798.599,242.692,735.952,222.301,560.167
531.106,967.941,508.995,798.738,242.723,736.882,222.327,560.234
531.068,968.177,509.015,798.448,242.598,737.066,222.330,560.138
531.307,968.265,509.111,798.603,242.680,737.238,222.263,560.486
531.086,968.125,509.008,798.388,242.596,737.147,222.414,560.380
531.017,967.958,509.114,798.363,242.560,736.944,222.491,560.479
530.924,967.864,509.241,798.194,242.752,736.802,222.425,560.473
530.889,967.814,509.031,798.552,242.635,737.056,222.555,560.494
530.984,967.956,509.049,798.383,242.750,736.964,222.498,560.366
530.941,967.863,509.083,798.371,242.753,737.058,222.424,560.397
530.506,967.824,509.170,798.466,242.771,737.099,222.459,560.461
530.815,967.817,509.147,798.244,242.779,736.707,222.486,560.647
531.075,967.937,509.166,798.249,242.860,737.002,222.511,560.602
530.983,968.183,509.017,798.310,242.946,736.822,222.486,560.331
530.872,968.041,509.064,798.481,242.904,736.750,222.354,560.265
530.696,967.853,509.355,797.962,242.994,737.017,222.506,560.210
530.887,967.824,509.099,798.218,242.974,737.113,222.503,560.218
530.862,967.788,508.960,798.337,243.135,736.960,222.405,560.394
530.941,967.659,509.139,798.358,242.998,737.011,222.346,560.232
531.045,967.776,509.065,798.303,243.103,736.996,222.385,560.353
531.095,968.031,508.885,798.567,243.029,736.872,222.357,560.319
531.150,968.036,508.951,798.423,243.098,737.063,222.275,560.164
530.880,968.051,509.065,798.272,242.877,736.939,222.318,560.441
530.346,967.744,509.080,798.179,242.912,737.001,222.464,560.397
530.214,967.574,509.055,798.348,242.900,737.052,222.385,560.423
530.588,967.732,508.975,798.213,243.049,736.942,222.402,560.412
530.493,967.736,509.147,798.200,243.227,736.925,222.506,560.309
530.800,967.870,509.276,798.169,243.210,736.929,222.434,560.403
530.737,967.846,509.207,798.331,243.045,736.795,222.466,560.582
530.932,968.120,509.117,798.223,243.301,736.655,222.350,560.480
530.478,967.714,509.142,798.095,243.340,736.527,222.396,560.395
530.716,967.964,509.112,798.257,243.268,736.524,222.464,560.338
530.720,967.898,509.089,798.207,243.310,736.461,222.414,560.495
530.841,968.042,508.997,798.299,243.173,736.677,222.493,560.463
530.716,967.915,508.893,798.571,243.304,736.995,222.568,560.508
530.541,967.799,509.113,798.613,243.052,736.875,222.472,560.305
530.522,967.837,509.144,798.304,243.162,737.141,222.555,560.413
530.696,967.799,509.062,798.342,243.123,736.644,222.561,560.501
530.703,967.948,509.139,798.304,243.247,737.162,222.396,560.510
530.469,967.866,509.080,798.453,243.303,736.872,222.618,560.560
530.827,968.016,509.099,798.354,243.167,737.226,222.478,560.455
530.645,967.713,508.907,798.537,243.280,737.235,222.373,560.380
530.713,967.802,509.103,798.429,243.149,737.201,222.508,560.405
530.757,967.639,509.195,798.070,243.258,736.804,222.530,560.279
530.794,968.027,508.986,798.319,243.203,736.628,222.340,560.237
530.715,967.983,509.089,798.172,243.323,737.082,222.353,560.369
530.712,967.932,509.044,798.226,243.225,736.759,222.539,560.575
530.824,968.000,508.926,798.416,243.193,736.751,222.578,560.516
530.825,967.802,508.998,798.438,243.557,736.813,222.481,560.267
530.736,967.739,509.025,798.330,243.446,735.571,222.538,560.408
530.804,967.866,509.144,798.251,243.276,736.879,222.510,560.395
530.829,967.975,509.216,798.211,243.397,737.200,222.552,560.398
530.722,967.603,509.115,798.356,243.495,736.887,222.492,560.297
530.711,967.759,509.136,798.323,243.449,737.154,222.463,560.365
530.700,967.869,509.103,798.509,243.304,737.097,222.375,560.314
530.848,967.932,509.092,798.514,243.355,737.043,222.435,560.524
530.640,967.712,509.057,798.633,243.123,736.759,222.590,560.593
530.800,967.908,509.141,798.483,243.370,736.788,222.467,560.535
530.582,967.663,509.107,798.453,243.320,736.724,222.355,560.297
530.920,967.843,509.023,798.291,243.486,736.669,222.463,560.473
530.942,967.891,509.049,798.330,243.429,736.648,222.477,560.434
530.901,968.000,508.984,798.740,243.384,736.922,222.388,560.537
530.866,968.095,509.090,798.435,243.311,736.866,222.414,560.525
530.601,967.883,509.110,798.170,243.163,736.901,222.621,560.672
530.848,968.062,509.124,798.420,243.143,735.335,222.573,560.740
530.865,967.899,509.070,798.375,243.264,735.283,222.747,560.707
530.824,967.919,509.057,798.332,243.049,735.717,222.615,560.489
530.592,967.919,509.183,798.306,242.874,736.735,222.655,560.516
530.589,967.797,509.019,798.558,243.070,737.033,222.793,560.646
530.715,967.933,509.124,798.444,243.297,737.227,222.595,560.431
530.576,967.634,509.204,798.230,243.259,736.951,222.675,560.403
531.046,967.901,509.151,798.278,242.958,736.701,222.425,560.249
530.910,967.936,509.102,798.188,243.264,735.724,222.497,560.348
530.799,967.762,509.145,798.165,243.074,735.979,222.607,560.439
531.080,967.967,509.078,798.455,243.090,736.895,222.357,560.394
530.975,967.956,509.051,798.413,243.345,736.959,222.425,560.300
530.954,967.908,509.147,798.190,243.342,736.993,222.524,560.220
530.820,967.813,509.099,798.477,243.407,735.644,222.448,560.049
530.979,967.955,509.024,798.340,243.336,735.031,222.388,560.123
530.719,967.818,509.117,798.226,243.049,736.620,222.329,560.146
530.743,967.780,509.194,797.975,243.167,736.786,222.675,560.377
530.959,967.980,509.134,798.107,243.529,736.745,222.467,560.312
530.870,967.692,509.175,798.157,243.539,736.970,222.484,560.243
531.013,967.940,509.162,798.098,243.273,736.891,222.456,560.370
530.965,968.093,509.107,798.173,243.300,737.096,222.447,560.319
530.658,967.882,508.956,798.671,243.177,736.991,222.453,560.196
530.797,967.911,509.031,798.430,243.141,737.095,222.519,560.263
530.928,967.887,509.053,798.371,243.064,736.648,222.512,560.496
530.556,967.722,509.103,798.564,243.124,737.127,222.518,560.474
530.767,967.848,509.315,798.172,243.351,736.963,222.615,560.623
530.871,967.912,509.417,798.081,243.322,736.811,222.626,560.544
530.830,967.950,509.158,798.438,243.336,736.822,222.407,560.187
530.890,968.122,509.211,798.170,243.261,737.080,222.453,560.288
530.864,968.151,509.187,798.349,243.126,737.315,222.641,560.455
530.835,967.857,509.098,798.348,243.199,736.758,222.630,560.454
531.030,968.182,509.220,798.214,243.146,736.954,222.578,560.353
531.102,968.150,509.014,798.457,243.190,736.744,222.678,560.562
530.866,968.041,508.955,798.381,243.215,736.745,222.670,560.603
530.794,967.991,509.058,798.467,243.142,737.100,222.411,560.498
530.934,968.002,509.013,798.501,243.182,737.024,222.450,560.645
530.890,967.868,509.149,798.276,243.282,736.700,222.427,560.390
530.998,968.040,509.076,798.300,243.298,736.660,222.474,560.400
530.912,968.215,509.046,798.322,243.224,736.959,222.738,560.636
530.932,968.105,509.121,798.271,243.281,737.219,222.766,560.707
531.198,968.155,509.167,798.205,243.341,737.046,222.529,560.496
530.907,967.856,509.209,798.376,243.324,737.134,222.588,560.543
531.000,967.871,509.243,798.015,243.137,737.004,222.781,560.767
531.169,967.944,509.102,798.319,243.147,736.881,222.766,560.469
531.057,968.040,509.099,798.218,243.275,736.796,222.772,560.546
530.871,968.107,509.124,798.490,243.593,736.748,222.639,560.329
531.038,968.007,509.150,798.299,243.274,736.892,222.630,560.394
530.838,967.772,509.132,798.209,243.273,737.131,222.750,560.662
530.891,967.854,509.130,798.443,243.416,736.807,222.468,560.481
531.127,968.108,509.091,798.454,243.514,736.817,222.534,560.678
531.063,968.138,509.085,798.471,243.335,736.784,222.481,560.315
531.041,967.944,509.149,798.290,243.319,737.157,222.566,560.577
531.111,968.002,509.072,798.394,243.517,737.492,222.545,560.645
531.089,967.860,509.027,798.457,243.363,736.827,222.516,560.525
531.085,968.011,509.005,798.468,243.230,736.629,222.547,560.587
530.947,968.089,509.180,798.269,243.441,736.993,222.622,560.667
530.866,968.038,509.084,798.495,243.378,736.986,222.710,560.735
530.897,967.894,509.122,798.404,243.694,737.066,222.684,560.605
530.727,967.846,509.158,798.329,243.297,736.518,222.677,560.630
530.928,967.998,509.101,798.502,243.330,736.969,222.725,560.648
530.765,967.662,509.009,798.485,243.426,736.599,222.710,560.765
530.982,967.927,509.088,798.465,243.489,736.795,222.688,560.632
531.038,967.937,509.140,798.197,243.593,736.841,222.886,560.746
531.003,968.000,509.111,798.351,243.593,736.890,222.845,560.879
530.827,968.044,509.097,798.501,243.690,737.021,222.877,560.927
531.044,967.975,509.076,798.346,243.730,737.155,222.874,560.972
531.126,968.069,509.208,798.244,243.384,736.713,222.756,560.836
531.015,968.006,509.058,798.496,243.386,736.680,222.746,560.654
531.034,968.037,509.098,798.365,243.298,736.555,222.716,560.689
531.153,968.119,509.019,798.351,243.266,736.470,222.512,560.351
531.146,968.063,509.063,798.262,243.463,736.956,222.582,560.679
530.971,967.912,509.043,798.503,243.117,736.591,222.658,560.720
530.843,967.935,509.070,798.461,243.377,736.627,222.700,560.696
530.996,967.924,509.146,798.421,243.418,736.511,222.515,560.445
531.076,968.119,509.037,798.556,243.292,736.684,222.517,560.339
530.669,967.863,509.021,798.667,243.589,736.684,222.613,560.820
530.862,967.974,509.094,798.590,243.499,736.905,222.560,560.775
530.527,967.917,509.171,798.137,243.271,736.631,222.608,560.627
530.289,967.868,509.122,798.422,243.344,736.878,222.548,560.681
529.980,967.803,509.261,797.956,243.611,736.590,222.604,560.532
529.908,967.876,509.184,797.974,243.735,735.648,222.667,560.686
530.213,968.095,509.049,798.461,243.667,736.894,222.720,560.539
530.178,968.007,509.178,798.315,243.683,736.938,222.843,560.770
530.494,968.133,508.947,798.380,243.598,737.507,222.571,560.667
530.497,968.398,508.991,798.507,243.692,736.816,223.030,560.993
530.215,968.225,509.032,798.545,243.708,737.119,222.939,560.987
529.962,968.661,508.995,798.704,243.508,736.644,222.755,560.523
529.749,968.871,509.015,798.598,243.619,736.506,222.839,560.735
529.656,969.197,508.936,798.381,243.601,736.210,222.858,560.842
529.689,969.190,509.109,798.217,243.602,736.230,222.785,560.683
529.794,969.864,508.934,798.451,243.442,736.621,222.607,560.694
529.794,969.744,508.947,798.266,243.452,736.365,222.637,560.613
529.826,969.359,509.240,798.007,243.553,736.509,222.812,560.572
529.861,969.144,509.012,798.478,243.268,736.438,222.789,560.560
529.868,969.104,509.054,798.480,243.463,736.574,222.642,560.647
529.874,968.948,509.061,798.437,243.681,736.573,222.733,560.672
530.035,969.158,509.050,798.446,243.774,736.943,222.717,560.809
529.946,968.781,509.094,798.428,243.360,736.570,222.569,560.515
529.954,968.923,508.945,798.828,243.477,736.895,222.631,560.356
530.015,968.877,509.019,798.601,243.448,736.542,222.737,560.713
530.132,968.885,509.135,798.246,243.436,736.527,222.719,560.716
530.318,969.041,509.121,798.338,243.566,736.951,222.697,560.404
530.351,969.020,509.066,798.233,243.449,736.642,222.702,560.634
530.355,969.207,509.058,798.168,243.718,736.590,222.594,560.491
530.282,969.177,509.085,798.207,243.544,736.535,222.604,560.644
530.448,969.214,509.141,798.325,243.737,736.506,222.762,560.737
530.373,969.170,509.086,798.437,243.801,736.695,222.749,560.763
530.374,969.187,509.206,798.124,243.193,736.734,222.683,560.759
530.270,969.127,509.154,798.108,243.582,736.732,222.584,560.599
530.376,969.117,509.108,798.619,243.784,735.762,222.550,560.505
530.420,969.182,509.138,798.414,243.714,737.094,222.776,560.580
530.349,969.100,509.102,798.529,243.747,736.957,222.812,560.527
530.165,969.048,509.135,798.101,243.561,736.613,222.760,560.729
530.129,968.977,509.097,797.979,243.595,736.577,222.734,560.568
530.257,969.086,509.137,798.231,243.303,736.869,222.744,560.465
530.317,969.148,509.017,798.383,243.303,736.667,222.855,560.568
530.361,969.265,509.168,798.252,243.613,736.497,222.779,560.482
530.346,969.212,509.169,798.235,243.575,736.643,222.656,560.454
530.381,969.132,509.013,798.539,243.287,736.812,222.652,560.650
530.348,969.039,509.032,798.501,243.173,736.675,222.725,560.646
530.188,968.876,509.137,798.490,243.350,736.545,222.607,560.721
530.442,969.071,509.092,798.601,243.370,736.324,222.734,560.783
530.279,968.904,509.102,798.432,243.704,736.314,222.644,560.703
530.117,968.861,509.154,798.460,243.529,736.368,222.759,560.888
530.316,969.015,509.107,798.329,243.786,736.569,222.764,560.693
530.191,969.008,509.068,798.555,243.453,736.349,222.647,560.617
530.198,969.018,509.091,798.508,243.727,736.435,222.571,560.579
530.327,969.026,508.996,798.522,243.580,735.735,222.660,560.781
530.247,968.943,509.048,798.496,243.459,736.644,222.662,560.717
530.384,969.128,509.196,798.176,243.558,735.893,222.533,560.806
530.309,969.129,509.239,798.197,243.662,736.060,222.536,560.652
530.365,969.145,509.096,798.243,243.733,736.272,222.593,560.825
530.230,968.899,509.041,798.421,243.659,736.172,222.560,560.701
530.361,969.198,509.197,798.339,243.780,734.509,222.673,560.672
530.314,969.236,509.051,798.554,243.665,736.132,222.730,560.678
530.413,969.074,509.023,798.415,243.720,734.889,222.668,560.689
530.580,969.025,509.054,798.313,243.576,736.539,222.646,560.651
530.472,969.017,509.077,798.145,243.519,736.665,222.735,560.640
530.451,969.017,509.155,798.133,243.738,736.632,222.791,560.779
530.321,968.913,509.013,798.383,243.671,736.641,222.880,560.900
530.254,968.904,509.199,798.278,243.594,736.152,222.719,560.698
530.376,968.884,509.092,798.498,243.612,736.383,222.669,560.761
530.171,968.867,508.971,798.708,243.675,736.559,222.639,560.777
530.353,968.899,509.017,798.411,243.607,736.513,222.711,560.835
530.281,968.747,509.120,798.491,243.712,736.459,222.627,560.882
530.317,968.750,509.083,798.552,243.742,736.263,222.590,560.758
530.359,968.959,509.086,798.416,243.629,736.408,222.761,560.777
530.300,968.901,509.165,798.345,243.623,736.420,222.763,560.718
530.345,968.816,509.178,798.201,243.850,736.263,222.764,560.600
530.266,968.681,509.193,798.124,243.575,736.617,222.659,560.580
530.306,968.778,509.155,798.300,243.641,736.366,222.755,560.584
530.133,968.835,509.211,798.274,243.874,736.478,222.693,560.787
530.067,968.809,509.271,798.059,244.017,736.669,222.584,560.723
530.063,969.018,509.093,798.286,243.754,735.022,222.730,560.814
530.241,968.923,509.142,798.223,243.750,736.082,222.742,560.785
530.053,968.894,509.136,798.429,243.864,735.999,222.703,560.857
529.984,968.776,509.187,798.254,243.907,736.317,222.741,560.942
530.177,968.989,509.110,798.282,243.610,735.113,222.821,560.838
530.093,968.671,509.191,798.319,243.728,735.145,222.733,560.856
529.425,967.993,509.303,798.234,243.743,736.530,222.735,560.790
529.315,967.781,509.164,798.450,243.872,735.737,222.752,560.763
529.274,967.738,509.169,798.569,243.777,736.468,222.513,560.691
529.148,967.945,509.072,798.731,243.787,736.773,222.827,560.801
528.787,967.513,509.063,798.592,243.760,736.842,222.764,560.722
528.635,967.383,509.100,798.549,243.887,736.255,222.657,560.714
529.108,967.772,509.090,798.478,243.591,736.111,222.727,560.862
529.005,967.680,509.158,798.436,243.529,734.893,222.728,560.824
528.944,967.728,509.219,798.262,243.670,735.918,222.686,560.870
528.787,967.668,509.054,798.537,243.689,736.168,222.684,560.666
528.828,967.598,509.174,798.408,243.778,736.717,222.850,560.767
528.509,967.367,509.192,798.311,243.691,736.056,222.819,561.114
528.312,967.280,509.214,798.145,243.664,736.111,222.666,560.809
528.245,967.372,509.183,798.317,243.694,736.049,222.710,560.647
528.198,967.121,509.142,798.265,243.851,736.119,222.593,560.729
528.529,967.265,509.241,798.211,243.634,736.297,222.820,560.731
528.490,967.353,509.178,798.363,244.043,735.004,222.762,560.729
528.648,967.405,509.232,798.438,243.733,736.038,222.882,560.710
528.709,967.729,509.075,798.404,243.745,736.392,222.715,560.615
528.854,967.634,509.118,798.588,243.949,735.701,222.806,560.698
529.232,967.941,509.269,798.259,243.778,735.932,222.784,560.625
529.012,967.750,509.189,798.323,243.692,734.550,222.792,560.537
529.133,967.843,509.284,798.378,243.737,734.601,222.856,560.695
529.188,967.791,509.240,798.448,243.851,734.510,222.817,560.736
529.034,967.774,509.147,798.385,243.977,734.770,222.847,560.900
529.090,967.803,509.234,798.187,243.756,735.902,222.655,560.545
528.944,967.304,509.171,798.367,243.904,734.690,222.924,560.955
528.637,967.340,509.420,798.130,243.792,734.345,222.989,561.075
528.206,967.128,509.387,798.010,243.820,736.187,222.806,560.934
528.548,967.106,509.003,798.490,244.104,736.683,222.879,561.037
528.479,967.257,509.116,798.567,244.176,734.532,222.791,560.898
528.542,967.288,509.180,798.303,243.971,735.913,222.990,560.967
528.416,967.135,509.211,798.359,243.999,734.823,222.939,560.932
528.383,967.206,509.176,798.294,244.112,734.605,222.873,560.961
528.512,967.422,509.119,798.369,243.975,736.065,222.837,560.931
528.581,967.236,509.106,798.500,243.851,736.118,223.084,560.994
528.432,967.235,509.175,798.326,243.815,736.295,223.151,561.033
528.735,967.278,509.263,798.140,243.883,736.052,223.211,561.209
528.657,967.479,509.150,798.581,243.854,735.711,223.110,561.092
528.616,967.508,509.056,798.369,243.861,735.779,223.290,561.249
528.369,967.212,509.293,798.080,243.879,735.878,223.349,561.285
528.595,967.287,509.267,798.262,244.005,736.421,223.162,561.275
528.326,967.195,509.209,798.270,243.839,734.843,223.041,561.329
528.420,967.289,509.140,798.511,243.748,734.714,222.971,561.305
528.619,967.392,509.172,798.517,243.820,734.608,223.034,561.351
528.311,967.110,509.098,798.628,243.755,735.130,223.013,561.301
528.734,967.401,509.140,798.332,243.595,736.274,223.029,561.439
528.470,967.318,509.143,798.493,243.758,734.579,223.094,561.469
528.055,966.994,509.042,798.626,243.883,736.339,223.086,561.320
528.356,967.071,509.088,798.452,243.958,735.099,223.125,561.469
528.211,967.088,509.214,798.377,243.938,736.061,223.216,561.586
528.382,967.142,509.216,798.365,243.881,736.330,223.174,561.568
528.415,966.888,509.115,798.482,243.908,735.808,223.289,561.557
528.066,966.744,509.089,798.390,243.734,734.806,223.259,561.469
528.472,967.002,509.045,798.567,243.893,735.631,223.045,561.123
528.393,966.997,509.125,798.341,244.052,734.359,223.099,561.207
528.171,966.768,509.190,798.347,243.815,736.004,223.133,561.227
528.324,967.144,509.116,798.517,243.768,735.860,222.980,561.174
528.320,967.019,509.145,798.468,243.950,736.018,222.975,561.201
528.084,966.857,509.105,798.392,243.690,735.874,223.389,561.374
528.645,967.136,509.027,798.453,243.884,736.398,223.163,561.222
528.171,966.981,509.185,798.288,243.555,735.977,223.260,561.325
528.380,966.922,509.103,798.470,243.891,736.132,223.199,561.303
528.255,967.045,509.242,798.349,244.078,736.768,223.207,561.493
527.965,966.984,509.163,798.429,243.966,736.456,223.364,561.547
528.204,966.807,509.190,798.225,243.949,735.068,223.337,561.591
528.329,966.759,509.240,798.382,243.794,736.306,223.425,561.902
528.235,967.111,509.169,798.406,243.753,736.074,223.237,561.626
528.383,966.798,509.271,798.384,243.742,736.048,223.184,561.528
528.292,966.736,509.211,798.531,244.045,735.998,223.314,561.687
528.182,966.780,509.139,798.549,243.749,736.047,223.270,561.522
528.359,967.063,509.154,798.509,243.747,735.860,223.233,561.326
528.320,967.001,509.168,798.369,243.771,736.014,223.327,561.593
528.595,967.089,509.154,798.457,243.786,734.471,223.298,561.502
528.572,967.013,509.242,798.140,243.979,734.340,223.643,561.750
528.594,967.122,509.218,798.150,244.037,734.340,223.704,561.728
528.806,967.249,509.256,798.202,243.806,735.648,223.432,561.781
529.037,967.241,509.129,798.325,243.767,736.016,223.454,561.729
529.086,967.434,509.020,798.432,243.832,736.172,223.523,561.771
528.896,967.184,509.099,798.347,243.752,735.985,223.385,561.959
528.717,967.233,509.360,797.828,243.669,735.854,223.356,561.796
528.406,967.149,509.242,798.139,243.959,736.057,223.031,561.347
528.308,967.106,509.217,798.255,244.020,734.571,223.170,561.350
528.262,967.067,509.098,798.265,243.654,735.860,223.241,561.240
528.245,966.896,509.142,798.322,243.857,735.991,223.288,561.398
528.459,966.980,509.186,798.142,244.019,734.934,223.731,561.157
528.164,966.906,509.183,798.230,244.012,736.127,223.612,561.183
528.315,967.234,509.155,798.394,243.914,734.402,223.651,561.142
527.996,967.139,509.207,798.375,243.942,735.969,223.775,561.326
528.264,967.167,509.182,798.252,243.842,734.410,223.923,561.376
528.185,966.860,509.137,798.202,243.957,734.437,223.942,561.442
528.493,967.073,509.131,798.484,243.931,736.172,223.996,561.542
528.506,967.029,509.214,798.186,243.817,736.234,223.986,561.428
528.514,967.328,509.134,798.391,243.940,736.558,224.070,561.274
528.167,966.952,509.141,798.368,243.698,736.262,223.976,561.129
528.477,966.980,509.186,798.338,243.789,735.125,223.990,561.315
528.254,966.659,509.245,798.462,243.908,736.265,224.248,561.110
527.872,966.642,509.181,798.287,243.953,736.578,224.086,561.075
528.210,966.964,509.190,798.342,243.775,736.431,224.106,560.445
528.396,967.108,509.164,798.497,243.821,735.416,223.917,560.260
528.114,966.893,509.175,798.537,243.984,734.372,223.630,559.589
528.402,966.928,509.226,798.453,243.980,736.272,223.572,559.680
528.046,966.562,509.172,798.422,243.770,735.852,223.733,560.391
527.896,966.675,509.166,798.536,243.881,736.090,224.047,560.923
528.381,966.720,509.197,798.368,243.956,736.290,224.218,560.592
528.448,966.818,509.183,798.567,243.912,735.869,223.818,560.936
528.399,966.865,509.061,798.488,243.863,735.945,223.711,560.087
528.924,967.225,509.154,798.521,243.817,736.063,224.114,560.669
529.002,967.493,509.414,798.071,243.787,736.010,224.271,561.279
528.860,967.477,509.102,798.606,243.935,736.071,224.268,561.517
528.898,967.610,509.279,798.383,243.994,736.255,224.747,562.566
528.859,967.553,509.077,798.367,244.046,736.086,225.191,563.296
528.798,967.473,509.134,798.327,244.106,736.349,224.453,561.889
528.773,967.240,509.190,798.252,243.763,735.847,224.402,561.824
528.880,967.426,509.163,798.421,243.754,736.020,224.370,561.777
528.804,967.281,509.163,798.557,243.790,735.863,224.959,561.956
528.594,967.167,509.144,798.456,243.823,735.887,224.798,562.028
528.358,967.004,509.242,798.480,243.767,735.796,225.072,561.779
528.275,967.123,509.283,798.448,243.800,736.184,224.741,562.250
528.390,967.060,509.313,798.265,243.885,736.127,224.397,561.928
528.148,966.952,509.150,798.374,243.979,734.298,224.796,562.716
528.159,967.007,509.158,798.466,243.926,735.993,224.762,563.024
528.672,967.138,509.206,798.452,244.120,736.060,225.059,563.194
528.552,967.201,509.196,798.455,244.058,735.747,225.501,564.575
528.425,967.143,509.270,798.280,244.003,736.093,225.683,564.729
528.560,967.250,509.311,798.203,243.999,736.014,226.543,564.824
528.325,966.959,509.228,798.288,244.015,735.959,227.012,565.288
528.286,967.056,509.174,798.434,244.019,735.890,226.709,565.530
528.169,966.846,509.184,798.331,244.139,734.791,226.221,564.716
528.272,966.817,509.135,798.346,244.068,736.181,226.521,565.312
528.644,966.877,509.117,798.189,243.985,735.924,226.914,565.274
528.297,966.869,509.017,798.434,244.219,734.895,226.880,564.946
528.198,967.087,509.175,798.482,244.249,736.343,226.834,564.457
528.497,966.747,509.202,798.429,244.058,734.753,226.954,565.512
527.990,966.656,509.173,798.475,243.856,736.208,226.786,564.961
528.325,966.650,509.161,798.598,243.707,734.659,226.373,564.073
528.140,966.661,509.197,798.564,243.709,736.099,226.977,565.106
527.991,966.700,509.201,798.647,244.016,736.165,227.774,565.639
528.305,966.643,509.160,798.511,243.906,735.870,227.531,564.371
528.051,966.491,509.200,798.432,243.785,735.940,227.962,565.158
528.174,966.524,509.088,798.601,243.963,736.385,228.143,565.836
528.223,966.703,509.093,798.631,243.896,736.528,228.075,565.586
528.034,966.497,509.119,798.553,244.124,735.111,227.940,566.085
528.186,966.846,509.302,798.407,244.040,736.149,227.765,566.207
528.151,966.598,509.145,798.496,243.907,735.885,227.647,566.457
528.054,966.885,509.212,798.475,244.007,736.103,227.686,566.322
528.219,966.991,509.336,798.342,243.790,736.079,227.690,565.630
528.041,966.732,509.319,798.433,243.841,736.241,227.531,565.547
528.093,966.451,509.286,798.424,243.927,736.000,227.606,566.128
527.949,966.343,509.208,798.326,244.068,736.319,227.236,565.191
528.205,966.942,509.280,798.432,243.912,736.262,227.432,564.809
528.264,966.959,509.274,798.458,243.915,736.401,227.410,564.295
528.136,966.704,509.204,798.439,243.932,734.498,227.449,565.216
528.063,966.714,509.101,798.704,243.879,734.891,227.185,565.403
528.411,966.633,509.299,798.470,243.866,736.165,227.929,566.632
528.263,966.661,509.326,798.357,243.864,734.694,227.892,567.111
528.459,966.834,509.165,798.704,244.003,735.843,228.053,567.757
528.470,966.703,509.230,798.371,244.082,736.039,227.968,568.137
528.384,966.576,509.101,798.533,244.070,735.805,227.946,568.728
528.465,966.823,509.198,798.349,244.015,735.919,227.684,569.018
528.545,966.720,509.114,798.584,244.017,734.155,227.724,568.807
528.208,966.720,509.252,798.551,243.993,734.630,228.619,569.672
528.157,966.765,509.257,798.483,244.006,734.505,228.424,569.689
527.935,966.492,509.224,798.355,244.038,735.814,228.019,569.745
527.797,966.583,509.242,798.253,244.048,735.943,227.917,569.438
528.026,966.578,509.140,798.682,243.924,735.146,228.172,569.866
528.091,966.505,509.162,798.266,243.928,735.229,228.016,570.242
527.980,966.593,509.207,798.499,244.057,735.140,228.204,570.545
527.960,966.396,509.310,798.335,243.974,735.218,228.120,570.472
527.978,966.741,509.338,798.521,244.095,735.084,228.000,570.765
527.919,966.417,509.266,798.338,243.882,734.418,228.090,570.802
527.907,966.612,509.258,798.143,244.034,733.975,228.069,570.733
528.056,966.634,509.442,798.010,243.723,733.976,228.170,570.681
528.263,966.533,509.280,798.341,243.927,734.169,227.975,570.360
528.003,966.495,509.248,798.473,243.952,734.452,228.002,570.315
527.802,966.507,509.202,798.622,244.026,734.686,227.940,570.353
527.946,966.497,509.195,798.365,243.973,735.063,227.817,570.451
528.013,966.289,509.272,798.295,244.048,734.972,227.961,570.764
528.000,966.323,509.162,798.248,244.131,734.309,228.382,570.670
527.731,966.515,509.004,798.532,243.967,734.572,228.464,570.621
528.100,966.465,509.145,798.212,244.173,734.215,228.092,571.077
528.148,966.529,509.092,798.367,244.173,733.727,228.374,571.014
527.910,966.301,509.055,798.438,244.195,734.018,228.021,571.654
527.713,966.351,509.080,798.445,244.142,734.352,228.338,572.035
528.137,966.488,509.132,798.371,244.188,734.456,228.317,572.026
528.083,966.134,509.140,798.582,244.228,734.187,228.074,571.800
528.043,966.403,509.180,798.517,244.321,734.645,228.468,571.934
527.838,966.474,509.209,798.447,244.202,734.660,228.919,571.937
527.734,966.475,509.128,798.472,244.267,734.408,229.467,572.695
528.067,966.748,509.063,798.607,244.008,733.739,228.826,572.016
528.229,966.660,509.111,798.499,244.077,733.619,228.993,571.998
527.724,966.182,509.197,798.575,244.233,733.521,228.881,572.023
527.785,966.265,509.132,798.376,244.048,733.712,229.132,572.800
527.844,966.392,509.058,798.643,244.213,734.571,229.605,573.803
527.848,966.287,509.115,798.673,244.354,734.264,229.825,574.824
527.922,966.250,509.254,798.524,244.334,734.043,230.552,574.890
527.737,965.886,509.145,798.335,244.276,734.223,230.601,574.884
527.887,966.141,509.256,798.293,244.334,733.670,230.654,574.829
528.049,966.344,509.145,798.490,244.375,734.086,230.716,574.798
528.142,966.448,509.200,798.254,244.326,734.234,231.262,575.381
527.947,966.373,509.265,798.626,244.365,734.906,230.590,574.204
527.716,966.387,509.238,798.719,244.247,733.969,230.716,574.353
527.731,966.259,509.156,798.437,244.048,733.445,230.667,573.989
527.999,966.518,509.214,798.471,244.015,735.263,231.070,574.066
527.922,966.497,509.355,798.403,244.272,734.332,230.214,573.519
527.852,966.402,509.259,798.497,244.284,734.412,230.619,574.619
527.309,966.057,509.260,798.467,244.120,734.113,231.154,574.152
527.723,966.254,509.263,798.317,244.412,734.309,231.267,574.028
527.711,966.206,509.180,798.574,244.039,734.130,230.949,574.175
527.571,966.205,509.258,798.544,244.208,734.343,231.848,576.089
527.427,965.892,509.192,798.613,244.049,733.900,229.927,573.180
527.637,965.889,509.264,798.426,244.106,733.804,229.754,573.210
527.442,965.943,509.213,798.810,244.077,734.099,229.644,573.619
527.720,966.045,509.311,798.458,244.108,733.685,229.484,572.562
527.458,965.962,509.170,798.350,244.139,733.630,229.800,573.846
527.727,966.109,509.204,798.480,244.223,733.913,229.825,573.734
527.798,966.154,509.217,798.516,244.346,734.275,229.675,572.456
527.403,965.921,509.231,798.560,244.217,735.592,229.367,572.550
527.690,966.053,509.131,798.715,244.281,733.359,229.904,573.820
527.595,965.981,509.109,798.714,244.364,733.588,231.039,574.763
527.569,966.062,509.056,798.862,244.313,733.493,230.598,573.772
527.867,966.287,509.096,798.612,244.315,733.988,230.066,573.895
527.625,966.261,509.006,798.728,244.265,733.849,229.376,573.848
527.587,966.079,509.139,798.487,244.129,734.395,229.868,572.228
528.089,966.213,509.185,798.520,244.370,733.901,231.040,573.063
528.143,966.249,509.173,798.459,244.362,734.040,231.564,574.074
527.839,966.489,509.257,798.356,244.265,733.643,230.923,574.468
527.899,966.783,509.259,798.421,244.339,733.976,230.313,573.681
527.775,966.823,509.148,798.606,244.282,733.593,230.405,574.165
527.860,966.917,509.154,798.586,244.260,733.689,230.535,573.761
527.350,966.234,509.253,798.351,244.266,733.321,230.478,573.903
528.037,966.706,509.128,798.454,244.366,733.940,231.200,574.274
528.147,966.832,509.210,798.225,244.445,733.825,230.649,573.456
527.932,967.091,509.225,798.202,244.342,734.237,230.561,573.478
527.579,966.958,509.145,798.462,244.229,733.982,230.635,573.696
527.956,966.916,509.261,798.595,244.297,733.877,230.729,574.197
528.007,966.925,509.048,798.884,244.296,733.572,230.516,573.247
527.729,966.843,509.199,798.631,244.378,733.439,230.528,572.662
527.430,966.600,509.177,798.715,244.421,733.229,230.567,572.796
527.699,966.445,509.180,798.647,244.229,733.451,230.910,574.100
527.719,966.623,509.131,798.723,244.295,733.496,230.947,574.373
527.982,967.034,509.114,798.575,244.411,732.946,230.445,573.246
527.761,966.802,508.981,798.812,244.409,733.011,230.799,573.114
527.836,966.500,509.234,798.396,244.271,733.358,231.321,574.041
528.112,967.058,509.147,798.591,244.287,733.620,231.051,573.801
527.727,966.974,509.225,798.235,244.197,733.533,231.126,573.790
527.518,966.688,509.143,798.300,244.319,733.426,231.397,574.280
527.890,966.916,509.111,798.384,244.293,733.393,231.146,573.744
528.082,967.045,509.177,798.413,244.247,733.395,231.098,574.043
527.954,966.883,509.149,798.668,244.263,733.943,230.678,573.857
528.126,966.716,509.132,798.692,244.224,735.888,230.701,573.994
528.196,966.877,509.117,798.698,244.276,735.466,231.408,574.228
528.109,966.995,509.196,798.381,244.286,735.481,230.968,574.513
528.054,967.018,509.148,798.346,244.166,735.645,231.846,575.719
528.025,967.242,509.370,798.237,244.266,733.863,232.228,575.634
527.829,967.123,509.369,798.128,244.136,733.526,231.278,574.427
527.916,967.002,509.264,798.508,244.286,734.689,231.184,574.771
527.618,966.804,509.177,798.559,244.327,734.766,231.352,575.486
527.371,966.497,509.250,798.610,244.230,733.672,231.355,574.936
527.818,966.549,509.193,798.655,244.118,733.881,231.409,575.218
527.803,966.695,509.309,798.456,244.222,734.066,231.220,574.278
527.434,966.461,509.131,798.656,244.120,734.004,231.025,574.391
527.397,966.395,509.235,798.628,244.428,734.603,230.640,574.415
527.844,966.512,509.269,798.528,244.399,734.242,230.623,573.900
527.499,966.346,509.230,798.556,244.427,733.907,230.859,573.618
527.698,966.545,509.244,798.604,244.244,734.010,230.431,573.610
527.595,966.526,509.253,798.561,244.345,733.979,230.732,573.559
527.133,965.936,509.128,798.651,244.122,734.195,230.923,573.769
527.367,966.301,509.177,798.642,244.135,734.671,231.260,574.256
527.538,966.424,509.225,798.530,244.451,734.650,232.002,574.478
527.263,966.393,509.315,798.633,244.409,736.171,232.376,575.407
527.227,966.382,509.192,798.450,244.365,733.959,232.441,575.595
527.166,966.374,509.366,798.556,244.361,734.317,232.965,575.854
527.323,966.288,509.412,798.221,244.119,734.231,232.707,575.769
527.263,966.148,509.347,798.396,244.311,734.050,232.738,575.680
527.361,966.033,509.292,798.314,244.280,734.822,233.013,575.883
527.001,966.165,509.217,798.492,244.254,733.961,233.417,576.737
527.278,966.284,509.356,798.379,244.193,733.989,232.946,576.085
526.941,966.235,509.152,798.526,244.194,735.589,232.774,576.110
527.093,966.272,509.195,798.665,244.242,733.391,232.556,576.170
527.272,966.269,509.316,798.458,244.178,734.650,232.853,576.140
527.074,966.255,509.288,798.402,244.101,734.462,232.645,576.032
527.174,966.216,509.258,798.735,244.327,734.608,232.951,576.229
527.057,966.172,509.389,798.553,244.324,734.938,233.359,577.023
526.886,965.884,509.197,798.514,244.381,734.804,234.559,577.957
526.768,965.823,509.239,798.526,244.457,734.128,234.631,577.952
526.927,966.137,509.317,798.333,244.349,734.368,232.688,576.430
527.093,966.342,509.322,798.322,244.280,734.364,232.268,575.692
526.779,965.923,509.296,798.546,244.330,734.723,232.547,575.920
526.905,966.146,509.203,798.415,243.922,736.221,233.538,577.958
526.915,966.104,509.133,798.743,243.958,734.639,232.883,576.925
527.149,966.240,509.312,798.842,244.300,734.654,232.681,576.591
527.442,966.604,509.249,798.867,244.064,733.924,233.247,576.878
527.164,966.538,509.270,798.921,244.287,734.346,233.045,577.127
527.290,966.593,509.279,799.032,244.334,734.570,233.163,577.108
527.215,966.550,509.305,798.929,244.269,736.251,233.691,577.698
526.988,966.076,509.427,798.573,244.299,735.993,233.090,576.432
527.342,966.565,509.254,799.064,244.313,733.805,233.720,577.600
527.345,966.712,509.318,798.964,244.288,733.907,233.962,578.157
527.103,966.388,509.326,798.875,244.257,734.150,233.060,576.461
527.434,966.702,509.385,798.895,244.307,733.181,231.941,575.349
527.143,966.609,509.388,798.930,244.276,733.737,231.675,574.052
527.074,966.517,509.395,798.891,244.215,733.485,232.006,574.790
526.989,966.369,509.320,798.902,244.169,733.959,232.515,575.013
526.820,966.259,509.204,799.032,244.077,734.309,231.892,574.506
526.761,966.309,509.264,798.896,244.149,734.022,231.484,573.537
526.752,966.195,509.241,799.029,244.091,735.520,231.171,573.528
526.894,966.433,509.186,798.974,244.062,733.843,231.149,573.661
527.094,966.464,509.236,798.957,244.388,733.887,230.966,573.998
527.259,966.459,509.263,798.833,244.162,733.951,230.351,574.085
526.793,966.011,509.366,798.697,244.165,733.951,230.507,573.862
527.082,966.374,509.341,798.649,244.405,734.063,230.615,573.589
527.252,966.237,509.342,798.829,244.280,734.439,230.935,573.729
526.798,966.013,509.157,798.972,244.114,733.918,230.954,574.628
526.937,966.240,509.251,798.816,244.248,734.043,230.783,574.971
526.874,966.039,509.282,798.704,244.091,733.400,230.380,574.710
526.955,966.256,509.343,798.640,244.004,733.065,230.382,574.572
527.058,966.106,509.273,798.565,243.957,733.535,230.300,574.634
526.831,966.173,509.245,798.659,243.988,732.668,230.508,574.784
526.795,965.761,509.269,798.669,244.163,733.553,230.824,575.089
526.551,965.724,509.252,798.816,244.175,735.322,230.571,575.059
526.750,965.790,509.252,798.597,244.238,734.248,231.264,575.444
526.981,965.848,509.192,798.799,244.201,733.753,231.420,575.749
526.632,965.889,509.207,798.682,244.437,734.828,230.877,575.532
526.683,965.853,509.246,798.428,244.309,734.268,230.374,575.116
526.417,965.123,509.199,798.973,244.188,735.825,230.379,574.962
526.096,965.102,509.235,798.668,244.201,734.402,229.869,574.811
525.675,964.332,509.387,798.614,244.305,734.347,229.846,574.688
526.270,964.641,509.351,798.732,244.004,735.598,229.366,574.680
526.079,964.757,509.289,799.002,244.115,734.442,229.522,574.781
525.673,964.676,509.266,798.936,244.184,735.796,229.330,574.592
526.203,964.728,509.498,798.697,244.250,734.065,227.380,573.818
525.893,964.860,509.329,798.553,244.333,733.900,229.088,574.268
525.629,964.780,509.332,798.539,244.197,735.643,227.109,572.944
526.038,964.636,509.251,798.763,244.390,734.209,228.579,574.355
525.963,964.744,509.252,798.805,244.470,734.518,228.922,575.066
525.641,964.330,509.267,798.836,244.270,734.669,229.064,574.991
525.641,964.330,509.233,798.675,244.312,734.601,229.193,574.994
525.729,964.775,509.240,798.767,244.088,733.733,229.468,575.009
526.338,965.369,509.155,799.013,244.114,734.000,229.543,574.973
526.938,965.983,509.037,799.277,244.342,733.676,229.399,574.901
526.664,965.835,509.160,798.469,244.021,733.869,229.300,575.005
526.479,965.502,509.187,798.747,244.364,734.341,229.262,575.069
526.899,965.669,509.319,798.691,244.224,735.272,229.551,575.455
526.570,965.173,509.203,798.871,244.217,733.820,229.485,575.354
526.291,964.787,509.253,798.535,244.308,733.407,229.476,575.180
525.850,964.759,509.171,798.805,244.228,733.973,229.860,575.130
526.631,964.776,509.324,798.721,244.238,733.432,229.371,574.964
526.778,965.050,509.216,798.683,244.389,733.596,229.539,575.171
526.274,964.767,509.213,798.723,244.227,735.292,229.437,575.031
526.170,964.831,509.247,798.774,244.299,733.725,229.634,575.118
525.963,964.486,509.228,798.926,244.237,734.528,229.558,574.921
525.626,964.310,509.207,798.839,244.378,734.364,229.573,575.077
525.990,964.591,509.221,798.923,244.250,734.844,229.195,574.600
525.474,964.311,509.254,798.773,244.318,734.006,229.440,575.065
525.758,964.630,509.334,798.793,244.219,734.275,229.454,574.983
525.719,964.351,509.327,798.625,244.338,734.400,229.402,575.084
525.889,964.242,509.222,798.813,244.347,734.235,229.528,575.042
526.193,965.131,509.280,798.752,244.405,736.155,229.669,575.299
526.403,965.354,509.222,798.822,244.502,736.276,229.478,575.211
526.351,965.325,509.309,798.701,244.341,734.159,229.302,575.086
526.627,965.560,509.356,798.611,244.132,734.743,229.415,575.189
526.453,965.440,509.100,798.710,244.221,734.683,229.692,575.566
526.407,965.325,509.143,798.771,244.135,734.677,229.573,575.236
526.505,965.495,509.111,798.990,244.377,733.738,229.750,575.390
526.467,965.312,509.148,798.772,244.037,733.898,229.243,574.791
526.230,965.288,509.309,798.811,244.347,735.306,229.691,575.488
525.962,964.848,509.182,799.078,244.057,735.346,229.541,575.283
526.250,965.320,509.133,798.983,244.133,733.395,229.858,575.661
526.128,965.303,509.242,798.677,244.337,733.432,229.713,575.460
526.318,965.256,509.272,798.791,244.412,733.161,229.570,575.421
526.172,965.069,509.386,798.666,244.393,733.268,229.736,575.195
526.277,965.025,509.286,798.632,244.465,733.259,229.308,574.781
526.021,964.888,509.349,798.645,244.333,734.065,229.307,574.477
526.001,964.939,509.440,798.571,244.293,734.143,229.570,575.105
526.590,965.321,509.415,798.734,244.419,734.138,229.803,575.256
526.017,964.843,509.390,798.692,244.406,733.858,229.807,575.159
526.038,965.012,509.333,798.881,244.432,733.689,229.735,575.327
526.014,964.830,509.374,798.853,244.552,733.141,229.623,575.423
526.190,965.042,509.363,798.681,244.699,733.919,229.625,575.176
526.159,965.222,509.358,798.882,244.305,734.015,229.560,575.558
526.384,965.039,509.371,798.757,244.337,734.182,229.491,575.263
525.955,965.111,509.282,798.931,244.320,733.648,229.379,575.832
526.077,964.908,509.278,798.804,244.295,733.934,229.346,575.405
526.835,964.887,509.440,798.529,244.294,734.104,229.084,574.973
528.008,964.654,509.336,798.671,244.380,733.740,229.510,575.621
530.052,964.450,509.375,798.681,244.453,733.730,229.440,575.597
531.515,964.539,509.289,798.853,244.420,733.708,229.649,575.646
531.287,964.614,509.328,798.565,244.387,733.197,229.798,575.627
531.355,964.530,509.302,798.818,244.254,733.330,229.949,575.638
531.389,964.727,509.173,798.546,244.514,733.442,229.869,575.600
532.016,965.067,509.216,798.643,244.461,733.408,229.748,575.535
532.784,965.977,509.536,798.222,244.164,733.309,229.853,575.768
533.019,966.363,509.415,798.400,244.263,733.345,229.983,575.643
533.325,966.735,509.464,798.280,244.024,733.006,229.955,575.484
533.092,966.937,509.290,798.715,244.424,733.697,230.045,575.670
532.813,967.004,509.240,798.636,244.285,733.473,230.138,575.398
532.270,966.853,509.231,798.627,244.433,733.396,229.918,575.385
531.987,966.660,509.172,798.749,244.391,733.712,229.982,575.557
531.769,966.307,509.312,798.765,244.431,733.157,229.867,575.336
532.126,966.588,509.216,798.823,244.538,733.189,229.939,575.314
531.966,966.384,509.273,798.900,244.447,732.997,230.111,575.488
531.908,966.288,509.255,798.735,244.559,733.200,230.036,575.373
531.627,966.352,509.220,798.741,244.256,733.339,230.094,575.867
531.290,966.420,509.123,799.019,244.376,732.508,230.056,575.715
531.506,966.408,509.252,799.003,244.342,733.112,229.988,575.734
531.164,966.204,509.267,798.772,244.385,733.163,230.269,575.895
531.367,966.168,509.257,798.764,244.446,733.098,230.217,575.868
531.441,966.215,509.282,798.868,244.275,733.039,230.251,575.950
531.219,965.857,509.310,798.762,244.378,733.290,230.507,576.110
531.130,965.796,509.345,798.572,244.106,732.894,230.415,575.773
531.342,966.038,509.456,798.570,244.012,733.053,230.351,575.666
531.169,965.799,509.350,798.739,244.297,733.324,230.322,575.491
531.414,965.957,509.284,798.965,244.171,733.252,230.132,575.410
531.264,965.868,509.268,798.873,244.181,732.982,230.001,575.370
530.979,966.103,509.317,798.777,244.373,733.149,230.036,575.319
531.350,966.048,509.183,799.188,244.324,735.421,230.105,575.306
530.993,966.080,509.154,799.101,244.240,735.409,230.334,575.335
530.993,965.777,509.162,798.987,244.419,732.861,230.206,575.213
530.888,965.706,509.312,798.819,244.628,732.908,230.169,574.976
530.956,965.678,509.264,798.963,244.522,732.818,230.287,575.068
531.170,965.682,509.207,798.905,244.472,733.369,230.226,574.871
531.017,965.681,509.350,798.476,244.304,733.484,230.074,574.834
530.956,965.596,509.326,798.741,244.373,733.510,230.009,574.751
530.723,965.395,509.280,798.852,244.590,733.313,230.087,574.802
530.424,965.142,509.281,798.677,244.393,733.274,230.157,574.761
530.213,964.970,509.320,798.533,244.516,733.260,230.160,574.982
530.237,964.993,509.193,798.895,244.413,733.279,230.103,575.233
530.382,965.159,509.217,798.996,244.381,732.955,230.031,575.462
529.939,964.733,509.221,798.867,244.476,732.737,230.039,575.611
530.234,964.950,509.401,798.415,244.293,732.594,229.968,575.642
529.833,964.819,509.308,798.836,244.358,732.457,229.530,575.792
530.216,964.944,509.287,798.865,244.408,732.871,229.902,575.342
530.519,964.978,509.309,798.817,244.572,732.964,229.927,575.423
530.326,964.842,509.298,798.775,244.271,732.842,229.716,574.879
529.966,964.740,509.213,798.994,244.212,732.770,230.138,575.270
530.136,964.897,509.242,798.948,244.241,733.158,230.145,574.951
530.534,965.258,509.195,799.123,244.198,732.869,230.737,575.898
530.212,965.166,509.285,798.691,244.285,733.201,230.356,575.457
530.046,965.030,509.377,798.697,244.239,733.189,230.064,575.421
530.325,965.235,509.449,798.514,244.319,733.087,229.629,575.096
530.098,964.987,509.422,798.543,244.384,733.047,229.462,575.075
529.984,964.759,509.281,798.620,244.472,733.473,229.812,574.904
530.131,964.751,509.184,798.857,244.432,733.143,230.183,574.849
530.189,965.298,509.220,798.805,244.536,733.575,230.537,574.725
529.852,964.674,509.240,798.970,244.540,732.943,230.700,574.918
530.196,964.874,509.256,798.785,244.568,733.119,230.571,574.715
529.791,964.925,509.207,798.919,244.520,732.914,230.367,574.144
530.107,964.962,509.270,798.790,244.464,733.201,230.235,573.661
530.219,964.697,509.360,798.747,244.329,733.126,230.430,574.331
530.114,964.994,509.384,798.935,244.139,733.025,230.118,574.197
530.179,965.034,509.242,798.933,244.449,733.632,230.441,574.452
530.096,965.029,509.327,798.760,244.334,733.135,230.602,574.927
530.070,964.939,509.450,798.572,244.118,733.043,230.170,575.163
530.184,965.041,509.321,798.703,244.332,733.062,229.889,575.290
530.113,965.079,509.329,798.545,244.307,732.698,229.508,575.941
530.099,965.090,509.410,798.632,244.204,732.972,229.889,576.056
530.208,965.161,509.536,798.393,244.280,732.652,229.863,576.160
529.853,965.257,509.602,798.479,244.277,732.847,229.819,575.948
530.010,964.935,509.657,798.225,244.395,732.882,229.702,575.709
530.074,965.061,509.481,798.549,244.561,733.586,229.857,575.354
529.969,965.183,509.394,798.788,244.573,733.114,229.884,575.556
529.981,964.887,509.506,798.736,244.527,732.751,230.199,575.988
530.221,965.056,509.432,798.729,244.508,732.764,229.923,575.490
530.096,964.943,509.510,798.568,244.372,733.054,230.173,575.769
529.988,964.970,509.367,798.880,244.390,732.779,229.874,575.582
530.300,965.150,509.404,798.703,244.533,733.358,229.513,574.502
529.861,964.857,509.417,798.686,244.560,733.282,229.509,574.379
530.025,964.850,509.313,798.852,244.502,733.179,229.774,574.479
529.983,964.875,509.310,798.992,244.461,733.000,229.807,575.053
530.034,964.910,509.379,799.040,244.640,733.164,229.736,574.806
530.312,965.027,509.400,798.732,244.396,733.028,229.480,574.663
530.279,965.075,509.442,798.791,244.550,733.206,229.554,574.580
530.180,964.805,509.417,798.942,244.714,733.332,229.431,574.380
529.846,964.916,509.390,799.013,244.658,733.018,229.450,574.487
530.104,965.069,509.264,799.085,244.507,733.164,229.334,574.559
529.919,964.957,509.371,798.883,244.464,732.940,229.306,574.706
529.824,965.041,509.612,798.530,244.269,733.175,229.274,574.670
529.455,964.563,509.444,798.832,244.304,733.182,229.313,574.499
529.486,963.968,509.427,798.992,244.398,733.730,229.326,574.221
529.571,964.011,509.440,798.890,244.411,733.722,229.306,574.144
529.628,964.233,509.379,799.027,244.564,734.052,230.113,574.200
529.365,963.715,509.312,799.079,244.555,733.996,230.168,574.108
529.499,963.877,509.345,799.073,244.597,733.230,230.316,574.293
529.635,964.261,509.355,798.956,244.443,733.338,230.007,574.467
529.212,963.661,509.336,799.055,244.624,732.836,229.947,574.663
529.624,963.846,509.463,798.849,244.439,732.964,230.184,574.997
529.917,964.287,509.355,799.142,244.420,733.259,230.284,575.089
529.444,963.911,509.496,798.541,244.567,733.809,230.609,575.327
529.266,963.813,509.420,798.773,244.510,733.524,230.631,575.216
529.170,964.006,509.388,798.980,244.406,734.134,230.632,575.333
529.549,964.402,509.452,798.851,244.443,733.921,230.458,575.243
529.059,963.753,509.402,799.107,244.300,734.100,230.558,575.552
529.729,964.213,509.361,798.856,244.401,734.190,230.666,575.752
529.474,964.549,509.322,798.635,244.309,733.105,230.801,575.962
530.007,965.143,509.337,798.783,244.415,733.266,231.793,576.514
530.564,965.304,509.337,798.850,244.468,734.064,231.380,576.695
529.996,964.897,509.427,798.741,244.453,733.680,230.468,575.893
529.883,964.571,509.290,799.006,244.366,733.596,230.087,575.121
529.952,964.875,509.360,798.879,244.484,733.925,229.417,574.341
529.918,964.814,509.411,798.791,244.469,733.672,229.402,573.795
529.963,965.198,509.245,799.093,244.564,733.596,229.489,573.843
529.934,965.085,509.339,798.967,244.579,733.565,229.559,574.187
529.925,965.156,509.331,798.787,244.392,733.501,230.373,574.696
529.814,964.975,509.466,798.832,244.399,734.067,230.748,575.670
529.905,965.040,509.425,798.820,244.565,733.785,230.685,575.540
529.680,965.084,509.379,798.879,244.430,733.889,230.701,575.582
529.884,965.114,509.392,798.833,244.284,734.396,231.006,575.806
529.903,964.975,509.433,798.772,244.485,733.767,231.243,575.703
530.020,965.433,509.423,798.843,244.552,733.398,231.542,576.283
530.139,965.540,509.476,798.902,244.547,733.486,230.902,575.250
530.077,965.663,509.467,798.912,244.439,733.115,230.735,575.269
530.266,966.225,509.493,798.558,244.203,733.606,230.925,575.368
530.831,966.889,509.489,798.869,244.324,733.435,231.199,575.481
530.859,967.148,509.560,798.563,244.622,733.842,231.770,576.025
531.052,967.472,509.478,798.701,244.713,733.525,232.308,576.430
531.283,968.105,509.475,798.706,244.416,733.830,232.284,576.972
531.370,967.954,509.571,798.648,244.413,734.261,232.210,576.917
531.252,967.841,509.642,798.279,244.654,734.407,232.562,577.675
531.358,967.757,509.535,798.400,244.654,734.520,232.893,577.654
531.220,967.699,509.507,798.622,244.472,733.132,232.552,576.789
531.199,967.446,509.524,798.664,244.540,734.034,232.982,576.709
531.444,967.869,509.417,798.892,244.359,733.263,233.327,576.821
531.061,967.382,509.513,798.777,244.552,733.273,232.912,577.238
531.112,967.471,509.431,798.846,244.511,733.104,233.186,577.558
531.384,967.688,509.571,798.697,244.609,733.686,233.135,578.011
531.221,967.612,509.663,798.463,244.349,733.350,232.493,577.755
531.341,967.591,509.415,799.026,244.376,733.613,232.221,576.606
531.057,967.697,509.448,798.949,244.340,733.874,232.594,576.107
530.833,967.393,509.592,798.791,244.437,732.719,232.513,576.403
530.783,967.484,509.417,799.071,244.423,732.941,233.621,577.627
530.319,967.083,509.533,798.732,244.399,733.390,232.546,577.248
530.502,967.268,509.478,798.845,244.454,733.311,232.579,577.469
530.403,967.344,509.409,798.909,244.394,732.857,232.687,577.565
530.546,967.687,509.480,798.815,244.558,732.773,232.043,577.515
530.453,967.517,509.497,798.848,244.580,732.965,231.395,576.891
530.364,967.489,509.380,798.987,244.460,733.698,231.371,576.181
530.370,967.423,509.692,798.291,244.650,733.241,232.063,575.236
530.087,967.112,509.575,798.426,244.705,733.405,233.268,576.715
530.171,967.191,509.442,798.768,244.709,733.861,232.670,577.027
529.844,966.838,509.459,798.613,244.576,733.965,231.381,576.161
529.439,965.897,509.604,798.566,244.556,732.899,230.633,575.710
529.535,966.687,509.545,798.602,244.673,733.364,229.909,575.302
529.548,966.657,509.569,798.672,244.637,732.981,229.661,574.645
529.904,966.904,509.507,798.634,244.462,733.751,229.538,574.392
529.571,966.858,509.487,798.733,244.576,733.567,229.546,573.901
529.660,966.878,509.521,798.533,244.531,734.171,229.892,574.179
529.690,966.797,509.397,798.713,244.511,733.552,230.575,574.975
529.908,967.086,509.464,798.843,244.268,733.161,231.041,575.401
529.894,966.874,509.472,798.625,244.486,733.729,230.279,575.861
529.612,966.517,509.499,798.834,244.352,733.376,230.298,575.552
529.532,966.654,509.294,799.114,244.456,733.527,229.733,575.320
529.895,966.791,509.778,798.334,244.453,733.422,229.819,575.369
529.623,966.690,509.426,798.749,244.507,733.761,229.594,575.098
529.624,966.830,509.507,798.804,244.333,733.044,229.631,574.877
529.774,966.671,509.586,798.682,244.328,733.889,229.637,574.445
529.484,966.645,509.446,799.051,244.355,733.449,230.037,574.156
529.305,966.259,509.600,798.340,244.322,733.028,230.301,574.000
529.634,966.420,509.584,798.595,244.324,733.453,230.539,573.883
529.494,966.758,509.486,798.674,244.661,733.380,230.957,574.560
529.304,966.550,509.548,798.626,244.559,733.500,231.114,574.725
529.661,966.770,509.369,799.003,244.621,733.737,230.734,574.981
529.183,966.294,509.507,798.930,244.606,733.363,229.824,574.463
529.264,966.270,509.568,799.038,244.698,733.438,228.734,574.806
529.352,966.581,509.302,798.994,244.451,733.049,228.634,575.434
529.433,966.604,509.343,799.080,244.542,734.098,228.731,574.884
529.721,966.795,509.506,798.813,244.531,733.581,228.364,574.871
529.572,966.498,509.432,798.941,244.584,733.497,228.722,575.170
529.648,966.634,509.581,798.751,244.489,732.909,228.939,574.394
529.733,966.757,509.546,798.997,244.579,733.457,229.425,574.503
529.471,966.632,509.503,798.855,244.640,733.530,229.546,574.390
529.577,966.976,509.534,798.985,244.556,733.141,229.780,574.801
529.220,966.636,509.506,799.005,244.469,733.584,229.713,574.948
529.251,966.715,509.541,798.881,244.449,733.670,229.661,574.575
529.107,966.468,509.437,799.081,244.270,733.201,229.613,574.987
529.587,966.632,509.597,798.699,244.379,733.356,229.208,575.088
529.225,966.347,509.523,798.808,244.499,734.132,229.158,574.898
529.248,966.913,509.531,798.869,244.501,733.316,229.888,574.311
529.110,966.568,509.564,798.733,244.422,733.455,230.086,574.228
529.561,966.724,509.552,798.930,244.459,733.136,229.907,574.306
529.399,967.061,509.542,798.904,244.497,733.938,229.921,574.107
529.304,966.930,509.679,798.786,244.655,733.515,229.340,574.200
529.027,966.658,509.682,798.799,244.610,733.857,229.063,573.751
528.871,966.464,509.631,798.556,244.592,733.092,229.421,574.078
529.369,966.997,509.650,798.725,244.485,733.242,230.200,573.873
529.039,966.585,509.623,798.582,244.524,733.346,229.996,574.055
529.431,966.955,509.604,798.929,244.567,733.163,229.716,573.944
528.988,966.626,509.622,798.781,244.644,733.968,229.702,574.121
528.927,966.394,509.478,798.854,244.431,734.004,229.738,573.749
529.671,966.928,509.556,798.586,244.577,733.935,230.070,573.940
529.516,967.035,509.439,798.660,244.520,733.567,230.274,573.896
529.542,967.195,509.403,798.825,244.510,733.948,230.169,573.773
529.414,966.912,509.362,799.050,244.650,733.421,230.002,573.188
529.246,967.087,509.451,798.890,244.528,733.973,229.964,573.077
529.230,966.917,509.486,798.964,244.592,734.351,229.877,573.276
529.136,966.744,509.426,798.905,244.497,734.147,230.022,573.242
529.322,966.695,509.755,798.580,244.440,733.930,229.958,573.613
529.322,966.859,509.716,798.657,244.393,733.622,230.085,573.654
529.143,966.734,509.463,798.868,244.372,733.215,230.218,574.087
529.165,966.723,509.484,798.754,244.553,733.253,230.448,574.450
529.304,966.830,509.425,798.813,244.455,733.115,230.886,574.759
529.196,966.502,509.424,798.975,244.473,733.088,230.934,574.609
529.156,966.521,509.421,798.952,244.520,733.404,230.650,574.428
529.063,966.838,509.489,798.925,244.365,733.092,230.651,574.189
529.576,966.901,509.439,798.934,244.482,733.362,230.551,574.335
529.410,966.765,509.511,799.188,244.510,733.186,230.521,574.544
529.437,966.695,509.485,798.943,244.405,733.241,230.373,574.198
529.560,966.732,509.561,798.696,244.670,733.342,230.536,574.058
529.416,966.903,509.622,798.483,244.331,732.928,230.441,574.131
529.305,966.679,509.540,798.843,244.668,733.899,229.886,573.874
529.518,966.917,509.765,798.466,244.417,733.494,229.931,573.826
529.483,966.663,509.558,799.019,244.476,734.280,229.810,574.053
528.927,966.455,509.572,798.807,244.527,733.370,230.370,574.541
529.071,966.413,509.518,798.988,244.621,733.600,230.262,573.845
529.369,966.549,509.571,799.160,244.645,733.449,230.132,574.314
529.376,966.605,509.585,799.102,244.721,733.508,229.896,574.268
529.063,966.391,509.664,798.599,244.529,733.534,229.672,573.291
528.896,966.328,509.621,798.965,244.686,733.568,229.494,573.168
529.107,966.344,509.429,799.072,244.711,733.356,229.325,573.321
528.636,966.059,509.458,798.946,244.732,733.619,229.481,573.278
528.663,966.008,509.412,799.035,244.724,733.453,229.838,573.735
528.820,966.028,509.500,798.916,244.747,733.151,229.778,573.974
528.745,966.193,509.505,798.828,244.525,733.201,230.014,573.807
528.778,965.978,509.542,798.778,244.562,732.928,230.183,575.037
528.865,966.051,509.502,798.965,244.602,733.235,229.854,574.826
528.746,966.056,509.823,798.367,244.581,733.475,229.549,574.297
528.968,965.912,509.730,798.626,244.435,734.210,229.546,574.300
528.854,965.903,509.565,798.960,244.702,733.483,229.575,574.518
528.787,965.811,509.553,799.120,244.726,733.476,229.633,573.770
528.905,965.824,509.521,798.943,244.509,733.794,229.289,573.758
528.853,965.923,509.423,798.908,244.559,734.064,229.593,574.523
528.855,965.959,509.520,799.000,244.606,732.906,229.868,574.774
529.130,965.968,509.500,799.068,244.575,733.240,230.477,575.904
529.096,966.420,509.481,798.866,244.451,732.814,230.176,575.689
529.131,966.216,509.512,799.030,244.490,733.122,229.845,574.938
529.258,966.151,509.550,798.795,244.508,733.386,229.825,574.610
529.307,966.243,509.456,798.892,244.490,733.513,230.156,575.525
529.099,965.916,509.541,798.757,244.713,733.798,230.534,575.723
529.056,966.057,509.874,798.059,244.730,733.083,230.648,575.211
528.621,966.028,509.612,798.695,244.674,733.903,231.026,575.022
528.889,965.924,509.637,798.681,244.655,733.728,231.922,575.433
529.195,966.123,509.579,798.726,244.662,733.788,232.207,576.190
529.215,966.185,509.506,798.873,244.565,733.451,231.374,576.131
529.324,966.296,509.588,798.839,244.583,733.162,231.653,576.601
529.220,966.365,509.733,798.513,244.639,733.532,232.261,577.329
529.349,966.411,509.825,798.635,244.515,733.390,231.990,577.410
529.424,966.494,509.587,798.955,244.682,733.177,231.672,576.821
529.183,966.272,509.524,798.974,244.627,733.157,231.371,576.223
529.529,966.539,509.601,798.736,244.709,733.172,231.807,576.842
529.472,966.471,509.575,798.817,244.755,733.643,231.195,576.278
528.938,965.999,509.844,798.269,244.696,733.616,230.949,575.435
529.360,966.247,509.740,798.455,244.759,733.257,231.282,575.433
529.387,966.349,509.846,798.430,244.926,733.759,231.209,574.786
529.079,966.054,509.696,798.684,244.681,733.457,231.566,575.217
529.077,966.128,509.897,798.319,244.673,734.006,232.689,576.815
529.177,966.214,509.535,798.960,244.845,733.881,231.884,576.404
529.050,966.050,509.646,798.873,244.734,733.087,231.662,576.857
528.733,965.857,509.786,798.362,244.683,733.265,232.232,577.573
528.968,965.955,509.892,798.452,244.677,733.028,231.949,577.775
529.026,966.162,509.807,798.534,244.888,734.016,231.887,577.424
528.920,965.839,509.801,798.591,244.730,733.733,231.332,576.747
528.825,966.013,509.572,798.941,244.535,733.277,231.388,575.696
528.887,966.198,509.596,798.890,244.390,733.145,231.927,575.864
529.121,966.297,509.536,798.695,244.467,733.247,232.445,576.765
529.406,966.467,509.587,798.817,244.415,733.004,232.036,577.420
529.197,966.381,509.642,798.526,244.524,733.014,230.916,577.187
528.941,966.028,509.603,798.868,244.895,733.460,230.556,576.657
528.820,966.071,509.657,798.693,245.037,733.415,230.317,576.635
528.870,966.080,509.591,798.971,244.750,733.314,230.498,576.934
528.858,966.073,509.597,798.785,244.852,733.335,231.473,576.976
529.165,966.259,509.449,799.045,244.790,733.669,230.537,576.181
528.943,966.206,509.554,798.878,244.857,733.598,230.116,576.303
529.274,966.379,509.502,799.042,244.652,733.193,230.796,576.294
528.937,966.211,509.535,799.037,244.763,733.322,230.960,576.332
528.961,966.004,509.613,798.748,244.972,734.335,231.154,576.428
529.143,966.164,509.566,798.980,244.840,733.290,230.680,576.127
528.758,965.633,509.688,798.703,244.605,733.678,231.114,575.579
528.911,965.771,509.676,798.710,244.475,733.198,230.581,575.561
528.929,965.970,509.708,798.703,244.231,733.446,230.258,575.594
528.665,965.832,509.597,798.614,244.310,733.698,230.610,574.995
528.758,965.769,509.626,798.644,244.415,733.658,230.944,575.047
528.800,965.817,509.504,799.070,244.429,732.846,231.015,575.038
528.933,965.809,509.486,799.011,244.525,732.827,230.526,574.967
528.908,965.648,509.543,798.964,244.719,733.923,230.737,575.341
529.060,965.824,509.561,798.989,244.747,733.434,231.042,575.792
529.251,965.856,509.762,798.588,244.647,733.016,230.809,575.062
528.724,965.649,509.570,798.990,244.596,733.342,230.677,575.220
528.750,965.941,509.707,798.626,244.770,733.084,230.158,574.914
528.820,965.806,509.622,798.912,244.788,732.903,230.141,574.701
529.125,966.119,509.538,798.794,244.696,732.736,230.208,574.444
529.280,966.186,509.613,798.861,244.713,732.738,230.257,574.360
529.045,965.784,509.630,798.650,244.748,732.744,229.832,574.787
529.310,966.005,509.532,798.891,244.543,732.881,230.112,575.533
529.201,965.870,509.775,798.607,244.535,732.409,230.507,575.910
529.106,965.875,509.779,798.834,244.791,732.894,229.606,575.682
529.069,965.957,509.663,798.765,244.852,732.903,229.088,574.736
528.841,965.951,509.687,798.820,244.920,733.433,229.348,574.544
529.031,966.107,509.689,798.732,244.838,733.206,229.608,574.127
529.097,966.039,509.640,798.920,244.676,733.550,229.682,574.248
529.187,966.143,509.754,798.676,244.859,732.949,229.212,574.367
529.039,965.948,509.815,798.493,244.767,732.533,229.935,575.057
529.180,966.324,509.747,798.518,244.727,733.085,230.235,575.818
528.734,966.042,509.750,798.715,244.535,732.849,230.192,575.556
528.826,965.748,509.500,798.911,244.526,732.498,230.067,575.637
528.794,965.700,509.686,798.700,244.646,732.969,229.844,574.419
528.954,965.916,509.655,798.846,244.674,732.900,230.192,573.543
528.545,965.525,509.571,798.987,244.560,732.942,230.173,574.522
529.040,966.207,509.625,798.637,244.638,733.279,230.357,574.905
529.002,966.112,509.624,798.758,244.561,733.566,229.844,576.064
528.702,965.672,509.635,799.209,244.653,733.597,230.828,575.505
528.707,965.759,509.652,798.798,244.612,733.329,231.241,575.350
528.754,965.783,509.555,798.819,244.580,733.346,230.875,575.585
528.804,965.827,509.644,798.769,244.471,733.545,231.258,575.023
528.545,965.614,509.617,798.838,244.607,733.268,231.114,575.494
528.560,965.628,509.781,798.447,244.602,733.508,230.953,575.093
528.747,966.005,509.630,798.868,244.627,732.182,231.596,575.652
528.541,965.778,509.721,798.523,244.865,732.450,231.787,576.744
528.449,965.690,509.643,799.074,244.752,732.361,231.906,575.790
528.363,965.526,509.478,799.076,244.684,732.474,231.844,576.092
528.521,965.708,509.635,798.743,244.610,732.109,231.375,576.204
528.615,965.765,509.562,798.850,244.477,732.822,231.685,576.400
528.519,965.636,509.675,798.808,244.443,732.695,230.716,574.952
528.410,965.588,509.513,799.126,244.518,732.606,229.885,573.875
528.618,965.742,509.493,799.063,244.553,732.470,229.649,572.966
528.788,965.935,509.640,799.204,244.465,732.347,229.456,572.683
528.253,965.371,509.700,799.008,244.541,732.788,229.036,573.485
528.340,965.663,509.558,799.140,244.570,732.771,229.039,573.288
528.176,965.597,509.578,798.929,244.641,732.776,228.699,572.840
528.283,965.502,509.599,799.032,244.475,733.208,228.649,571.926
528.689,965.562,509.630,798.932,244.735,733.474,228.985,572.301
528.547,965.640,509.704,798.680,244.557,733.226,228.558,573.298
528.645,966.005,509.603,799.187,244.429,732.912,227.020,572.172
529.000,966.038,509.609,799.164,244.500,733.247,226.848,571.883
528.913,965.904,509.585,798.919,244.671,733.079,228.384,571.988
529.057,966.000,509.660,798.826,244.846,733.692,226.114,571.616
528.914,965.852,509.660,798.977,244.685,732.489,227.920,573.793
528.930,965.912,509.646,798.870,244.675,732.753,225.838,574.405
529.043,965.972,509.508,799.056,244.686,733.364,227.837,573.606
528.993,965.838,509.557,799.146,244.736,733.588,227.527,571.729
528.700,965.487,509.687,798.813,244.782,733.084,227.483,573.134
528.924,965.784,509.645,798.900,244.811,733.116,227.631,574.570
528.705,965.520,509.728,798.676,244.809,733.301,227.850,574.247
528.808,965.726,509.653,798.911,244.852,733.382,227.368,573.378
528.685,965.501,509.678,798.709,244.780,733.552,228.082,573.744
529.013,965.755,509.409,799.094,244.438,733.859,228.378,574.098
528.900,965.715,509.585,798.972,244.543,733.754,227.808,573.774
528.848,965.819,509.542,799.035,244.885,733.578,227.648,572.309
528.793,965.796,509.656,799.100,244.924,733.086,228.494,573.077
528.920,965.998,509.505,799.217,244.663,734.140,227.768,572.296
528.966,965.905,509.561,799.024,244.659,733.486,227.487,572.323
528.986,966.091,509.531,799.161,244.574,733.741,227.217,572.546
528.704,965.809,509.518,799.072,244.673,733.623,227.480,573.718
528.874,966.061,509.597,799.127,244.538,733.164,227.702,572.762
528.811,965.957,509.594,799.198,244.598,733.721,226.975,573.748
528.612,965.934,509.627,798.995,244.777,733.120,227.136,574.573
528.714,966.079,509.595,798.784,244.493,733.332,228.198,576.441
528.600,965.959,509.739,799.030,244.563,732.969,228.383,576.825
528.708,965.877,509.628,799.078,244.662,733.434,228.526,574.154
528.861,965.842,509.636,798.959,244.622,733.225,230.007,577.367
528.648,965.867,509.554,799.032,244.692,732.956,229.073,580.166
528.723,966.060,509.646,798.879,244.776,733.485,228.228,575.602
528.934,965.718,509.645,798.713,244.682,732.660,227.536,573.693
529.296,966.034,509.557,798.951,244.689,733.113,228.699,577.250
529.194,965.633,509.532,798.867,244.552,732.791,228.676,577.010
529.181,965.670,509.359,799.190,244.591,733.150,228.061,576.054
529.157,965.674,509.580,798.830,244.615,733.089,227.712,575.565
529.140,965.484,509.558,798.967,244.613,733.415,227.946,575.150
528.858,965.001,509.529,798.877,244.839,733.501,227.394,575.328
529.464,965.959,509.687,798.621,244.744,733.100,228.485,576.341
529.612,966.070,509.543,798.746,244.814,733.550,228.579,576.106
529.718,966.048,509.503,798.867,244.795,733.458,227.677,575.900
530.097,966.064,509.494,799.042,244.725,733.338,228.066,574.643
530.841,966.568,509.572,798.779,244.884,733.708,227.330,575.722
530.955,966.571,509.619,798.737,244.877,733.527,227.068,575.311
531.473,967.211,509.529,798.708,244.833,733.567,228.312,576.736
531.382,967.270,509.544,798.778,244.790,733.199,227.000,575.207
531.040,967.247,509.650,798.737,244.805,733.354,226.943,576.373
531.030,967.345,509.555,798.601,244.881,733.326,227.918,577.875
530.797,966.994,509.485,798.916,244.660,733.124,228.111,578.446
530.948,967.120,509.356,798.900,244.675,733.709,228.400,576.747
531.076,967.131,509.555,798.367,244.486,733.193,228.967,577.765
530.894,966.886,509.549,798.682,244.574,733.256,228.632,577.530
531.050,967.097,509.472,798.752,244.656,733.434,228.820,576.027
530.884,966.664,509.392,798.730,244.622,733.478,229.138,576.342
530.788,966.666,509.361,798.563,244.544,733.406,230.042,577.961
530.498,966.389,509.380,798.592,244.358,733.263,230.233,578.199
530.527,966.590,509.522,798.455,244.367,733.924,228.829,574.707
530.231,966.275,509.430,798.726,244.404,733.322,230.146,578.590
530.271,966.575,509.413,798.495,244.386,733.644,229.499,577.055
530.167,966.653,509.354,798.949,244.480,733.559,228.767,575.260
530.209,966.537,509.377,798.799,244.356,733.227,228.722,574.670
529.694,966.773,509.499,798.691,244.520,733.498,229.718,575.898
529.112,966.492,509.326,798.921,244.478,733.733,230.075,575.337
528.793,966.144,509.453,798.650,244.702,733.135,230.125,575.236
528.878,966.279,509.526,798.849,244.664,733.405,230.768,577.335
529.165,966.367,509.398,799.297,244.792,732.988,231.532,579.085
529.538,966.519,509.242,799.289,244.523,733.009,231.363,577.000
529.345,966.380,509.254,799.201,244.439,732.984,230.152,576.303
529.501,966.291,509.169,799.858,244.600,733.533,231.132,577.353
529.308,966.365,509.124,799.754,244.527,733.057,230.924,577.508
529.642,966.345,509.147,799.474,244.789,732.912,230.530,577.548
529.591,966.294,509.093,799.614,244.733,733.526,230.285,576.996
529.375,966.530,509.026,799.711,244.585,733.674,230.462,577.753
529.696,966.515,509.171,799.492,244.447,733.706,230.634,578.003
529.795,966.681,509.187,799.512,244.599,733.327,230.430,577.633
529.935,966.829,509.107,799.512,244.535,733.829,230.600,577.812
529.850,966.491,509.189,799.318,244.700,733.991,230.764,577.409
529.722,966.397,509.224,799.156,244.619,733.862,230.749,577.176
529.361,966.146,509.209,799.569,244.967,734.266,230.874,577.501
529.728,966.178,509.380,798.978,244.700,732.992,231.315,577.321
529.519,966.159,509.306,799.001,244.659,733.375,231.013,577.781
529.521,966.126,509.100,799.289,244.723,733.650,231.055,577.013
529.518,966.188,509.169,799.197,244.715,733.439,231.236,577.462
529.383,966.052,509.197,799.174,244.674,732.833,230.802,577.454
529.520,966.026,509.123,799.254,244.746,733.104,230.888,577.601
529.455,965.889,509.106,799.398,244.686,733.412,230.564,577.747
529.742,966.406,509.164,799.307,244.636,733.383,231.100,578.769
529.645,966.298,509.299,799.022,244.647,733.790,231.595,578.998
529.738,966.165,509.161,799.214,244.716,733.416,231.616,578.706
529.603,965.983,509.218,799.043,244.737,732.921,231.805,577.884
529.584,966.341,509.204,799.249,244.705,732.969,230.778,577.064
529.730,966.343,509.178,799.075,244.828,733.428,230.717,576.794
529.791,966.454,509.154,799.062,244.752,733.377,230.395,577.230
529.830,966.562,509.177,799.056,244.682,733.383,230.791,577.623
529.909,966.382,509.278,798.881,244.573,733.482,230.740,577.081
529.754,966.340,509.205,798.877,244.757,733.537,230.954,577.882
529.864,966.330,509.186,799.038,244.834,733.194,231.272,578.249
529.826,966.334,509.161,799.133,244.785,733.607,230.877,577.554
529.852,966.211,509.195,799.188,244.537,733.178,230.518,576.583
530.033,966.422,509.239,799.013,244.783,733.332,230.533,576.571
529.898,966.345,509.337,799.191,244.613,732.845,231.684,577.977
529.858,966.353,509.329,799.216,244.599,732.481,230.931,577.144
530.129,966.517,509.242,799.211,244.844,733.170,231.212,577.894
530.150,966.740,509.237,799.449,244.607,733.038,231.273,578.137
530.177,966.596,509.270,799.213,244.657,732.611,230.762,578.186
530.041,966.545,509.246,798.805,244.638,732.949,231.291,578.454
530.008,966.301,509.260,799.082,244.741,732.977,231.664,578.861
529.896,966.334,509.388,798.824,244.526,732.936,231.545,578.820
529.729,966.272,509.343,798.676,244.640,732.649,231.007,578.301
529.985,966.686,509.310,799.061,244.437,732.672,230.833,578.125
530.068,966.690,509.258,799.063,244.478,732.841,231.287,578.984
530.050,966.423,509.244,799.017,244.747,733.201,231.347,578.839
530.040,966.623,509.223,799.193,244.708,733.203,231.244,578.503
529.968,966.268,509.296,799.142,244.446,733.003,231.800,578.750
530.025,966.291,509.279,799.039,244.422,732.737,231.869,578.751
529.865,966.234,509.157,799.073,244.826,733.461,231.961,578.764
529.749,966.106,509.292,798.973,244.796,733.101,231.417,578.294
530.253,966.656,509.226,798.999,244.677,733.690,231.244,578.945
530.100,966.481,509.393,798.829,244.514,733.070,230.682,578.102
530.201,966.528,509.191,798.972,244.591,733.107,230.449,578.179
529.985,966.445,509.249,799.100,244.392,733.060,230.965,578.368
529.945,966.507,509.317,798.896,244.519,733.012,230.790,577.890
529.929,966.621,509.316,798.888,244.747,733.268,231.388,578.963
530.243,966.659,509.264,798.937,244.709,733.131,231.068,578.018
530.106,966.652,509.309,799.049,244.673,731.929,231.420,578.521
529.878,966.591,509.301,799.123,244.694,732.879,231.188,577.993
530.093,966.566,509.141,799.299,244.643,733.148,231.115,578.187
530.177,966.538,509.210,799.400,244.613,733.412,230.949,578.228
530.033,966.555,509.292,798.944,244.545,733.038,230.632,577.558
530.057,966.389,509.286,799.134,244.600,732.588,230.743,577.520
529.956,966.435,509.295,798.981,244.603,732.533,230.604,577.386
530.207,966.611,509.310,799.024,244.654,732.720,230.868,578.072
530.244,966.543,509.334,798.895,244.656,732.483,230.929,577.951
530.073,966.361,509.368,799.063,244.678,732.766,231.491,578.263
529.958,966.449,509.360,799.077,244.613,732.730,231.300,578.109
529.957,966.242,509.361,798.891,244.540,732.346,231.639,578.405
530.081,966.532,509.182,799.131,244.633,732.372,231.876,578.870
529.852,966.472,509.203,798.847,244.582,732.745,231.772,578.901
530.067,966.594,509.263,799.094,244.537,732.528,231.771,579.007
529.943,966.254,509.283,798.953,244.638,732.671,231.653,578.925
530.151,966.575,509.346,798.789,244.663,732.909,231.703,578.984
530.363,966.793,509.423,798.814,244.685,733.283,231.406,578.546
530.408,966.980,509.369,798.994,244.596,732.864,231.402,578.519
529.853,966.294,509.312,799.086,244.666,733.077,231.342,578.317
529.719,966.486,509.317,798.839,244.750,732.728,231.369,578.311
529.763,966.520,509.345,798.982,244.690,732.809,231.491,578.382
530.063,966.504,509.362,798.985,244.754,733.251,231.520,578.534
530.136,966.683,509.413,798.962,244.791,733.629,231.299,578.092
529.938,966.388,509.371,798.883,244.920,733.619,231.729,578.751
529.978,966.613,509.418,798.796,244.924,733.367,231.108,577.713
530.139,966.746,509.244,799.065,245.013,733.268,231.469,578.348
530.056,966.536,509.275,799.000,244.895,733.064,231.535,578.335
530.199,966.916,509.370,799.043,244.938,732.749,231.735,578.389
530.188,966.890,509.353,798.939,244.960,732.660,231.717,578.285
529.958,966.676,509.233,799.149,244.650,732.715,231.700,578.305
529.959,966.549,509.373,798.935,244.682,732.918,231.699,578.344
530.024,966.484,509.229,799.180,244.801,733.144,231.770,578.595
530.013,966.311,509.332,799.131,244.887,733.037,231.431,577.921
529.920,966.170,509.348,798.908,244.747,732.918,231.804,578.511
530.166,966.597,509.428,798.982,244.817,732.337,231.627,578.345
530.105,966.485,509.518,798.810,244.751,732.975,231.768,578.318
530.202,966.435,509.388,798.877,244.798,732.444,231.056,577.161
530.166,966.408,509.410,798.884,244.765,732.364,231.606,577.942
530.226,966.413,509.401,798.970,244.930,732.455,231.709,577.844
530.006,966.231,509.436,799.116,244.927,732.510,231.734,578.115
530.197,966.381,509.301,798.971,244.944,732.818,231.739,578.306
530.038,966.372,509.240,799.005,244.820,732.782,231.763,578.207
529.917,966.537,509.294,798.999,244.610,732.574,231.542,577.974
530.004,966.596,509.327,799.142,244.655,732.563,231.347,578.291
530.100,966.522,509.397,799.078,244.573,732.826,231.534,578.390
530.168,966.684,509.246,799.281,244.844,732.612,231.525,578.209
529.993,966.476,509.459,798.849,244.667,732.445,231.277,577.992
530.204,966.623,509.427,798.906,244.784,732.919,231.197,577.839
530.033,966.433,509.363,798.873,244.829,732.848,231.472,578.162
530.223,966.664,509.465,798.712,244.734,732.824,231.376,578.192
530.152,966.601,509.438,798.714,244.694,732.571,231.416,578.222
530.105,966.528,509.482,798.784,244.651,733.033,231.370,578.177
530.143,966.508,509.541,798.655,244.475,733.881,231.627,578.444
529.966,966.615,509.554,798.748,244.643,733.651,231.570,577.949
530.100,966.605,509.329,799.061,244.633,733.152,231.402,577.863
530.226,966.589,509.420,798.896,244.909,732.863,231.132,577.771
530.319,966.824,509.307,799.180,244.752,733.037,230.948,577.509
530.234,966.523,509.655,798.619,244.751,732.833,230.702,577.212
530.027,966.191,509.293,799.081,244.835,732.918,230.981,577.499
530.359,966.613,509.184,799.272,244.811,732.997,231.086,577.695
530.297,966.504,509.326,798.980,244.771,733.350,231.401,577.735
529.989,966.378,509.264,798.859,244.753,733.001,231.567,577.847
530.272,966.450,509.322,798.998,244.970,733.542,231.382,577.991
530.313,966.393,509.296,798.917,244.840,733.008,231.345,577.949
530.180,966.443,509.389,798.872,244.808,733.194,231.495,578.128
530.142,966.504,509.320,799.146,244.956,733.399,231.541,577.933
530.418,966.596,509.382,798.913,244.586,733.081,232.092,578.505
530.080,966.290,509.369,798.958,244.695,732.738,232.074,578.324
530.464,966.563,509.317,799.089,244.559,732.694,231.913,578.189
530.596,966.738,509.339,798.932,244.644,731.997,232.467,578.176
530.450,966.567,509.190,799.238,244.495,732.626,232.561,578.156
530.322,966.539,509.306,799.078,244.851,733.398,232.307,578.041
530.331,966.362,509.305,799.057,244.885,733.191,232.317,578.026
530.302,966.284,509.513,798.797,244.860,733.559,232.536,578.190
530.392,966.473,509.409,798.865,244.757,732.855,232.546,578.138
530.246,966.284,509.159,799.179,244.831,732.930,232.273,578.118
530.214,966.362,509.283,798.962,244.861,732.785,232.132,577.946
530.106,966.359,509.454,798.767,244.617,732.970,232.261,578.164
530.104,966.295,509.414,798.917,244.563,733.193,232.093,577.906
530.328,966.573,509.474,798.789,244.514,732.829,232.246,577.918
530.392,966.645,509.419,798.904,244.555,732.843,232.234,577.946
530.395,966.566,509.359,799.309,244.503,732.747,232.180,577.662
530.364,966.601,509.268,799.483,244.582,732.435,231.933,577.475
530.386,966.739,509.276,799.236,244.551,733.121,231.233,577.606
530.444,966.617,509.315,799.161,244.738,733.003,230.862,577.358
530.464,966.639,509.290,799.223,244.618,732.865,231.070,577.405
530.422,966.770,509.469,798.805,244.686,732.879,231.263,577.104
530.265,966.619,509.479,798.923,244.754,732.999,231.539,576.950
530.381,966.694,509.201,799.354,244.755,733.324,231.310,576.657
530.443,966.727,509.172,799.183,244.830,733.695,231.261,576.557
530.228,966.686,509.207,799.253,244.796,733.254,231.347,576.731
530.311,966.748,509.187,799.301,244.647,733.085,231.204,577.063
530.380,966.684,509.568,798.691,244.610,733.082,231.285,576.351
530.408,966.760,509.431,798.820,244.757,732.989,231.083,575.936
530.443,966.657,509.404,799.057,244.616,733.129,231.686,576.580
530.296,966.621,509.340,798.850,244.615,733.175,231.358,576.610
530.196,966.831,509.298,799.545,244.651,733.078,231.518,577.037
530.328,966.554,509.274,799.230,244.627,733.157,231.403,576.607
530.380,966.743,509.538,798.729,244.614,733.072,231.159,577.628
530.373,966.532,509.439,798.935,244.637,732.915,230.738,577.196
530.246,966.645,509.340,798.966,244.671,733.105,230.885,577.096
530.215,966.673,509.331,799.027,244.774,733.227,231.102,576.593
530.224,966.634,509.245,799.128,244.891,733.384,231.345,577.154
530.521,966.990,509.155,799.140,244.655,732.828,231.672,577.633
530.471,966.948,509.226,799.143,244.772,732.895,231.619,577.983
530.403,966.589,509.211,798.960,244.507,732.409,231.225,577.784
530.510,966.604,509.225,799.064,244.608,732.774,230.953,577.555
530.545,966.814,509.471,798.833,244.493,733.279,231.256,577.551
530.530,966.831,509.337,798.932,244.553,732.851,231.297,577.777
530.524,966.604,509.471,798.936,244.517,733.128,231.581,577.549
530.338,966.500,509.438,798.981,244.811,732.967,231.437,577.616
530.375,966.390,509.514,798.851,244.832,733.040,231.832,577.578
530.483,966.754,509.418,798.894,244.654,733.206,231.661,578.399
530.502,966.748,509.390,798.856,244.760,733.206,231.495,578.455
529.846,965.669,509.308,799.216,244.707,733.149,230.689,578.342
529.841,965.717,509.340,799.260,244.633,732.791,231.085,578.172
530.329,966.404,509.342,799.231,244.828,732.823,231.206,578.176
530.631,966.705,509.395,798.975,244.735,732.454,231.178,578.367
530.286,966.539,509.374,799.145,244.657,732.839,230.924,578.113
530.440,966.671,509.353,799.158,244.639,733.342,230.958,578.006
530.227,966.518,509.446,798.772,244.953,732.982,231.147,577.946
530.259,966.539,509.305,799.222,244.956,732.600,231.065,577.814
530.248,966.550,509.299,799.127,244.951,733.585,231.088,577.860
530.312,966.527,509.250,799.073,244.863,733.518,230.608,577.719
530.558,966.724,509.277,799.169,244.843,733.411,231.088,577.472
530.208,966.511,509.423,799.097,244.798,733.417,231.282,577.413
530.178,966.557,509.265,799.210,244.839,733.157,231.281,577.285
530.448,966.726,509.390,799.080,244.789,732.737,230.923,577.380
530.449,966.823,509.306,799.233,244.797,732.659,230.694,577.345
530.347,966.569,509.406,798.966,244.770,732.401,230.477,577.782
530.467,966.682,509.506,798.865,244.914,732.254,230.364,577.581
530.102,966.451,509.269,799.186,244.682,732.294,230.699,577.295
530.138,966.558,509.302,798.937,244.807,732.483,230.755,576.874
530.183,966.530,509.366,798.971,244.718,732.366,230.956,576.578
530.464,966.639,509.344,799.046,244.471,732.717,231.446,576.943
530.324,966.579,509.411,799.112,244.738,732.678,231.299,577.707
530.233,966.461,509.328,799.367,244.566,733.029,231.088,577.860
530.245,966.480,509.356,799.280,244.677,733.222,231.154,577.796
529.995,966.482,509.289,799.310,244.790,733.315,230.737,576.580
530.170,966.399,509.247,799.212,244.600,733.077,230.825,576.461
530.351,966.510,509.379,799.260,244.675,732.990,231.038,576.272
530.401,966.668,509.293,799.536,244.599,732.798,230.224,576.349
530.132,966.370,509.366,799.105,244.647,733.106,232.211,576.496
530.375,966.429,509.336,799.107,244.600,733.289,232.756,576.757
530.383,966.501,509.306,798.989,244.865,732.773,232.726,577.584
530.268,966.471,509.268,799.074,244.818,732.742,232.618,578.105
530.176,966.331,509.335,799.002,244.743,732.583,232.286,578.660
530.238,966.598,509.366,798.830,244.808,733.007,232.095,578.951
529.847,966.378,509.406,798.925,244.599,733.352,232.418,579.140
530.281,966.565,509.106,799.068,244.524,733.018,232.523,578.677
530.403,966.722,509.209,798.875,244.617,733.088,232.668,579.105
529.946,966.317,509.225,799.000,244.581,733.251,232.745,579.216
530.177,966.255,509.248,798.957,244.662,732.995,232.360,578.034
530.019,966.258,509.314,799.001,244.476,732.967,231.455,577.510
529.981,966.294,509.242,799.060,244.716,732.744,231.789,577.514
530.058,966.283,509.239,799.155,244.768,733.164,231.600,577.457
529.990,966.355,509.208,799.187,244.753,733.212,231.236,577.220
530.090,966.410,509.208,798.983,244.590,733.201,230.891,577.320
530.380,966.586,509.251,799.182,244.589,733.217,229.769,576.464
530.162,966.302,509.317,799.044,244.650,733.081,230.526,575.573
530.236,966.444,509.371,799.002,244.717,732.823,230.377,575.480
530.282,966.544,509.275,799.211,244.647,732.884,230.568,575.745
530.157,966.626,509.436,798.933,244.532,732.432,230.792,576.049
530.236,966.565,509.418,799.217,244.522,732.500,231.262,575.806
530.116,966.765,509.333,799.206,244.619,733.393,231.534,575.918
530.092,966.679,509.350,799.296,244.696,733.238,231.644,575.514
530.357,966.731,509.452,798.937,244.752,733.173,232.931,576.317
530.437,966.743,509.428,798.910,244.769,733.473,232.703,576.399
530.141,966.292,509.359,798.809,244.649,732.884,231.941,576.169
530.274,966.554,509.408,798.727,244.737,733.120,231.767,576.756
530.225,966.542,509.378,798.868,244.665,733.406,231.840,577.297
530.226,966.661,509.342,798.959,244.696,733.482,232.166,578.107
530.349,966.521,509.214,799.389,244.849,733.637,231.443,577.853
530.071,966.034,509.319,799.133,244.748,733.027,230.386,577.300
530.492,966.679,509.207,799.332,244.722,732.906,230.558,578.075
530.042,966.388,509.291,799.005,244.809,733.724,230.640,577.362
530.029,966.364,509.306,799.028,244.868,733.605,230.343,577.146
530.230,966.465,509.312,799.012,244.851,732.892,230.152,577.025
530.200,966.317,509.366,798.931,244.971,733.200,230.372,578.395
530.029,966.375,509.340,798.902,244.853,732.674,230.464,577.825
530.174,966.282,509.317,798.947,244.763,732.641,230.334,577.448
530.260,966.484,509.185,799.210,244.546,732.671,230.852,577.658
530.246,966.693,509.372,798.866,244.790,733.035,230.450,577.942
530.111,966.424,509.373,798.932,244.699,732.718,230.470,578.785
530.070,966.274,509.325,798.797,244.796,732.488,230.638,578.507
530.355,966.437,509.369,798.812,244.872,733.094,230.601,578.269
530.267,966.533,509.407,798.782,244.705,732.804,230.721,577.824
530.245,966.616,509.360,799.126,244.824,733.136,231.147,578.064
530.345,966.594,509.321,798.766,244.821,732.545,230.451,577.791
530.378,966.662,509.290,798.992,244.962,732.061,229.992,577.431
530.460,967.004,509.313,798.736,244.915,732.920,229.315,575.797
530.415,966.682,509.394,798.920,244.921,732.851,230.022,576.499
530.301,966.702,509.273,799.127,244.786,732.785,230.215,576.189
530.522,966.774,509.184,798.989,244.825,732.764,229.996,575.829
530.004,966.479,509.326,799.001,244.724,732.845,229.534,575.666
530.384,966.762,509.385,799.063,244.719,732.797,229.248,576.027
530.362,966.602,509.337,798.776,244.829,732.985,229.307,575.447
530.386,966.641,509.282,798.968,244.625,733.021,229.654,575.328
530.364,966.637,509.324,798.861,244.960,732.588,230.013,575.715
530.075,966.760,509.386,798.852,244.816,732.908,230.085,576.109
530.293,966.897,509.342,798.962,245.097,733.310,229.863,575.628
530.381,966.537,509.231,799.034,244.999,733.470,229.176,574.795
530.470,966.671,509.341,798.980,244.948,733.038,229.223,574.849
530.247,966.492,509.296,798.970,244.818,733.317,230.428,574.523
530.342,966.602,509.564,798.411,244.890,733.472,230.473,574.562
530.467,966.604,509.580,798.431,245.045,733.913,230.490,574.679
530.497,966.821,509.386,798.822,245.060,733.603,230.388,574.301
530.451,966.582,509.334,798.723,245.023,733.240,230.352,574.399
530.479,966.670,509.381,798.702,245.005,733.642,230.292,574.447
530.310,966.566,509.572,798.225,244.850,732.794,230.413,574.477
530.371,966.607,509.445,798.550,244.953,732.938,230.374,574.420
530.363,966.571,509.334,798.940,245.017,732.257,230.533,574.699
530.496,966.611,509.383,798.929,245.036,732.535,230.935,574.932
530.156,966.778,509.367,799.150,244.999,732.664,230.988,575.075
530.137,966.457,509.321,798.932,244.858,732.435,230.635,574.414
530.342,966.459,509.431,799.006,244.871,733.107,231.093,574.586
530.451,966.830,509.282,799.015,244.855,732.576,230.690,575.108
530.334,966.437,509.291,799.163,244.880,732.527,231.034,574.636
530.363,966.643,509.335,799.081,244.948,733.378,230.364,575.162
530.353,966.710,509.474,798.845,244.964,733.582,230.522,575.560
530.426,966.697,509.462,798.669,244.827,732.693,230.079,575.516
530.372,966.693,509.409,798.827,244.799,732.720,229.611,575.656
530.589,966.962,509.526,798.730,244.775,732.460,229.669,575.810
530.512,966.883,509.415,798.720,244.773,732.675,229.712,575.863
530.432,966.636,509.543,798.431,244.747,732.369,229.520,576.130
530.361,966.746,509.417,798.787,244.813,732.462,230.037,576.434
530.274,966.367,509.428,798.931,244.585,733.195,230.099,576.562
530.217,966.451,509.342,799.008,244.654,733.166,230.412,576.779
530.156,966.450,509.422,798.941,244.527,732.740,230.834,576.856
530.192,966.591,509.248,799.133,244.849,732.736,230.144,575.367
529.921,966.315,509.222,799.204,244.715,732.911,229.969,574.844
530.134,966.633,509.326,799.118,244.716,732.152,230.111,574.674
530.471,966.926,509.330,798.950,244.654,732.186,229.854,573.628
530.132,966.464,509.346,798.810,244.642,732.566,230.446,573.478
530.018,966.439,509.369,798.876,244.884,732.769,230.821,574.385
529.984,966.211,509.448,798.830,244.857,732.089,230.424,574.831
530.114,966.362,509.277,799.131,244.851,732.301,230.663,575.810
530.138,966.449,509.279,799.021,244.925,732.424,231.028,576.449
530.138,966.509,509.412,798.812,244.973,732.954,230.980,576.619
530.389,966.515,509.317,798.950,245.006,733.451,230.743,577.064
530.478,966.590,509.471,798.644,244.777,733.131,231.175,577.075
530.361,966.418,509.394,798.800,244.789,733.069,231.020,577.148
530.439,966.667,509.390,798.702,244.720,732.615,230.148,576.925
530.614,966.796,509.357,798.793,244.838,733.254,230.565,576.361
530.520,966.570,509.410,798.760,244.866,732.584,231.242,576.861
530.230,966.261,509.456,798.691,244.863,733.095,231.284,577.148
530.473,966.700,509.460,798.745,244.964,733.068,231.569,577.338
530.231,966.555,509.236,798.978,245.001,733.112,231.953,576.826
530.332,966.449,509.354,799.078,244.927,733.249,232.439,577.003
530.275,966.685,509.384,798.929,244.906,733.050,232.585,576.898
530.529,966.754,509.510,798.629,245.000,732.638,232.548,577.406
530.235,966.582,509.418,798.863,244.952,732.743,231.565,577.102
530.382,966.780,509.373,798.970,244.864,732.920,232.366,577.135
530.511,966.703,509.431,798.894,244.937,732.110,232.842,577.682
530.085,966.447,509.300,799.063,244.896,732.342,233.713,577.553
530.207,966.291,509.641,798.207,244.739,732.121,233.706,577.302
530.272,966.498,509.664,798.358,244.780,732.494,232.627,576.534
530.387,966.501,509.405,798.597,244.769,732.201,232.732,576.122
530.289,966.304,509.374,798.569,244.774,732.324,231.631,576.423
530.289,966.512,509.441,798.943,244.738,732.589,231.818,575.763
530.388,966.649,509.380,798.925,244.772,732.790,231.879,576.266
530.178,966.529,509.218,799.179,244.571,732.563,232.741,576.421
530.233,966.407,509.253,799.145,244.668,732.494,232.121,576.179
530.291,966.520,509.333,799.175,244.471,732.376,232.447,576.459
530.463,966.631,509.402,799.126,244.596,732.452,232.394,576.736
530.553,966.831,509.266,798.909,244.667,732.056,232.694,577.317
530.204,966.369,509.349,798.858,244.666,732.639,233.025,576.562
530.285,966.318,509.303,798.926,244.566,732.324,232.427,576.465
530.306,966.635,509.327,798.961,244.836,732.328,231.989,575.966
530.325,966.647,509.288,798.972,244.861,732.359,232.037,576.766
530.540,966.560,509.263,799.047,244.851,732.751,232.717,576.140
530.480,966.599,509.394,798.974,244.887,732.413,232.713,576.463
530.544,966.688,509.372,798.874,244.754,732.488,232.460,576.790
530.700,966.954,509.319,799.099,244.834,732.847,232.696,576.961
530.257,966.376,509.292,799.047,244.906,732.716,232.813,577.205
530.317,966.623,509.331,799.104,244.979,732.480,232.815,576.970
530.415,966.440,509.347,799.223,244.649,732.435,232.458,576.567
530.433,966.626,509.236,799.227,244.676,732.843,231.428,576.458
530.704,966.728,509.268,799.229,244.757,732.597,231.731,576.326
530.438,966.713,509.429,798.808,244.998,732.681,232.393,575.798
530.426,966.612,509.408,798.833,244.960,732.808,231.384,575.870
530.581,966.708,509.378,798.769,244.750,732.652,231.917,575.827
530.482,966.730,509.361,798.958,244.766,732.475,231.993,576.643
530.459,966.621,509.445,798.936,244.766,732.520,231.595,576.901
530.458,966.623,509.418,799.024,244.748,732.515,231.796,577.041
530.650,966.793,509.395,798.976,244.850,732.798,232.317,575.579
530.490,966.596,509.273,799.124,244.789,732.865,232.430,575.196
530.540,966.592,509.293,799.121,244.571,732.488,231.784,575.126
530.540,966.707,509.362,799.045,244.505,732.548,232.139,575.080
530.293,966.303,509.204,799.279,244.825,733.090,232.387,575.419
530.402,966.670,509.410,799.029,244.801,732.737,232.169,574.564
530.557,966.522,509.399,799.105,244.815,732.802,232.693,575.394
530.298,966.396,509.214,799.086,244.825,732.266,232.396,575.741
530.391,966.299,509.183,798.980,244.875,732.270,232.242,575.547
530.320,966.236,509.398,799.212,244.843,732.210,231.798,575.755
530.329,966.413,509.381,799.132,244.819,732.163,232.348,574.935
530.457,966.419,509.271,799.238,244.875,732.236,232.094,575.301
530.302,966.179,509.315,799.109,244.816,732.777,231.882,575.253
530.479,966.592,509.273,798.992,244.766,732.760,231.480,574.523
530.465,966.517,509.311,799.104,244.729,732.490,230.792,574.465
530.382,966.544,509.293,799.314,244.930,732.725,230.566,573.548
530.366,966.644,509.269,799.266,244.726,732.433,230.906,573.767
530.386,966.657,509.404,798.948,244.669,733.025,230.956,573.240
530.640,966.593,509.266,799.251,244.870,732.873,231.305,574.106
530.241,966.528,509.460,798.855,244.565,733.217,231.117,574.713
530.307,966.324,509.245,799.409,244.858,732.658,230.460,574.127
530.223,966.348,509.232,799.193,244.854,732.907,230.660,574.395
530.442,966.491,509.383,799.114,244.860,733.161,230.536,574.656
530.064,966.280,509.259,799.165,244.896,733.318,230.589,574.969
530.430,966.473,509.344,799.018,244.913,732.755,230.377,574.369
530.483,966.553,509.252,799.384,244.847,732.669,230.484,574.454
530.614,966.855,509.317,799.184,244.622,732.706,230.627,574.234
530.607,966.761,509.308,799.163,244.752,732.988,230.873,573.784
530.323,966.624,509.281,799.253,244.556,732.748,231.083,574.053
530.438,966.666,509.313,799.113,244.549,732.774,230.772,574.019
530.640,966.884,509.157,799.375,244.611,733.039,230.331,573.937
530.358,966.621,509.409,798.771,244.697,732.757,229.968,573.428
530.413,966.687,509.324,799.165,244.665,732.545,229.339,572.969
530.407,966.707,509.330,799.029,244.715,732.936,229.241,572.564
530.432,966.695,509.431,798.729,244.821,732.942,229.315,572.636
530.152,966.312,509.168,799.332,244.837,733.542,228.991,572.172
530.198,966.480,509.358,799.035,244.726,733.231,228.799,571.828
530.284,966.667,509.354,798.773,244.738,733.212,228.603,571.856
530.308,966.587,509.309,799.038,244.870,733.645,228.591,571.790
530.432,966.617,509.186,799.058,244.802,733.528,228.543,571.997
530.219,966.636,509.236,799.138,244.865,733.237,228.560,572.036
530.217,966.434,509.219,799.124,244.604,733.289,228.497,571.777
530.166,966.474,509.302,799.209,244.641,733.227,228.407,571.638
530.238,966.312,509.315,799.164,244.552,733.316,227.831,572.297
530.406,966.480,509.317,799.063,244.754,733.623,227.234,571.931
530.396,966.705,509.189,799.601,244.853,732.715,227.339,571.872
530.323,966.508,509.386,799.115,244.760,733.098,227.492,572.331
530.158,966.442,509.321,799.168,244.805,733.305,227.598,572.573
530.517,966.795,509.271,799.367,244.740,732.613,228.157,572.808
530.529,966.703,509.366,799.248,244.732,732.503,228.588,573.240
530.536,966.776,509.339,799.110,244.823,732.853,228.630,573.197
530.473,966.752,509.327,799.035,244.781,732.423,228.661,573.313
530.511,966.619,509.432,798.913,244.875,732.333,228.427,573.206
530.283,966.676,509.294,799.171,244.815,732.296,228.443,573.257
530.602,966.631,509.399,798.893,244.880,732.846,228.303,572.866
530.441,966.761,509.259,799.065,244.829,732.684,228.352,572.681
530.741,966.804,509.353,798.757,244.669,732.592,228.422,572.915
530.465,966.825,509.300,798.969,244.761,732.181,228.709,572.976
530.491,966.926,509.279,799.060,244.711,732.324,228.652,573.016
530.645,966.752,509.444,798.931,244.938,732.488,228.500,572.990
530.500,966.752,509.352,798.999,244.858,732.464,228.763,572.280
530.390,966.880,509.443,799.036,244.866,733.198,228.254,572.553
530.531,966.943,509.392,799.045,244.632,733.133,228.189,573.775
530.409,966.789,509.381,798.987,244.807,732.945,228.689,572.736
530.686,966.939,509.346,799.057,244.799,733.002,228.191,572.905
530.360,966.920,509.379,798.926,244.899,733.254,228.295,573.042
530.366,966.735,509.381,799.039,244.735,733.038,228.153,572.873
530.454,966.753,509.410,798.929,244.591,733.025,228.478,572.851
530.420,966.868,509.446,798.740,244.692,733.113,228.399,573.021
530.384,966.682,509.251,798.951,244.904,733.229,228.616,573.205
530.459,966.822,509.271,798.969,244.803,732.925,228.718,573.325
530.514,966.879,509.233,799.243,244.931,732.823,228.814,573.299
530.755,966.911,509.230,799.109,245.049,732.767,228.540,573.210
530.452,966.757,509.238,799.057,244.748,732.265,228.069,573.235
530.469,966.473,509.266,799.245,244.830,732.842,229.346,572.984
530.530,966.672,509.324,799.074,244.722,732.560,229.217,572.850
530.514,966.449,509.285,798.904,244.602,732.738,229.191,572.923
530.544,966.463,509.309,799.041,244.629,732.787,229.275,572.606
530.424,966.538,509.395,798.763,244.966,733.148,229.423,572.828
530.419,966.504,509.419,798.846,244.875,732.815,229.275,573.185
530.452,966.398,509.414,798.802,244.992,732.846,228.894,572.876
530.504,966.488,509.335,798.915,244.961,732.887,229.429,572.126
530.330,966.463,509.483,798.713,244.872,732.818,229.447,571.982
530.295,966.629,509.357,799.052,244.928,732.722,229.077,572.220
530.432,966.750,509.302,799.187,245.022,732.777,229.463,572.271
530.465,966.597,509.231,798.992,244.730,733.065,229.678,572.719
530.454,966.630,509.325,798.935,244.811,732.998,229.200,573.212
530.626,966.894,509.278,799.092,244.944,733.255,229.157,572.889
530.448,966.921,509.336,798.812,244.652,733.269,229.298,572.959
530.378,966.658,509.307,799.020,244.810,733.050,229.135,573.080
530.604,966.703,509.331,798.832,244.665,733.109,229.442,572.606
530.333,966.439,509.276,799.307,244.583,733.732,229.722,571.969
530.466,966.799,509.267,799.203,244.663,733.584,229.837,572.255
530.551,966.682,509.315,799.163,244.659,733.022,230.458,572.622
530.353,966.557,509.304,799.258,244.784,733.125,229.985,573.322
530.485,967.018,509.266,799.224,244.854,733.883,229.758,573.274
530.394,966.632,509.306,799.308,244.827,733.667,229.486,572.831
530.405,966.689,509.267,799.241,244.893,733.946,229.698,572.309
530.394,966.645,509.276,799.267,244.798,733.293,229.983,572.572
530.464,966.953,509.334,799.038,244.926,733.118,230.469,572.619
530.283,966.642,509.664,798.385,244.831,733.116,229.797,573.229
530.573,966.706,509.244,799.063,244.724,733.076,229.511,573.100
530.390,966.520,509.378,798.998,244.878,733.262,230.023,572.598
530.343,966.521,509.282,799.222,244.934,732.749,229.793,572.284
530.251,966.341,509.313,799.018,244.883,732.159,229.582,572.110
530.397,966.564,509.287,798.958,244.964,733.122,230.590,572.118
530.312,966.494,509.186,799.248,244.987,733.133,229.294,572.704
530.396,966.476,509.260,799.360,244.922,732.838,229.310,572.689
530.717,966.795,509.283,799.112,244.776,733.064,229.980,571.737
530.410,966.721,509.435,798.968,244.637,733.260,230.108,571.403
530.475,966.609,509.397,799.029,244.795,732.802,230.227,571.718
530.566,966.600,509.282,799.073,244.867,733.544,230.546,571.926
530.499,966.657,509.264,799.065,244.699,732.912,230.600,572.701
530.501,966.638,509.279,799.046,244.865,732.665,231.798,572.244
530.418,966.438,509.245,798.945,244.849,732.427,231.490,572.756
530.576,966.704,509.289,799.038,244.619,732.273,231.100,573.654
530.602,966.645,509.351,798.858,244.770,732.558,230.043,574.641
530.341,966.651,509.210,799.071,244.832,732.195,229.387,574.323
530.314,966.693,509.280,799.050,244.843,732.045,230.185,574.723
530.115,966.183,509.405,798.841,244.757,732.466,229.796,574.047
530.256,966.339,509.251,799.159,244.780,732.520,228.554,572.738
530.377,966.532,509.350,798.979,244.859,732.698,228.259,571.881
530.467,966.665,509.343,798.859,244.622,732.155,228.351,571.877
530.226,966.437,509.462,798.615,244.726,733.027,228.368,573.216
530.435,966.688,509.416,798.993,244.678,732.456,228.374,572.770
530.304,966.499,509.385,798.898,244.690,732.776,228.211,572.618
530.163,966.395,509.342,798.941,244.871,732.723,228.212,572.031
530.189,966.395,509.290,798.966,244.881,732.952,228.493,571.375
530.456,966.453,509.352,799.046,245.060,733.546,228.483,572.303
530.503,966.588,509.425,798.836,244.714,733.337,228.281,571.756
530.701,966.756,509.287,799.067,244.828,733.362,228.382,571.447
530.641,966.642,509.315,798.999,244.778,733.303,228.420,571.218
530.658,967.026,509.206,799.353,244.676,733.661,229.154,572.014
530.724,966.917,509.480,799.065,244.682,733.323,228.774,573.390
530.334,966.468,509.250,799.047,244.893,733.024,228.844,572.769
530.381,966.603,509.320,799.071,244.936,733.064,228.505,571.653
530.466,966.627,509.429,798.744,244.956,732.990,228.972,572.047
530.564,966.608,509.474,798.854,244.898,733.039,229.189,572.979
530.483,966.617,509.390,798.790,244.828,732.868,229.236,573.351
530.466,966.529,509.208,798.929,244.689,732.918,228.848,572.437
530.428,966.585,509.151,799.027,244.751,732.722,229.250,572.623
530.439,966.396,509.235,798.738,244.838,732.827,229.221,573.640
530.339,966.403,509.278,798.632,244.887,732.658,229.262,573.776
530.510,966.549,509.249,798.782,244.960,732.195,228.829,573.088
530.463,966.518,509.252,798.566,244.903,732.471,229.455,573.102
530.509,966.639,509.274,798.862,244.854,732.926,229.264,572.727
530.615,966.870,509.253,798.895,244.995,732.632,228.705,572.664
530.432,966.431,509.168,799.057,244.632,732.388,226.855,572.306
530.218,966.340,509.330,798.934,244.675,732.739,227.169,573.229
530.435,966.771,509.300,798.972,244.842,733.258,227.366,572.236
530.357,966.739,509.410,799.080,244.712,733.375,227.808,573.334
530.484,966.730,509.364,798.882,244.645,733.290,227.041,573.553
530.349,966.463,509.352,798.792,244.883,733.008,226.878,573.078
530.402,966.659,509.240,799.045,244.862,732.828,227.170,573.182
530.323,966.298,509.414,798.767,244.652,732.752,226.739,574.775
530.418,966.488,509.451,798.791,244.815,732.883,226.922,575.905
530.177,966.656,509.521,798.721,244.913,732.076,227.502,573.879
530.350,966.823,509.482,799.041,244.931,732.261,227.221,574.756
530.452,966.681,509.417,798.940,244.929,732.625,226.481,573.653
530.483,966.682,509.458,798.983,244.856,732.378,227.030,573.397
530.581,966.869,509.381,799.011,244.831,733.034,227.614,572.613
530.586,966.800,509.451,798.856,244.819,732.888,228.233,572.689
530.586,966.669,509.410,798.738,244.788,733.254,228.624,573.909
530.708,966.753,509.407,799.170,244.821,732.546,228.059,574.340
530.764,966.730,509.447,798.972,244.857,732.297,227.693,573.004
530.474,966.487,509.315,799.019,244.799,732.506,228.178,572.327
530.300,966.548,509.270,799.165,244.832,732.694,227.262,569.974
530.630,966.644,509.318,799.070,244.885,732.765,228.204,572.108
530.451,966.507,509.302,798.820,244.761,732.764,228.861,572.866
530.437,966.580,509.287,798.991,244.905,732.406,228.446,573.087
530.577,966.517,509.389,798.903,244.949,732.571,227.813,572.982
530.452,966.392,509.321,799.155,244.674,732.848,228.199,572.582
530.587,966.592,509.271,799.081,244.738,732.811,228.871,572.724
530.617,966.754,509.251,799.223,244.822,732.137,230.464,573.078
530.523,966.818,509.259,799.064,244.823,732.348,230.613,573.564
530.561,966.858,509.220,798.914,244.858,732.632,230.369,573.771
530.354,966.587,509.552,798.664,244.934,732.274,230.206,572.656
530.353,966.570,509.500,798.574,244.867,732.278,230.855,572.253
530.479,966.684,509.430,798.825,244.909,732.206,228.811,572.814
530.396,966.604,509.323,798.858,245.005,732.373,229.650,572.524
530.343,966.482,509.414,798.996,244.959,732.064,230.266,572.873
530.346,966.507,509.392,798.926,244.918,731.833,230.051,572.675
530.332,966.422,509.333,798.968,245.030,733.177,229.758,572.293
530.273,966.334,509.418,798.828,245.038,732.382,229.938,572.496
530.481,966.554,509.463,798.785,245.056,732.961,229.276,573.054
530.677,966.932,509.402,798.814,244.912,732.825,229.179,572.969
530.400,966.667,509.361,798.888,244.920,732.912,229.383,573.081
530.674,966.672,509.428,798.792,244.948,732.247,229.713,574.160
530.637,966.774,509.390,799.026,244.825,732.649,230.291,573.683
530.478,966.705,509.522,798.692,244.930,732.734,230.467,573.770
530.358,966.581,509.421,798.801,244.825,732.686,230.863,573.877
530.575,966.711,509.387,798.853,244.994,732.811,230.268,572.610
530.554,966.863,509.401,798.813,244.910,732.690,231.000,572.585
530.740,966.920,509.346,798.964,244.893,733.025,232.590,577.879
530.838,967.010,509.341,799.233,244.931,732.626,231.787,576.181
530.719,966.932,509.429,798.922,244.942,732.430,231.480,574.510
530.659,966.713,509.422,798.870,244.704,732.368,231.286,573.313
530.697,966.643,509.470,798.802,244.667,732.856,230.698,573.522
530.627,966.551,509.379,798.949,244.910,733.121,230.088,573.207
530.868,967.026,509.467,798.902,244.761,732.694,229.280,574.110
530.662,966.840,509.407,799.133,244.805,732.276,229.538,574.451
530.737,966.927,509.335,799.108,244.927,732.534,229.943,575.720
530.540,966.524,509.368,799.008,244.824,732.672,228.670,576.786
530.707,966.907,509.394,798.644,244.953,732.990,228.183,576.957
530.777,967.106,509.299,798.622,244.940,732.333,228.663,576.731
530.595,967.038,509.293,798.738,244.841,732.706,228.666,577.054
530.650,966.874,509.376,799.086,244.852,732.618,228.551,576.264
530.638,966.950,509.394,799.011,244.921,732.997,229.162,575.443
530.795,966.969,509.213,799.151,244.688,732.946,230.755,575.658
530.684,966.884,509.287,799.102,244.685,732.902,231.146,575.940
530.640,966.751,509.496,798.845,244.846,733.297,230.914,574.078
530.531,966.750,509.384,799.000,244.668,732.900,229.939,572.913
530.719,966.739,509.354,798.971,244.928,732.854,231.025,574.338
530.759,966.861,509.344,799.168,244.797,732.770,231.327,575.168
530.650,966.832,509.370,799.244,244.916,732.338,231.703,575.912
530.622,966.524,509.337,799.207,244.701,732.828,231.689,573.948
530.549,966.596,509.339,799.092,244.691,732.880,231.196,572.957
530.558,966.785,509.267,799.002,244.670,733.025,230.682,572.468
530.321,966.800,509.195,799.208,244.500,732.790,231.920,572.679
530.798,966.964,509.367,798.940,244.581,732.804,233.235,572.393
530.585,966.806,509.395,798.957,244.763,732.770,229.983,572.554
530.671,966.936,509.236,799.092,244.731,733.062,229.864,573.371
530.662,966.883,509.164,799.254,244.728,733.080,229.822,573.849
530.553,966.804,509.253,799.144,244.619,732.727,229.673,572.876
530.936,967.073,509.232,799.263,244.836,732.934,229.405,572.993
530.747,966.998,509.284,799.089,244.831,732.337,229.599,572.543
530.521,966.847,509.323,798.930,244.802,732.408,230.007,572.472
530.570,966.808,509.258,799.120,244.981,732.636,229.702,572.146
530.685,966.909,509.385,798.692,244.969,732.938,230.250,571.849
530.686,966.879,509.282,798.922,244.954,732.446,230.875,571.588
530.615,966.556,509.326,798.976,244.765,733.278,231.025,571.780
530.597,966.654,509.375,799.063,244.831,733.387,231.446,571.544
530.773,966.889,509.365,798.974,244.865,732.880,231.774,571.136
530.817,966.996,509.209,799.269,244.857,732.989,231.978,571.041
530.643,966.650,509.394,798.923,244.856,733.012,231.910,570.926
530.801,967.046,509.404,798.786,244.739,733.099,232.132,570.938
530.617,966.287,509.193,799.020,244.629,732.509,231.394,571.310
530.700,966.632,509.286,798.920,244.741,732.643,230.987,571.833
530.822,966.887,509.373,798.892,244.977,732.667,231.513,570.839
530.747,966.795,509.391,798.952,244.910,732.749,231.465,571.608
530.522,966.717,509.419,798.902,244.961,732.770,232.335,571.186
530.674,966.855,509.248,798.853,244.972,732.158,230.945,571.434
530.809,966.962,509.277,799.146,244.929,732.466,230.998,571.209
530.415,966.593,509.240,799.149,244.911,732.500,230.726,571.046
530.580,966.759,509.273,799.128,244.897,732.688,231.132,571.348
530.538,966.734,509.132,799.286,245.077,733.078,230.842,570.740
530.681,966.686,509.252,799.057,245.112,733.086,229.949,571.284
530.669,966.829,509.301,798.757,244.983,732.438,229.933,572.279
530.714,966.799,509.325,798.886,244.909,732.827,229.447,572.596
530.659,966.702,509.226,799.065,244.812,732.879,229.371,572.861
530.658,966.753,509.202,799.094,244.936,732.828,229.494,573.038
530.681,966.867,509.262,798.982,244.881,733.088,229.461,572.668
530.626,966.713,509.327,799.136,245.091,732.748,229.418,573.065
530.673,966.640,509.239,798.976,245.077,733.152,229.369,572.997
530.886,966.896,509.275,798.970,245.018,733.140,228.789,572.577
530.951,966.985,509.335,798.928,244.988,733.085,228.480,572.147
530.577,966.771,509.251,799.062,244.759,733.165,229.708,571.720
530.587,966.741,509.210,799.292,244.825,732.917,229.771,571.909
530.681,966.743,509.308,799.121,244.902,733.588,230.768,571.532
530.890,967.023,509.293,799.150,244.847,733.133,231.563,571.130
530.607,966.628,509.473,798.989,244.862,733.266,230.908,571.366
530.623,966.694,509.421,799.070,244.878,733.391,231.348,570.248
530.762,966.586,509.365,799.019,244.868,733.179,230.837,569.777
530.657,966.714,509.346,799.193,244.814,733.170,231.565,569.630
530.722,966.782,509.624,798.742,244.973,733.298,232.065,569.531
530.824,966.719,509.285,799.216,244.872,732.548,232.278,569.523
530.531,966.754,509.419,798.978,244.833,733.014,232.221,569.637
530.758,966.524,509.394,799.023,244.875,732.801,232.316,569.453
530.590,966.581,509.344,799.090,244.957,732.917,232.289,569.319
530.778,966.781,509.363,798.965,244.820,732.354,232.546,569.978
530.788,966.945,509.296,798.830,244.823,732.398,232.944,570.990
530.534,966.463,509.169,799.403,244.764,732.650,232.254,570.963
530.607,966.413,509.123,799.280,244.809,732.679,232.501,571.469
530.408,966.421,509.197,799.123,244.930,733.042,233.321,572.990
530.357,966.275,509.262,799.309,244.856,732.683,232.840,573.012
530.572,966.561,509.362,799.003,244.839,733.319,232.528,572.285
530.676,966.530,509.537,798.859,244.770,733.458,232.718,572.679
530.654,966.650,509.283,799.005,245.050,733.324,233.033,573.228
530.653,966.469,509.308,798.967,244.885,732.903,232.338,573.483
530.855,966.716,509.309,799.034,244.959,732.454,232.927,574.124
530.585,966.617,509.296,798.994,244.948,732.700,233.150,572.870
530.618,966.703,509.411,798.953,244.863,732.518,233.035,573.383
530.602,966.590,509.295,799.017,244.711,732.785,232.498,573.311
530.502,966.662,509.255,798.982,244.695,733.159,232.541,573.217
530.589,966.682,509.376,799.145,244.694,733.085,232.520,573.178
530.583,966.783,509.321,799.084,244.723,733.199,232.409,573.371
530.677,966.841,509.217,799.154,244.783,732.264,232.078,573.160
530.658,966.863,509.150,799.143,244.810,732.543,232.163,573.598
530.710,966.860,509.216,799.075,244.561,732.854,232.021,573.378
530.724,966.883,509.289,798.943,244.749,732.812,232.191,573.155
530.575,966.609,509.401,798.786,244.965,732.936,232.726,573.499
530.574,966.723,509.359,798.772,244.868,733.088,233.195,573.768
530.458,966.421,509.370,799.064,244.844,732.882,233.240,573.701
530.285,966.239,509.245,799.005,244.977,732.240,233.283,574.096
530.405,966.392,509.283,799.002,244.942,732.732,233.444,574.013
530.525,966.359,509.485,798.805,244.730,732.542,233.422,573.631
530.491,966.499,509.438,798.923,244.868,733.115,233.446,573.937
530.535,966.513,509.393,799.120,244.836,732.740,233.946,574.569
530.452,966.535,509.328,798.965,244.944,733.179,233.764,574.087
530.595,966.650,509.360,798.809,244.866,732.840,233.678,574.904
530.507,966.616,509.283,798.916,244.886,732.862,233.591,574.501
530.550,966.555,509.350,799.037,244.827,732.794,233.125,574.036
530.492,966.562,509.306,798.906,244.815,732.857,232.339,573.755
530.680,966.636,509.296,798.828,244.819,732.452,232.536,573.552
530.594,966.855,509.300,798.906,244.850,732.296,231.744,573.500
530.707,966.876,509.244,798.916,244.820,732.521,231.753,573.374
530.486,966.611,509.401,798.836,244.776,732.483,232.265,573.736
530.631,966.814,509.338,799.051,244.699,732.892,231.905,573.357
530.734,966.666,509.415,798.898,244.879,732.789,231.943,573.479
530.602,966.491,509.283,799.187,244.905,732.652,231.813,573.549
530.735,966.748,509.277,799.248,244.739,733.213,231.778,573.531
530.667,966.630,509.353,798.869,244.806,732.798,231.857,573.470
530.648,966.608,509.370,799.057,244.657,732.871,232.053,573.578
530.600,966.368,509.333,798.946,244.890,733.032,231.977,573.520
530.480,966.466,509.221,798.951,244.812,733.202,232.204,573.596
530.545,966.426,509.237,798.687,244.895,732.803,232.110,573.489
530.653,966.643,509.361,798.892,244.568,732.953,232.084,573.453
530.882,966.805,509.445,798.912,244.790,733.083,232.424,573.666
530.702,966.510,509.400,798.908,244.886,732.316,232.516,573.860
530.878,966.911,509.294,799.052,244.817,733.009,232.639,574.136
530.862,966.910,509.291,798.833,244.890,733.147,232.657,574.297
530.634,966.695,509.380,798.828,244.903,732.870,233.169,574.200
530.526,966.559,509.406,798.698,244.957,732.488,233.545,574.041
530.459,966.489,509.315,798.882,244.890,733.277,233.488,573.985
530.614,966.568,509.280,799.122,244.952,733.034,233.126,573.867
530.560,966.848,509.202,799.209,244.924,732.711,232.265,574.333
530.627,966.768,509.281,799.224,244.827,732.559,231.976,574.269
530.558,966.514,509.403,798.648,244.829,732.846,231.968,574.470
530.661,966.738,509.333,798.887,244.909,732.703,231.998,574.448
530.711,966.827,509.238,799.055,245.059,732.738,232.242,573.784
530.713,966.800,509.490,798.649,245.049,732.962,232.444,573.653
530.536,966.777,509.411,798.925,244.905,733.048,232.209,573.605
530.568,966.915,509.414,798.966,244.899,732.335,232.007,573.427
530.781,966.850,509.404,799.072,244.870,732.478,232.185,573.137
530.535,966.683,509.249,798.906,244.773,732.476,232.504,572.573
530.417,966.533,509.399,798.765,244.960,732.711,231.895,572.009
530.565,966.729,509.365,799.023,244.761,732.575,231.314,572.184
530.418,966.616,509.415,798.864,244.834,732.503,231.775,571.693
530.709,966.877,509.304,798.943,244.880,733.092,231.013,572.498
530.863,966.889,509.494,798.956,244.781,732.961,230.904,572.685
530.865,966.780,509.264,799.098,244.691,732.864,231.027,572.789
530.906,966.964,509.456,798.852,244.784,732.634,232.033,572.566
530.744,966.716,509.433,798.819,244.863,732.486,231.670,571.977
530.586,966.684,509.218,799.054,244.829,732.534,231.079,571.687
530.682,966.610,509.265,799.191,244.861,732.866,231.241,572.061
530.909,966.717,509.444,798.925,244.845,732.674,231.223,572.189
530.597,966.498,509.409,798.888,244.823,732.532,231.449,572.098
530.766,966.934,509.338,799.049,245.044,732.006,231.459,572.074
530.336,966.525,509.368,798.981,244.879,731.954,231.556,572.202
530.450,966.560,509.446,798.942,245.012,733.106,231.742,572.322
530.425,966.464,509.378,799.111,244.857,732.864,232.372,572.676
530.534,966.293,509.298,799.213,245.000,732.855,232.625,572.998
530.382,966.274,509.385,799.123,244.910,732.908,232.737,573.421
530.647,966.802,509.328,798.966,244.827,732.529,233.159,573.168
530.791,966.770,509.393,799.027,244.909,732.967,233.647,573.945
530.723,966.905,509.340,799.090,244.942,732.740,233.861,574.252
530.741,966.972,509.345,799.192,244.998,732.374,234.105,574.473
530.846,967.010,509.289,799.377,245.059,732.460,233.521,574.399
530.676,966.942,509.379,798.853,244.990,732.724,232.003,572.405
530.624,966.858,509.280,799.101,244.897,732.165,232.178,572.255
530.664,966.876,509.300,799.244,244.953,733.442,231.671,572.262
530.749,966.918,509.166,799.361,244.935,732.238,232.103,571.881
530.630,966.603,509.485,798.730,244.971,732.487,232.968,571.722
530.687,966.718,509.461,798.716,244.984,732.838,232.568,572.276
530.740,966.805,509.337,799.175,245.023,732.516,232.150,572.925
530.755,966.866,509.312,799.090,245.124,732.795,231.639,572.409
530.651,966.801,509.461,798.946,244.808,732.366,231.372,571.886
530.811,966.807,509.490,799.008,244.952,732.480,231.736,571.221
530.689,966.684,509.369,798.876,245.000,732.746,232.084,571.091
530.848,966.910,509.528,798.560,244.829,732.599,232.127,570.931
530.908,966.807,509.362,798.872,244.824,732.810,231.554,570.544
530.572,966.567,509.309,799.046,245.069,732.713,232.019,570.731
530.556,966.586,509.418,799.039,245.038,732.980,232.320,571.003
530.506,966.652,509.366,798.894,244.828,732.210,232.241,571.615
530.722,966.730,509.280,799.145,245.031,732.377,232.409,571.998
530.579,966.594,509.226,799.145,244.974,732.452,232.510,572.745
530.722,966.718,509.258,799.119,244.978,732.282,234.637,573.057
530.994,966.717,509.220,799.006,245.150,733.005,233.886,573.674
530.881,966.759,509.303,798.897,244.991,732.755,233.367,573.425
531.055,966.882,509.321,799.038,244.916,732.722,232.712,572.623
530.995,966.792,509.261,799.110,244.979,733.024,232.511,572.940
530.647,966.729,509.397,799.002,244.927,732.532,233.076,572.303
530.719,966.742,509.413,798.906,244.700,732.486,233.482,572.762
530.582,966.475,509.299,799.015,244.828,731.954,232.273,573.181
530.802,966.736,509.274,799.295,245.022,731.732,231.756,574.051
530.631,966.609,509.294,799.343,244.734,732.277,232.584,572.533
530.597,966.728,509.350,799.297,244.900,732.698,231.615,572.841
530.554,966.699,509.360,798.914,244.894,732.349,231.791,573.208
530.600,966.634,509.346,798.925,244.611,732.450,231.268,573.063
530.554,966.760,509.271,799.135,244.670,732.220,232.377,572.278
530.771,966.578,509.376,798.885,244.932,731.955,231.972,571.977
530.890,966.817,509.336,798.950,244.937,732.294,231.953,572.371
530.934,966.901,509.349,798.989,244.977,732.998,231.949,573.033
530.738,966.639,509.359,799.064,244.807,732.771,231.581,573.013
530.764,966.717,509.400,798.909,244.930,732.533,231.081,572.359
530.784,966.741,509.330,798.924,244.952,732.358,231.970,571.580
530.747,966.576,509.400,798.986,245.050,732.469,232.033,572.478
530.816,966.616,509.387,798.968,245.013,732.395,231.428,573.507
530.915,966.703,509.392,799.022,244.943,732.290,232.011,573.357
531.002,967.038,509.346,799.179,244.973,732.459,232.414,573.473
530.829,966.770,509.360,799.204,244.972,732.639,232.914,573.733
530.811,966.503,509.305,799.029,244.933,732.085,233.152,574.028
530.806,966.693,509.423,798.909,244.937,732.162,233.197,574.473
530.868,966.724,509.512,798.772,244.954,732.032,232.967,574.745
530.743,966.626,509.516,798.862,245.131,732.085,233.085,574.243
530.896,966.799,509.400,798.757,245.147,732.254,233.065,574.226
530.797,966.720,509.353,798.790,245.180,732.264,232.716,573.498
530.851,966.769,509.216,799.244,244.818,733.235,232.606,573.233
530.776,966.638,509.381,798.864,244.879,732.774,232.989,572.620
530.963,966.822,509.331,799.020,244.913,733.107,233.459,573.008
531.121,966.890,509.349,799.122,244.994,732.488,233.194,572.667
530.606,966.317,509.451,799.096,244.851,732.592,233.027,573.354
530.751,966.481,509.451,798.927,244.736,732.385,233.176,573.724
530.856,966.762,509.315,799.015,244.781,732.760,233.069,573.853
530.818,966.711,509.350,799.344,244.866,732.842,233.182,573.627
530.906,966.816,509.434,798.999,244.769,732.583,232.209,573.889
530.786,966.609,509.350,799.117,244.805,732.922,232.110,574.205
530.833,966.507,509.446,798.845,244.749,732.633,233.617,574.301
530.875,966.709,509.429,798.942,244.750,732.676,233.765,574.805
530.676,966.443,509.373,799.151,244.813,732.544,233.996,574.952
530.855,966.819,509.280,798.964,244.871,732.455,234.163,575.356
530.627,966.770,509.336,799.012,244.858,732.670,233.914,575.038
530.945,966.889,509.256,799.190,245.019,732.784,233.065,574.617
530.678,966.233,509.385,798.973,244.951,732.510,232.655,574.416
530.649,966.442,509.363,798.933,244.936,732.425,232.706,574.303
530.903,966.715,509.352,799.017,244.772,732.168,233.782,574.038
530.864,966.684,509.443,799.056,244.917,732.300,232.907,573.999
530.847,966.791,509.402,798.964,244.892,732.889,232.568,574.761
530.826,966.619,509.426,798.929,244.849,732.783,231.745,574.240
530.676,966.332,509.277,799.144,245.034,732.647,232.124,573.719
530.706,966.556,509.304,799.295,245.004,732.812,231.830,573.315
530.880,966.815,509.331,799.414,245.000,732.319,232.837,573.678
530.735,966.591,509.426,799.065,245.028,732.279,231.888,573.549
530.809,966.875,509.347,799.036,244.692,732.354,232.760,573.349
530.809,966.809,509.452,798.934,244.994,732.223,232.776,573.551
530.711,966.679,509.393,798.783,244.884,732.544,232.845,573.804
530.603,966.617,509.425,798.825,244.874,733.015,232.438,573.093
530.574,966.691,509.429,798.792,244.821,732.755,232.793,573.717
530.710,966.713,509.549,798.754,245.022,732.189,233.229,573.916
530.806,966.745,509.475,798.799,244.944,732.199,232.843,573.664
530.378,966.423,509.703,798.491,244.929,732.816,232.224,573.674
530.647,966.841,509.643,798.629,244.997,733.164,232.466,573.218
530.609,966.752,509.349,799.264,244.845,732.887,232.931,572.819
530.573,966.688,509.331,799.219,244.927,732.781,232.964,573.798
530.824,966.681,509.403,798.872,244.627,732.364,232.638,573.482
530.757,966.662,509.497,798.914,244.887,732.600,232.147,572.710
530.877,966.681,509.448,798.950,244.835,732.069,232.159,572.279
530.967,966.852,509.398,798.940,244.730,731.792,232.231,573.707
530.808,966.965,509.332,799.075,244.996,732.329,232.572,574.837
530.991,966.896,509.345,799.259,244.843,732.118,232.729,575.003
530.764,966.705,509.337,799.326,244.755,732.391,232.130,574.908
530.733,966.675,509.441,798.907,245.023,732.448,230.628,573.750
530.768,966.771,509.377,799.199,244.877,732.602,231.339,573.126
530.530,966.602,509.617,798.462,244.713,732.683,231.232,572.076
530.634,966.753,509.285,799.378,244.836,732.703,231.535,571.681
530.730,966.694,509.606,798.750,244.773,732.466,230.998,572.345
530.670,966.715,509.349,799.051,244.763,732.596,230.685,571.822
530.563,966.580,509.376,799.059,244.964,732.175,230.535,571.891
530.605,966.661,509.505,798.804,244.832,732.290,230.448,571.298
530.671,966.820,509.550,798.827,244.840,732.582,230.142,570.852
530.793,966.825,509.410,799.117,244.882,732.341,229.697,571.337
530.881,966.852,509.315,799.135,244.960,732.799,230.285,573.131
530.575,966.626,509.417,799.315,244.831,732.677,229.803,572.448
530.548,966.651,509.397,799.395,244.890,732.997,229.609,571.230
530.579,966.450,509.385,798.960,245.091,733.057,229.557,571.990
530.744,966.639,509.422,798.858,245.048,732.870,229.774,572.100
530.791,966.823,509.462,798.795,244.891,732.645,230.117,573.056
530.892,966.945,509.497,798.849,245.067,733.032,229.923,572.770
530.920,966.895,509.300,798.925,245.015,732.663,228.210,571.696
530.758,966.718,509.472,798.957,245.037,733.309,230.190,573.158
530.659,966.543,509.430,798.707,244.978,732.802,229.767,572.041
530.596,966.586,509.319,798.969,244.866,732.988,229.180,572.236
530.916,967.087,509.511,798.780,244.717,732.900,228.085,572.245
530.775,966.920,509.453,798.881,244.642,732.981,230.013,573.578
530.545,966.822,509.417,798.891,244.728,732.624,229.143,573.393
530.618,966.829,509.390,799.163,244.808,732.344,228.054,572.690
530.638,966.869,509.283,798.918,244.752,732.397,228.004,572.119
530.741,966.747,509.322,798.914,244.988,731.885,229.152,574.428
530.517,966.635,509.365,799.051,244.937,731.988,228.887,574.334
530.712,966.871,509.389,799.048,244.843,732.455,228.933,573.095
530.613,966.808,509.361,799.117,244.766,732.378,228.972,572.542
530.682,966.850,509.560,798.722,244.654,732.199,229.532,574.467
530.629,966.716,509.488,798.831,244.729,732.188,229.890,575.909
530.807,966.856,509.438,798.958,244.707,732.658,228.980,574.630
530.777,966.810,509.440,798.907,244.683,732.887,228.901,573.709
530.715,966.652,509.237,799.106,244.797,732.453,229.441,576.064
530.934,966.874,509.367,798.818,244.951,732.276,229.135,575.052
530.953,966.816,509.233,799.130,244.866,732.584,229.225,576.325
530.847,966.797,509.335,799.135,244.897,732.296,229.222,575.388
530.730,966.733,509.427,799.016,244.960,732.566,229.873,576.539
530.622,966.656,509.248,799.005,244.875,731.954,229.590,574.599
530.652,966.695,509.302,799.060,244.916,731.983,230.495,577.293
530.836,966.840,509.264,799.090,244.936,732.484,230.352,576.824
530.694,966.698,509.336,799.015,244.883,732.313,230.805,576.303
530.982,966.976,509.381,799.082,244.888,732.723,230.633,576.452
530.951,966.854,509.402,798.710,244.917,732.392,230.746,577.970
530.803,966.660,509.382,798.836,244.841,732.405,231.027,578.527
530.752,966.942,509.408,798.924,244.871,732.612,230.913,576.222
530.634,966.815,509.373,798.962,244.937,731.890,230.684,576.698
530.909,967.169,509.286,799.172,244.840,732.580,230.650,577.087
531.043,967.285,509.350,798.953,245.080,731.972,229.530,577.037
530.969,967.146,509.496,798.916,244.870,732.070,231.011,576.541
530.930,967.013,509.402,798.861,244.882,731.647,229.767,575.091
530.923,966.814,509.354,798.810,244.935,732.510,229.563,574.676
530.946,967.076,509.320,799.204,244.886,731.988,229.616,574.703
531.125,966.993,509.353,798.968,244.728,732.517,230.927,577.148
531.060,967.108,509.511,798.736,244.853,732.315,230.987,577.650
530.940,966.940,509.422,798.816,244.821,732.030,230.403,577.658
530.919,966.897,509.445,799.025,244.881,731.727,230.196,575.516
530.652,966.634,509.248,799.063,244.930,732.400,230.751,577.449
530.551,966.486,509.432,798.913,244.908,732.511,230.729,577.640
530.806,966.860,509.337,799.157,244.930,732.149,230.728,577.534
530.562,966.698,509.311,799.070,244.866,732.329,231.028,577.503
531.045,966.805,509.454,799.044,245.016,732.374,230.665,576.161
530.739,966.838,509.435,798.957,244.803,732.655,231.522,577.352
530.874,966.994,509.421,799.035,244.826,732.681,231.106,577.293
530.731,966.980,509.357,799.024,244.888,732.538,230.531,577.188
530.629,966.781,509.430,798.957,244.890,732.541,230.706,577.298
530.685,966.955,509.382,798.909,244.764,732.838,230.437,576.970
530.737,966.921,509.363,798.917,244.941,733.006,230.269,575.930
530.718,966.916,509.266,799.055,245.010,732.930,229.041,573.648
530.690,966.895,509.364,799.095,245.041,732.476,230.068,575.434
530.811,966.945,509.391,799.060,244.931,733.217,229.552,576.722
530.910,967.117,509.466,798.753,244.970,732.867,229.825,576.456
530.616,966.793,509.435,798.855,244.896,732.129,228.608,573.415
530.708,966.867,509.421,799.049,244.786,732.774,228.617,574.122
530.927,966.949,509.468,798.952,244.978,732.574,228.723,574.077
530.756,966.923,509.387,798.745,244.828,732.734,229.869,576.173
530.703,966.768,509.316,798.846,244.754,733.044,229.849,576.482
530.929,967.027,509.332,798.823,244.920,732.731,229.997,576.518
530.978,966.959,509.286,799.021,244.854,732.726,229.412,574.926
530.931,966.946,509.230,798.869,244.828,732.500,230.024,576.335
530.956,966.871,509.216,798.929,244.853,732.497,229.021,574.716
530.795,966.947,509.360,798.952,244.937,732.231,228.611,574.349
530.769,966.960,509.266,799.074,244.889,733.078,229.408,576.623
530.753,966.817,509.365,798.881,244.984,732.369,229.896,576.342
530.821,966.708,509.259,799.034,244.960,732.181,230.059,576.686
530.735,966.414,509.448,798.755,245.005,732.382,229.480,575.078
530.944,966.875,509.279,799.097,245.054,732.517,230.370,577.454
530.924,966.917,509.448,798.881,245.276,732.623,229.672,576.924
530.883,966.773,509.431,798.715,245.158,732.871,230.634,576.188
530.806,966.739,509.366,798.976,245.105,732.591,230.187,573.696
530.525,966.215,509.436,798.783,244.957,732.746,231.205,575.967
530.625,966.396,509.420,798.570,244.996,732.584,230.847,574.861
530.777,966.671,509.178,799.048,245.142,732.356,232.058,576.964
530.945,966.941,509.267,799.012,245.072,732.080,231.354,576.759
531.034,966.795,509.376,798.801,245.113,732.656,231.458,575.920
530.956,966.742,509.373,798.691,245.149,732.212,232.105,578.224
530.783,966.804,509.481,798.772,244.907,732.675,232.576,577.324
530.985,966.866,509.453,798.726,244.860,732.756,231.907,576.242
530.674,966.643,509.471,798.740,244.995,732.668,232.411,575.328
530.832,966.859,509.445,798.626,244.826,732.697,232.351,575.562
530.719,966.797,509.399,798.856,245.144,732.847,232.411,574.867
530.927,966.720,509.429,798.690,245.066,732.909,232.819,575.380
530.763,966.731,509.537,798.637,244.788,732.495,233.054,575.381
531.055,966.966,509.382,798.955,244.972,732.628,232.483,574.411
530.789,966.684,509.344,798.996,245.001,732.681,232.220,574.058
530.821,966.861,509.376,798.905,244.885,732.747,232.397,574.511
530.818,967.056,509.467,798.814,244.781,732.646,232.500,574.730
530.721,966.635,509.325,798.925,244.709,733.155,232.771,574.929
530.833,966.795,509.396,799.118,244.827,733.256,232.702,573.942
531.018,966.909,509.168,799.262,244.894,732.050,233.215,575.697
530.641,966.511,509.204,799.236,244.784,732.699,232.672,574.693
530.661,966.572,509.382,798.996,244.866,732.760,232.241,575.375
530.775,966.748,509.275,799.080,245.102,732.859,232.752,575.383
530.758,966.884,509.525,798.464,245.145,732.952,232.069,575.655
530.819,966.860,509.392,798.563,244.842,732.354,231.289,573.959
530.731,966.846,509.339,798.544,244.888,732.629,230.717,573.914
530.602,966.706,509.265,798.859,244.838,731.525,231.270,574.313
530.638,966.790,509.325,798.851,244.986,732.249,231.107,574.293
530.722,966.798,509.451,798.597,244.933,731.838,232.377,575.045
530.709,966.825,509.381,798.713,245.002,732.150,232.597,574.591
530.677,966.892,509.422,798.917,245.165,732.415,232.457,574.183
530.861,967.019,509.473,798.792,245.106,732.019,232.323,574.579
530.612,966.652,509.340,798.908,244.980,732.261,231.503,573.692
530.678,966.693,509.361,798.882,245.018,732.048,231.183,572.985
530.833,966.895,509.303,798.798,244.940,731.931,231.437,573.010
530.780,966.769,509.217,799.042,244.980,731.945,231.432,572.563
530.803,967.043,509.267,799.113,245.089,732.395,231.113,572.568
530.808,966.594,509.303,798.898,244.770,732.065,231.721,573.405
530.930,966.641,509.333,798.768,244.796,732.098,231.735,573.576
530.910,966.744,509.385,798.879,245.066,732.409,230.619,573.847
530.872,966.727,509.420,798.800,245.046,732.683,231.043,573.444
530.784,966.750,509.380,798.737,244.921,732.194,230.412,572.813
531.032,966.863,509.303,799.101,245.111,732.250,230.127,573.364
530.890,966.659,509.302,798.985,244.977,732.336,230.058,574.141
530.921,966.734,509.346,798.956,245.014,731.981,231.192,574.098
530.899,966.818,509.302,799.174,245.178,732.337,230.336,574.732
530.870,966.784,509.357,799.084,245.205,732.372,229.395,574.660
530.601,966.742,509.252,799.091,244.992,732.185,229.501,574.584
530.901,966.697,509.358,799.112,245.156,732.040,229.770,573.456
530.739,966.855,509.311,798.933,244.968,731.623,229.783,573.137
530.759,966.725,509.401,798.775,245.030,732.128,229.776,574.653
530.788,966.755,509.448,798.746,245.003,732.204,230.799,573.883
530.734,966.734,509.310,798.916,244.950,732.612,231.017,573.801
530.704,966.827,509.348,798.985,245.038,732.262,231.299,573.307
530.644,966.685,509.402,798.936,245.264,732.597,231.464,572.591
530.856,966.756,509.381,798.929,245.171,732.359,231.378,571.696
530.931,967.093,509.303,799.152,245.243,732.842,231.492,573.128
530.778,966.890,509.303,799.133,245.217,732.729,231.902,572.635
531.016,967.042,509.360,798.960,244.923,732.306,231.760,572.883
530.982,966.962,509.310,799.096,244.918,732.412,231.857,571.387
530.821,966.987,509.347,798.932,245.087,731.699,231.615,572.073
530.898,966.952,509.386,798.885,245.027,732.134,231.232,572.829
531.037,967.039,509.208,799.397,245.006,732.046,232.145,572.180
530.977,967.037,509.206,799.234,245.161,732.505,232.328,571.805
530.980,967.061,509.243,799.076,245.111,732.751,231.314,572.518
531.177,967.129,509.317,798.944,245.088,732.120,231.938,572.291
531.024,966.902,509.274,799.050,245.139,732.434,232.262,572.096
531.022,967.106,509.332,798.941,245.112,732.612,232.165,571.905
531.011,967.044,509.213,799.101,245.159,732.717,231.944,571.682
530.820,966.901,509.298,798.942,245.095,733.082,231.862,571.363
530.808,966.931,509.282,799.188,245.176,732.957,231.559,571.352
530.874,966.934,509.260,798.832,244.987,732.373,230.354,572.699
530.922,967.058,509.391,798.706,244.998,732.560,231.289,572.486
530.796,966.860,509.393,798.987,244.894,732.333,230.923,571.858
530.622,966.731,509.328,799.064,244.709,732.402,230.492,571.704
530.865,966.973,509.399,798.868,244.872,732.240,231.860,571.229
530.961,966.954,509.497,798.770,245.141,732.329,232.284,570.779
531.082,966.868,509.370,798.889,244.858,732.152,232.293,570.714
530.959,966.748,509.430,798.818,245.153,732.800,231.595,571.089
530.778,966.587,509.449,798.864,245.146,732.671,232.405,570.987
530.889,966.866,509.317,798.904,245.079,732.497,232.303,570.950
530.868,966.858,509.446,798.837,245.121,732.607,232.865,570.700
530.886,966.874,509.374,798.673,244.901,732.170,233.680,570.518
530.960,966.840,509.419,798.752,245.022,732.142,232.883,568.856
530.875,966.860,509.498,798.658,244.894,731.862,232.739,568.607
530.898,966.883,509.432,798.667,244.993,732.191,233.048,568.633
531.005,966.731,509.407,798.633,245.128,732.453,233.439,569.079
530.971,966.849,509.326,798.801,245.052,732.455,232.704,571.048
530.886,966.562,509.500,798.789,244.822,732.449,232.766,571.342
531.095,966.720,509.370,798.818,245.049,732.477,232.811,571.782
530.999,966.692,509.370,798.788,244.870,732.639,233.136,572.008
530.959,966.862,509.248,798.940,245.156,732.816,233.327,571.711
530.711,966.680,509.330,798.877,245.142,732.484,233.338,571.609
530.781,967.027,509.333,798.781,244.929,732.450,233.269,571.343
530.851,967.032,509.279,798.870,244.877,732.380,233.342,571.258
531.188,967.115,509.377,798.773,244.780,732.445,234.635,571.703
531.006,966.858,509.365,798.758,244.948,732.404,234.424,571.990
530.982,966.855,509.405,798.931,244.729,732.751,234.470,572.223
531.133,967.044,509.395,798.798,244.756,732.699,232.769,572.407
530.994,967.094,509.531,798.667,244.737,732.012,232.925,572.529
531.198,967.165,509.536,798.605,244.679,732.258,234.266,572.218
530.866,967.038,509.431,798.756,245.044,732.346,234.221,571.955
531.251,967.150,509.368,798.906,244.989,732.304,234.367,572.282
531.185,967.042,509.401,798.643,245.012,732.367,235.240,572.848
531.134,967.055,509.478,798.750,245.056,732.518,234.978,572.934
531.207,967.079,509.415,798.709,245.072,732.139,235.060,572.800
531.011,966.999,509.275,799.116,245.025,732.113,234.052,572.787
531.133,967.094,509.400,798.705,245.103,732.308,234.791,572.119
531.124,967.140,509.328,799.028,245.088,732.587,235.800,572.461
531.138,967.121,509.264,799.026,245.173,732.523,235.887,572.484
530.919,967.028,509.367,798.817,244.923,732.336,236.288,572.722
531.028,966.990,509.344,798.615,244.752,732.170,236.349,572.651
530.877,966.940,509.306,798.829,244.789,732.196,235.399,572.417
531.114,967.123,509.447,798.760,244.827,732.240,234.481,572.557
530.906,966.936,509.445,798.718,244.974,732.844,233.753,572.657
530.915,966.948,509.466,798.931,244.932,731.882,234.151,572.668
530.985,967.006,509.444,798.778,244.913,732.071,234.038,572.474
530.896,966.814,509.414,799.009,244.973,732.668,234.274,573.324
530.887,966.796,509.280,799.029,244.937,732.496,233.988,572.979
531.103,967.065,509.251,798.857,244.925,732.344,234.122,572.844
531.143,967.115,509.290,798.963,244.928,732.541,235.038,573.029
531.190,967.263,509.320,798.757,244.843,732.483,235.665,573.497
531.200,967.188,509.294,798.856,244.902,732.445,235.886,573.732
531.109,966.840,509.243,798.906,244.954,732.633,236.306,573.561
531.018,966.928,509.207,799.052,244.882,732.683,236.104,573.719
531.002,966.808,509.012,799.380,244.799,732.327,233.772,573.016
530.943,966.801,509.059,799.126,244.974,732.253,233.375,572.503
531.224,967.151,509.213,799.152,244.864,732.271,234.287,572.376
531.260,967.126,509.078,799.296,244.861,732.493,234.925,572.901
530.887,966.882,509.078,799.406,244.919,732.482,234.995,572.942
530.909,966.941,509.425,798.786,245.012,732.028,234.756,572.182
531.160,966.942,509.073,799.162,245.044,732.257,235.515,573.175
530.859,966.788,509.315,798.749,244.839,732.111,229.018,568.284
530.824,966.896,509.211,799.133,244.835,731.888,227.844,567.576
530.977,967.162,509.237,799.055,244.819,731.915,228.911,567.423
530.950,967.066,509.188,799.201,244.900,732.098,228.903,567.773
530.981,966.991,509.285,798.887,244.952,732.550,229.347,567.856
531.005,967.003,509.072,799.229,244.788,732.638,229.042,567.726
531.003,966.982,509.278,799.010,244.966,732.656,228.601,568.338
531.020,967.068,509.393,799.052,244.996,731.814,229.301,569.529
531.190,967.091,509.340,799.053,245.115,732.327,229.979,571.072
530.968,966.830,509.258,799.070,245.021,732.370,229.554,569.483
531.164,966.869,509.358,798.855,244.801,732.268,228.731,569.203
531.165,967.131,509.276,798.827,244.819,732.059,229.958,570.351
531.183,967.137,509.250,798.997,244.931,732.085,230.208,570.396
531.357,967.243,509.340,798.953,244.920,732.425,229.746,569.671
531.172,967.239,509.260,798.853,244.926,732.379,229.717,570.601
530.849,966.884,509.085,799.174,244.942,732.378,229.611,569.920
531.031,966.850,509.271,798.979,244.881,732.616,229.254,570.370
530.702,966.905,509.294,798.750,244.809,732.237,228.758,570.263
530.955,966.963,509.365,798.572,244.763,732.324,227.992,570.028
531.158,967.136,509.367,798.583,244.774,732.670,227.673,569.823
531.136,967.135,509.306,798.794,244.973,732.839,228.944,570.144
531.100,967.014,509.209,798.716,245.256,733.381,229.234,570.285
530.817,966.654,509.197,798.812,245.255,732.892,228.924,570.622
530.828,966.667,509.249,798.690,245.237,732.738,228.823,570.477
530.812,966.893,509.356,798.623,245.208,732.626,229.309,570.419
530.922,966.741,509.374,798.761,245.264,732.563,228.914,570.604
530.940,966.985,509.509,798.696,245.301,732.740,229.140,570.668
530.883,966.928,509.526,798.539,245.256,732.908,228.396,570.689
530.817,966.784,509.465,798.755,245.062,732.492,228.676,570.544
530.984,966.866,509.388,798.903,245.021,732.297,228.949,570.740
531.102,966.971,509.362,798.661,244.964,732.450,229.076,570.584
530.982,966.963,509.312,798.839,245.011,732.588,229.359,570.433
530.954,966.920,509.347,798.877,244.821,732.191,229.062,570.272
531.009,966.936,509.309,799.105,244.915,732.421,229.290,570.671
530.968,966.690,509.398,798.866,244.912,732.910,229.732,570.865
530.818,966.724,509.378,798.899,245.083,732.554,229.387,570.770
530.969,966.761,509.376,798.717,244.878,732.585,229.547,570.865
530.785,966.659,509.296,798.768,244.985,732.680,229.614,570.517
530.865,966.600,509.361,798.952,245.128,733.105,229.651,570.487
531.241,967.007,509.271,798.946,244.873,732.803,230.051,570.881
530.899,966.656,509.387,798.862,244.906,732.491,229.882,570.813
530.980,966.827,509.398,798.803,244.859,732.706,230.070,570.668
530.869,966.778,509.457,798.665,244.864,732.444,229.866,570.915
530.832,966.643,509.225,799.083,244.975,732.690,229.819,571.337
530.847,966.686,509.397,798.637,245.010,732.639,229.534,571.249
530.944,966.629,509.333,798.945,245.042,732.208,230.125,571.155
531.067,966.871,509.668,798.452,245.016,732.472,230.380,570.907
530.994,966.819,509.250,799.008,245.054,732.816,229.997,570.854
530.782,966.708,509.289,799.078,245.061,732.450,229.975,571.332
530.826,966.701,509.222,799.089,245.028,732.504,229.821,570.934
530.791,966.647,509.399,798.911,244.971,733.597,231.247,570.454
530.769,966.639,509.281,798.983,245.030,732.659,229.592,570.127
530.751,966.498,509.307,798.759,245.035,732.430,229.626,569.989
530.884,966.787,509.459,798.725,245.191,732.822,229.628,570.248
530.641,966.815,509.243,799.169,244.847,732.490,229.580,570.204
530.634,966.873,509.381,798.800,244.796,733.254,229.185,571.434
530.738,966.901,509.253,799.043,245.180,733.165,229.776,570.650
530.720,966.840,509.396,798.849,245.059,732.886,229.483,570.720
530.692,966.937,509.252,798.902,245.053,733.112,230.105,571.407
530.664,966.811,509.397,798.656,245.027,733.064,229.717,571.285
530.830,966.670,509.421,798.694,245.202,733.251,229.763,570.574
530.725,966.605,509.403,798.807,245.028,733.051,230.013,571.054
530.835,966.658,509.445,798.812,245.065,733.100,229.923,571.086
531.120,966.889,509.363,798.866,245.162,732.437,229.721,571.091
531.055,966.716,509.485,798.601,245.214,732.441,230.227,570.815
530.999,966.736,509.323,798.836,245.039,732.803,230.811,570.988
530.849,966.800,509.456,798.688,244.939,732.550,230.058,571.827
530.966,966.731,509.292,799.158,244.762,732.121,230.764,570.810
530.984,966.804,509.292,799.127,244.894,732.490,229.971,571.193
530.891,966.391,509.338,798.924,245.281,732.656,229.604,570.921
531.183,966.806,509.394,798.917,245.337,732.812,229.966,570.874
530.792,966.697,509.386,798.936,245.224,733.296,230.805,572.141
530.818,966.773,509.349,799.039,245.273,732.559,230.590,571.307
530.861,966.555,509.272,799.041,245.183,732.637,229.994,571.423
531.008,966.724,509.345,799.019,245.056,732.723,229.255,571.683
530.767,966.375,509.253,798.962,244.930,732.087,229.532,571.057
531.045,967.050,509.457,798.846,245.046,732.506,228.916,571.750
531.063,967.059,509.247,799.217,244.917,732.191,229.172,571.565
530.838,966.660,509.240,799.077,244.755,732.460,229.819,571.683
530.829,966.759,509.248,799.137,245.094,732.400,230.062,571.675
530.904,967.007,509.278,798.970,245.170,732.464,230.010,571.804
530.880,966.908,509.162,799.111,245.171,732.477,232.374,571.409
530.838,966.815,509.269,799.066,245.135,732.561,231.667,570.264
530.729,966.631,509.092,799.288,245.192,732.791,229.271,569.710
530.952,966.967,509.386,798.922,245.102,732.323,227.306,569.349
530.903,966.939,509.391,798.937,245.242,732.502,227.476,569.797
530.810,966.720,509.363,798.931,245.086,732.369,227.299,570.264
530.860,966.709,509.400,798.932,245.129,732.838,227.313,570.290
530.786,966.661,509.379,798.867,245.052,732.779,227.603,570.016
530.882,966.795,509.282,798.965,245.165,732.122,227.238,569.983
530.848,966.755,509.365,798.861,245.075,732.316,226.809,570.230
530.887,966.740,509.322,798.836,245.139,732.592,227.139,570.256
530.891,966.690,509.283,799.036,245.268,732.406,226.942,570.755
530.890,966.643,509.319,799.016,245.147,732.781,226.745,570.099
530.952,966.781,509.278,798.998,245.198,732.324,226.453,569.641
531.044,966.895,509.393,799.011,245.309,733.387,226.045,569.654
531.150,966.951,509.368,799.118,245.282,733.085,226.307,569.546
531.069,966.962,509.368,798.746,245.099,732.693,226.481,569.545
531.214,967.012,509.228,798.965,245.305,732.872,225.636,569.632
531.343,967.211,509.243,799.238,245.155,732.489,225.851,569.606
531.221,966.997,509.215,799.282,245.403,732.976,226.043,569.799
531.318,967.040,509.340,799.097,245.256,732.173,226.236,569.633
530.773,966.579,509.308,798.973,245.001,732.726,225.859,569.569
530.832,966.875,509.225,799.026,245.059,732.449,225.137,569.477
530.729,966.782,509.369,799.016,245.100,732.598,225.238,569.460
530.762,966.683,509.310,799.103,245.046,732.592,225.229,570.063
530.875,966.736,509.298,798.998,244.860,732.255,226.707,570.370
530.868,966.652,509.269,799.112,245.014,732.370,228.520,570.345
530.823,966.504,509.264,798.959,245.150,732.855,228.506,569.866
530.969,966.628,509.301,799.036,245.124,732.876,228.175,570.839
531.180,967.012,509.333,799.080,244.989,732.765,228.501,570.416
530.908,966.823,509.321,798.878,245.078,732.487,228.685,570.267
530.854,966.593,509.358,798.928,245.098,732.641,227.989,570.140
531.062,967.126,509.317,798.907,244.913,732.521,228.223,571.003
531.019,967.088,509.262,798.973,244.883,732.598,228.266,571.351
531.336,967.105,509.408,798.648,245.205,732.645,227.636,571.848
530.979,966.794,509.325,798.873,245.216,732.620,227.847,572.076
531.030,966.898,509.229,798.869,245.187,732.340,228.151,573.017
530.978,966.531,509.242,798.934,245.178,732.296,228.184,572.612
531.074,967.007,509.259,799.052,245.360,731.703,227.453,572.577
531.137,967.030,509.272,799.063,245.262,732.014,227.550,572.586
531.240,967.021,509.353,798.775,245.074,732.242,227.773,572.340
530.933,966.668,509.227,799.015,245.035,731.969,227.598,572.226
530.870,967.017,509.317,798.941,244.772,732.297,227.529,572.071
531.031,966.984,509.213,798.973,244.861,731.979,227.912,572.023
530.889,967.019,509.159,799.088,244.869,732.037,228.313,572.367
530.731,966.573,509.296,798.805,245.007,732.547,228.525,572.240
530.906,966.992,509.337,798.920,244.923,732.167,228.585,572.393
531.122,967.089,509.332,798.878,245.065,731.833,228.261,572.009
530.917,967.035,509.430,798.720,244.998,731.970,228.048,572.077
531.128,967.036,509.454,798.572,244.813,732.048,227.513,572.279
531.123,967.056,509.384,798.541,244.773,731.933,227.494,572.631
531.282,967.095,509.391,798.745,244.962,732.500,227.369,572.482
531.066,967.047,509.261,798.826,244.899,732.286,227.863,572.729
531.378,967.060,509.275,798.816,245.118,732.449,227.949,573.018
531.272,966.984,509.264,798.946,245.107,732.072,227.762,572.758
531.188,967.020,509.389,798.877,244.918,732.397,227.499,572.711
531.079,966.778,509.387,799.079,245.033,732.265,226.905,572.995
531.190,967.072,509.212,799.062,245.060,732.100,227.372,572.504
531.162,966.908,509.470,798.726,245.097,731.990,227.761,572.369
531.408,967.241,509.387,798.960,245.077,732.296,227.847,572.706
530.945,967.061,509.362,798.958,244.973,732.138,227.950,572.782
530.903,966.986,509.400,798.911,245.026,732.293,228.024,572.234
531.374,967.245,509.316,798.968,245.205,732.063,228.423,572.306
531.450,967.377,509.318,798.880,245.223,732.131,228.306,572.261
531.119,967.196,509.342,798.878,245.012,732.481,228.391,572.455
531.018,967.187,509.310,798.899,244.958,732.291,228.388,572.576
530.809,966.971,509.314,799.078,244.967,732.306,228.365,572.621
530.840,966.924,509.390,798.945,244.955,731.873,228.471,572.560
530.938,967.092,509.317,798.960,244.846,731.921,228.948,572.871
530.835,967.086,509.358,798.929,245.106,731.982,228.897,573.403
530.854,966.979,509.490,798.829,245.002,732.463,228.803,573.422
531.109,967.182,509.367,798.837,244.701,732.307,228.501,573.478
530.637,966.703,509.441,798.772,244.834,732.409,228.437,573.580
530.839,966.850,509.391,798.906,245.038,731.939,228.756,573.957
530.846,966.948,509.395,798.930,245.121,732.431,228.552,573.829
530.771,966.820,509.736,798.162,244.985,732.389,228.091,573.682
530.768,967.081,509.434,798.699,245.036,732.482,228.620,573.476
531.016,967.080,509.300,798.973,244.887,732.564,228.526,573.782
531.065,967.158,509.308,799.071,244.856,732.468,228.797,574.598
530.950,966.898,509.476,798.970,244.934,732.821,228.928,575.039
530.872,966.965,509.348,798.964,245.011,732.832,228.480,573.890
531.159,967.157,509.485,798.926,244.903,732.315,228.397,573.665
530.873,967.224,509.518,798.975,244.746,732.327,228.633,573.299
531.026,967.158,509.510,798.724,244.777,731.745,228.990,574.124
530.870,966.980,509.377,799.023,244.768,732.180,229.074,574.690
530.786,966.786,509.402,798.910,244.860,732.073,228.863,574.977
530.969,967.301,509.293,798.864,245.075,732.352,228.434,573.911
530.986,967.188,509.387,798.916,245.035,732.444,228.598,573.857
530.906,966.994,509.236,799.194,244.971,732.510,228.838,573.825
530.943,966.930,509.227,799.077,245.042,732.521,228.837,573.854
530.726,966.814,509.348,798.809,245.171,732.566,228.887,574.352
530.988,966.729,509.387,798.870,245.205,732.851,228.683,574.329
530.927,966.996,509.417,799.040,244.989,732.781,229.087,573.841
530.900,966.955,509.499,798.754,245.008,732.523,229.284,574.407
531.091,966.926,509.389,799.310,245.230,732.565,228.955,575.069
530.983,966.959,509.479,798.999,245.221,732.627,228.582,574.489
531.121,967.156,509.351,799.076,245.124,733.150,228.561,573.842
530.958,966.684,509.483,798.732,245.125,733.242,228.540,574.459
530.905,966.637,509.437,798.811,244.980,733.045,228.151,574.421
530.884,967.064,509.309,798.962,245.101,733.150,227.566,573.465
530.832,966.942,509.349,798.882,244.894,733.074,228.153,573.765
530.904,966.864,509.564,798.614,245.121,732.972,229.165,574.436
530.814,966.826,509.464,798.691,244.975,732.602,229.252,575.000
530.988,967.057,509.384,798.910,245.119,732.454,229.179,574.622
530.996,967.079,509.320,799.161,245.117,732.243,228.699,574.808
531.143,966.991,509.466,798.891,245.042,732.967,228.500,573.705
530.856,966.672,509.471,798.829,245.107,732.693,228.633,573.398
531.166,967.108,509.487,798.954,245.217,732.559,228.818,573.893
530.751,966.968,509.440,798.829,245.077,732.328,229.354,574.621
531.005,967.135,509.425,798.771,245.242,732.431,228.797,575.347
531.001,967.296,509.378,799.019,245.132,732.846,228.671,574.797
530.697,966.901,509.323,799.051,245.154,732.378,228.811,573.577
530.923,967.061,509.464,798.793,245.052,732.600,229.121,573.755
530.925,967.039,509.439,799.169,245.021,732.523,229.914,574.745
531.014,966.972,509.437,798.922,245.025,732.690,230.038,574.230
530.916,966.907,509.421,799.074,244.967,732.873,229.492,573.904
531.128,967.191,509.405,798.958,245.142,732.640,229.539,572.791
531.114,967.053,509.372,798.980,245.021,732.812,229.886,572.360
530.910,967.024,509.246,799.146,245.218,732.526,229.727,573.117
530.834,966.913,509.273,799.094,245.240,732.260,229.569,573.436
530.917,966.948,509.306,799.013,244.860,733.249,230.213,573.206
530.813,967.343,509.360,799.023,244.832,732.723,229.142,573.383
530.815,967.283,509.145,799.064,244.824,732.811,229.430,573.659
530.652,966.872,509.431,798.864,244.819,732.610,229.278,573.626
530.738,966.785,509.336,798.861,244.914,732.478,229.306,573.404
530.637,966.739,509.473,798.803,244.868,733.143,229.422,573.752
530.587,966.691,509.359,798.814,245.004,733.190,229.779,574.011
530.848,966.882,509.395,798.848,244.909,732.793,229.787,574.591
531.027,966.883,509.311,798.947,245.052,733.232,229.693,574.728
530.863,966.654,509.275,798.848,244.977,732.534,229.684,574.403
530.986,966.840,509.363,798.840,244.933,732.754,230.150,574.424
531.061,967.229,509.347,798.948,245.023,732.459,229.541,573.930
530.875,967.085,509.313,799.036,245.161,732.440,229.440,573.617
530.941,967.205,509.281,799.061,245.271,732.712,229.312,573.713
530.987,967.430,509.356,798.972,245.134,732.310,229.408,573.234
530.893,967.104,509.447,798.848,245.075,732.427,229.734,572.641
531.053,967.185,509.360,798.990,244.852,732.537,229.671,572.822
530.920,967.052,509.326,799.060,244.982,732.327,229.344,572.781
530.852,967.020,509.225,798.985,244.959,732.388,229.263,574.410
530.903,967.080,509.258,798.968,244.840,732.698,229.071,574.171
530.779,966.949,509.383,798.985,244.905,732.811,228.765,573.810
530.852,967.104,509.346,798.968,245.035,732.897,228.619,573.960
531.033,967.071,509.391,798.681,244.941,732.286,228.595,573.964
530.949,967.095,509.447,798.733,244.877,732.788,228.514,574.452
531.211,967.110,509.299,799.258,245.021,732.525,228.536,574.702
531.199,967.048,509.336,799.075,244.934,732.408,227.027,573.794
531.072,967.158,509.263,799.001,244.926,732.500,228.870,574.820
531.059,967.074,509.417,798.874,244.933,732.951,228.817,574.950
531.029,966.914,509.333,799.027,244.972,732.904,229.323,575.056
530.954,966.875,509.300,799.152,244.839,732.120,228.811,574.370
531.013,966.962,509.338,799.055,244.957,732.463,228.368,573.406
531.124,967.048,509.324,798.979,245.077,732.436,227.928,573.626
530.963,966.974,509.273,799.097,245.100,732.946,227.482,573.257
530.942,966.864,509.358,799.038,244.806,732.717,227.347,572.831
530.691,966.815,509.379,799.032,245.108,733.089,227.203,572.184
530.961,967.068,509.297,799.224,244.987,732.462,227.728,572.392
531.042,967.071,509.326,799.327,244.974,732.716,227.759,572.357
531.107,967.297,509.408,799.192,244.969,732.209,227.685,572.789
530.871,967.115,509.589,798.965,244.830,732.530,227.947,573.039
530.703,966.850,509.404,798.846,245.158,732.458,227.750,572.179
530.993,967.220,509.403,798.867,245.221,733.058,227.545,572.370
530.972,967.341,509.307,799.140,245.262,732.362,228.118,574.049
530.900,966.972,509.474,799.153,245.156,732.846,227.978,573.762
530.923,966.831,509.447,798.951,245.175,732.475,228.169,573.416
531.108,966.710,509.390,799.213,245.296,732.887,227.265,572.489
531.159,966.835,509.411,798.855,245.389,732.876,227.270,572.593
531.111,966.705,509.394,799.037,245.165,732.797,227.293,572.703
530.856,966.757,509.306,798.915,245.222,732.744,227.535,572.305
531.002,966.803,509.316,798.834,245.238,733.153,227.063,572.959
530.993,967.008,509.260,799.032,245.240,732.784,226.831,573.791
531.110,967.179,509.299,799.153,245.083,732.836,226.406,573.494
531.123,967.120,509.367,798.814,245.073,733.004,226.524,573.315
530.991,967.268,509.312,799.118,245.000,733.036,226.201,572.990
530.991,967.258,509.245,799.073,244.812,732.729,226.376,573.826
531.034,967.339,509.243,799.238,244.962,732.891,226.295,574.611
530.994,967.254,509.380,798.995,245.013,732.457,226.224,575.931
530.838,967.346,509.336,798.940,244.990,732.806,224.244,574.731
530.935,967.262,509.438,798.909,245.222,732.962,226.481,575.957
530.990,967.350,509.421,798.946,245.091,732.673,225.343,575.261
531.050,967.014,509.357,798.876,244.982,732.579,225.784,575.717
530.958,967.109,509.379,798.949,244.934,732.491,226.003,576.038
531.154,967.442,509.515,798.860,245.167,732.378,225.820,576.287
531.163,967.371,509.385,798.888,245.153,732.309,225.816,576.582
530.782,966.736,509.411,798.947,245.141,732.627,225.670,576.259
531.134,967.179,509.467,799.002,245.007,732.389,225.665,576.760
531.190,967.419,509.426,799.096,245.161,731.981,225.617,576.798
531.061,967.367,509.400,799.017,245.064,732.350,225.353,576.954
531.089,967.205,509.353,799.138,245.152,732.923,225.752,577.078
530.955,967.027,509.425,799.140,245.169,731.824,225.569,578.431
530.976,967.214,509.467,798.975,245.161,732.532,225.422,576.761
531.024,967.256,509.415,798.902,245.068,732.652,225.415,577.407
531.167,967.314,509.498,798.987,245.204,732.645,223.815,578.329
530.939,967.230,509.429,798.901,245.269,731.855,225.947,578.273
531.078,967.233,509.444,799.134,245.332,732.878,225.660,577.794
531.004,967.119,509.308,799.174,245.262,731.992,225.797,577.881
530.978,967.087,509.388,799.154,245.180,732.133,225.866,577.741
531.145,967.303,509.332,798.983,245.122,732.718,225.841,578.153
531.079,967.296,509.464,798.948,245.169,732.600,225.652,578.823
531.148,967.304,509.347,799.050,245.089,731.975,225.582,578.739
530.984,967.231,509.142,799.482,245.234,731.874,225.785,578.450
530.997,967.428,509.351,799.191,245.008,732.097,225.765,579.184
530.672,967.056,509.408,798.982,245.174,732.284,223.708,578.626
530.656,966.976,509.359,799.125,245.313,732.313,225.790,577.659
530.535,966.759,509.525,799.001,245.164,732.211,225.072,577.211
530.747,967.168,509.468,798.904,245.201,732.149,225.789,578.447
530.807,967.097,509.353,799.177,245.070,732.801,226.230,578.174
530.664,966.991,509.390,799.165,245.070,732.708,225.881,575.923
530.742,967.066,509.393,799.077,245.166,732.242,226.384,578.479
530.765,967.113,509.480,798.984,245.103,732.341,226.438,578.579
530.845,967.060,509.608,798.611,245.136,732.417,226.889,578.178
530.833,967.194,509.384,799.101,245.146,732.551,227.138,578.070
530.734,966.916,509.456,798.907,245.287,732.593,226.863,577.773
530.971,967.193,509.298,799.321,245.247,732.576,225.830,576.361
530.896,967.285,509.308,799.255,245.363,732.823,226.064,576.668
530.978,967.252,509.319,799.012,245.426,732.689,226.021,576.332
531.028,967.448,509.332,798.933,245.505,732.514,225.106,575.843
531.011,967.060,509.378,798.970,245.363,732.567,225.463,576.571
530.965,967.190,509.410,799.014,245.357,732.176,225.699,577.334
530.980,967.129,509.401,799.009,245.392,731.688,225.874,576.572
530.769,967.081,509.347,798.987,245.436,731.436,225.552,575.408
530.910,967.061,509.351,799.210,245.291,732.473,225.903,576.577
530.959,967.074,509.374,798.932,245.239,732.257,225.758,576.616
531.027,967.169,509.364,799.156,245.180,732.307,225.910,576.156
531.012,967.056,509.383,799.017,245.224,732.524,225.561,574.702
530.843,967.114,509.237,799.231,245.271,732.242,225.679,574.891
530.990,967.275,509.305,799.130,245.192,732.296,224.948,574.258
531.043,967.304,509.370,799.247,245.257,732.300,226.001,576.673
531.130,967.382,509.310,799.171,245.327,732.913,225.628,575.994
531.046,967.010,509.322,799.170,245.283,732.684,225.132,575.321
530.970,967.253,509.418,799.041,245.174,732.321,225.338,575.710
530.939,967.167,509.415,799.248,245.273,732.280,226.090,577.243
530.919,967.215,509.496,799.098,245.214,732.238,225.689,577.340
530.753,966.948,509.352,799.141,245.269,732.271,225.762,575.912
530.990,967.170,509.528,799.118,245.315,732.497,226.713,578.172
531.024,967.267,509.403,799.130,245.272,732.469,226.751,578.789
530.985,967.081,509.420,798.897,245.110,732.658,226.887,579.088
530.874,967.127,509.359,799.132,245.144,732.642,226.927,578.690
530.908,967.248,509.326,798.987,245.137,732.171,226.581,577.661
531.053,967.397,509.442,798.794,245.099,732.536,226.289,576.591
530.844,967.195,509.464,798.958,245.329,732.713,227.187,576.952
531.017,967.219,509.208,799.339,245.288,732.086,225.871,575.512
531.013,967.283,509.304,799.324,245.251,732.087,225.617,575.488
531.017,967.139,509.408,798.897,245.124,732.054,225.926,575.751
530.924,967.015,509.516,798.884,245.159,732.261,225.547,575.067
530.833,967.126,509.273,799.274,245.130,732.349,225.250,575.852
531.017,967.193,509.282,799.211,244.896,732.489,226.191,577.251
530.933,967.144,509.445,798.949,245.275,732.718,225.525,575.301
530.890,967.027,509.449,798.954,245.230,732.989,226.042,577.305
530.772,966.845,509.373,798.933,245.291,732.441,225.931,576.714
530.923,967.066,509.488,798.742,245.286,732.568,226.231,576.815
530.939,967.185,509.472,798.804,245.133,732.608,226.153,576.467
531.040,967.118,509.280,799.285,245.086,732.178,226.865,575.688
530.997,967.130,509.403,799.022,245.279,732.511,226.856,574.772
531.150,967.282,509.389,799.136,245.282,732.544,227.540,575.173
531.156,967.342,509.462,798.871,245.247,732.467,227.759,575.096
530.820,967.177,509.333,799.164,245.096,732.111,227.961,574.809
530.807,967.012,509.472,798.892,245.134,732.265,227.927,575.029
530.753,967.174,509.427,798.918,245.198,732.284,228.596,574.743
530.928,967.218,509.503,798.782,244.942,731.978,228.794,575.078
531.158,967.415,509.483,798.744,245.242,732.255,228.458,575.384
531.141,967.278,509.508,798.769,245.007,732.250,228.345,575.005
530.869,967.132,509.587,798.866,245.043,732.001,228.464,574.601
531.052,967.151,509.549,798.928,245.090,732.123,228.493,574.444
530.906,967.049,509.630,798.650,244.964,732.274,228.715,574.383
530.888,967.159,509.532,798.958,244.985,732.128,228.525,574.527
531.027,967.264,509.455,798.831,245.266,732.335,228.940,575.061
531.210,967.368,509.670,798.678,245.220,733.119,228.844,574.211
530.970,967.305,509.565,798.689,245.101,732.895,228.488,573.636
530.946,967.223,509.527,798.688,245.363,732.645,228.576,574.864
530.918,967.133,509.468,798.766,245.384,733.113,228.544,574.821
530.925,967.130,509.486,798.943,245.250,732.675,228.565,575.304
530.926,967.062,509.491,798.891,245.222,732.574,228.611,575.075
530.951,966.984,509.535,798.798,245.293,732.191,228.806,574.865
531.018,967.038,509.566,798.718,245.179,732.491,228.969,575.384
531.169,967.333,509.543,798.771,245.153,732.303,228.888,575.347
531.394,967.369,509.502,798.859,245.222,732.238,228.819,575.428
531.301,967.380,509.422,798.974,245.116,731.821,228.565,575.229
531.341,967.483,509.487,798.856,245.079,731.704,228.926,575.588
531.161,967.210,509.456,798.923,245.090,732.026,228.740,575.291
531.114,967.221,509.658,798.665,244.920,731.949,228.892,575.430
531.114,967.155,509.581,798.701,244.975,731.983,228.840,575.245
531.043,967.286,509.463,799.074,244.969,732.303,228.726,575.339
531.072,967.262,509.489,799.154,244.944,732.635,228.952,575.315
530.934,967.238,509.326,799.152,245.177,732.686,229.042,575.839
531.079,967.127,509.330,799.285,245.121,732.475,229.095,575.540
531.299,967.372,509.505,798.871,245.180,732.556,229.035,575.500
531.183,967.249,509.473,798.916,245.177,732.267,228.985,575.528
531.049,967.225,509.424,798.935,245.067,732.435,228.814,575.434
531.105,967.236,509.356,799.037,245.040,732.105,229.094,575.465
531.160,967.312,509.434,798.981,245.107,732.583,228.887,575.071
531.011,967.139,509.388,798.833,244.962,732.507,228.854,575.260
531.290,967.416,509.511,798.776,245.326,732.204,228.903,574.902
531.177,967.402,509.407,798.944,244.996,732.018,228.815,575.288
531.119,967.302,509.414,798.991,244.982,732.663,228.959,575.481
531.014,967.548,509.374,798.833,245.208,732.821,228.813,575.086
530.984,967.479,509.340,798.775,245.199,733.062,228.865,574.986
530.856,967.743,509.299,799.086,245.194,732.602,228.763,574.946
530.774,967.388,509.348,799.003,245.278,732.454,228.787,575.068
530.765,967.432,509.290,799.165,245.081,732.317,228.889,575.251
530.624,967.133,509.363,799.072,245.308,732.746,228.855,575.178
531.142,967.638,509.460,798.790,245.213,732.511,228.822,575.053
530.876,967.193,509.377,798.989,245.335,733.147,228.909,574.891
530.879,967.454,509.400,799.096,245.164,732.419,228.963,575.316
531.010,967.708,509.285,799.231,244.875,732.370,229.260,575.386
530.811,967.675,509.252,799.460,245.065,732.247,229.171,575.604
530.897,967.623,509.451,798.915,244.784,732.143,228.679,575.042
530.751,967.444,509.407,799.068,245.027,732.003,228.912,575.337
530.937,967.301,509.244,799.254,245.234,732.888,228.837,575.149
530.775,967.352,509.326,799.244,245.015,732.328,228.442,574.868
531.164,967.578,509.315,799.200,245.131,732.806,228.878,574.752
530.935,967.562,509.260,799.054,244.967,732.247,229.072,574.991
530.732,967.444,509.323,799.094,245.149,732.543,228.819,574.907
531.125,967.554,509.386,799.151,245.006,732.732,228.953,574.888
530.814,967.414,509.453,798.928,245.029,733.331,229.012,575.239
530.958,967.615,509.457,799.255,245.155,732.885,229.053,575.500
530.995,967.358,509.535,798.869,244.888,732.310,229.062,575.360
531.084,967.542,509.482,799.278,245.102,731.987,228.973,575.042
531.056,967.401,509.525,799.042,244.852,732.048,229.137,575.045
531.021,967.601,509.532,798.725,245.113,732.567,229.499,574.970
531.159,967.592,509.529,798.920,245.111,732.472,229.513,575.049
530.873,967.409,509.578,798.792,245.069,732.422,229.742,574.899
530.892,967.471,509.499,799.079,245.071,732.523,230.368,574.213
531.206,967.674,509.407,799.069,245.111,732.282,230.375,575.195
531.167,967.652,509.470,799.042,245.113,732.359,230.011,575.637
531.133,967.691,509.536,798.757,245.263,732.552,229.850,575.528
531.186,967.689,509.517,798.794,245.329,732.662,229.860,575.366
531.163,967.709,509.378,798.897,245.201,732.484,229.930,575.539
531.079,967.614,509.364,798.863,245.122,732.691,230.084,575.505
531.365,967.677,509.447,798.926,245.225,732.486,229.763,575.377
531.160,967.601,509.554,798.985,245.256,732.849,229.599,575.550
531.424,967.837,509.455,798.790,245.101,732.346,229.337,575.414
531.262,967.798,509.462,798.706,245.222,732.074,229.248,575.169
531.218,967.804,509.338,799.005,245.335,732.474,229.097,575.036
531.110,967.530,509.418,799.221,245.090,732.587,229.144,575.064
531.324,967.842,509.448,799.213,245.174,732.801,229.139,575.397
531.263,967.875,509.434,798.967,245.319,732.775,228.967,575.114
531.167,967.732,509.447,799.037,245.439,732.649,228.484,574.766
531.152,967.668,509.465,799.093,245.456,732.716,228.685,574.193
531.217,967.882,509.477,798.915,245.367,732.297,228.864,574.361
531.144,967.728,509.324,799.195,245.143,732.288,229.164,575.812
531.197,967.846,509.455,798.985,245.210,732.537,228.829,575.430
531.061,967.515,509.452,799.158,245.216,732.310,228.952,575.682
531.114,967.683,509.409,799.050,245.185,732.320,228.230,575.819
530.805,967.442,509.560,798.988,245.313,732.416,228.506,575.573
531.121,967.462,509.463,799.068,245.283,731.992,228.819,575.469
530.866,967.343,509.242,799.113,245.272,732.362,229.200,575.786
530.913,967.399,509.412,799.148,245.381,732.005,229.321,575.413
530.861,967.529,509.437,799.211,245.360,732.408,229.501,575.134
530.828,967.589,509.397,799.398,245.323,732.702,229.759,574.862
530.955,967.524,509.431,799.080,245.391,732.885,229.991,574.900
531.076,967.608,509.328,799.220,245.289,732.589,229.863,574.707
531.146,967.545,509.387,799.117,245.379,732.519,229.554,575.853
531.022,967.477,509.383,799.169,245.474,731.899,229.262,575.326
531.042,967.511,509.483,799.077,245.364,732.055,229.735,575.477
530.956,967.536,509.331,799.136,245.358,732.905,229.599,575.032
530.986,967.593,509.359,799.148,245.375,732.789,229.225,575.083
531.392,967.976,509.332,798.862,245.404,732.842,229.628,574.383
531.313,967.681,509.387,799.127,245.368,732.818,230.264,575.705
531.388,967.686,509.479,798.912,245.337,732.821,230.821,576.034
531.313,967.474,509.354,799.093,245.401,732.085,230.576,576.281
531.132,967.441,509.289,799.147,245.389,731.898,230.448,576.432
530.893,967.302,509.370,798.855,245.211,732.498,230.309,576.391
530.983,967.546,509.360,799.128,245.119,732.379,229.969,575.746
531.144,967.414,509.404,798.967,245.078,732.653,230.484,575.519
531.171,967.462,509.405,798.981,245.155,732.479,230.432,576.348
531.123,967.459,509.397,799.156,245.379,732.035,230.496,576.626
531.062,967.489,509.385,799.130,245.362,732.189,230.291,576.847
530.875,967.401,509.552,798.957,245.317,732.051,230.027,576.473
530.944,967.234,509.550,798.921,245.217,732.354,229.456,575.780
531.123,967.307,509.558,799.129,245.402,732.898,230.124,575.320
530.833,967.263,509.500,798.918,245.381,732.092,230.772,575.689
530.904,967.445,509.481,798.993,245.394,732.292,230.625,576.096
531.193,967.560,509.434,798.783,245.245,732.839,230.266,576.663
531.250,967.544,509.424,799.097,245.180,732.276,229.794,575.468
530.826,967.084,509.347,799.212,245.323,732.378,229.872,575.393
530.934,967.335,509.384,799.133,245.288,731.954,230.389,575.338
530.824,967.082,509.371,799.302,245.475,732.318,230.556,576.237
530.742,967.212,509.452,799.226,245.398,732.131,230.845,577.238
530.985,967.346,509.366,799.245,245.419,732.336,230.407,576.783
530.713,967.290,509.422,799.149,245.464,732.483,230.388,576.846
530.820,967.396,509.256,799.120,245.435,732.816,230.438,575.642
530.787,967.058,509.459,799.079,245.484,732.165,230.861,575.728
530.718,967.129,509.419,799.146,245.209,732.403,231.365,576.906
530.799,967.438,509.476,799.368,245.182,732.471,230.016,576.210
530.982,967.405,509.497,799.194,245.055,732.510,229.679,575.967
530.751,967.360,509.447,799.175,245.083,732.134,229.272,575.843
530.807,967.403,509.353,799.561,245.161,732.190,229.821,575.637
530.957,967.450,509.494,799.060,245.198,732.357,230.378,574.834
530.831,967.377,509.438,799.264,245.235,732.263,230.566,575.229
530.585,967.008,509.305,799.228,245.238,732.365,230.544,575.485
530.521,966.979,509.434,799.133,245.334,732.480,230.355,576.218
530.670,967.292,509.480,799.215,245.314,732.511,229.986,575.314
530.508,967.216,509.512,799.079,245.080,732.194,229.958,575.185
530.774,967.091,509.491,799.095,245.116,732.284,230.488,574.728
530.698,967.288,509.486,799.146,245.110,732.384,230.722,574.452
530.639,966.925,509.515,798.811,245.142,731.955,230.844,574.270
530.729,966.948,509.457,798.834,245.294,731.990,229.996,573.807
530.754,967.098,509.438,798.943,245.286,732.031,230.174,573.564
530.948,967.132,509.450,799.086,245.169,731.951,229.897,572.905
530.757,967.046,509.598,798.705,245.229,731.765,230.439,572.421
530.759,967.197,509.398,799.179,245.017,732.025,230.357,572.494
530.870,967.308,509.358,799.168,245.187,731.862,230.240,573.051
530.992,967.327,509.315,799.448,245.125,732.245,229.689,573.822
530.875,967.185,509.350,799.110,245.057,732.074,229.541,574.276
530.930,967.203,509.295,799.184,245.064,731.638,228.777,575.851
531.000,967.349,509.266,799.073,245.108,732.033,228.403,574.928
531.045,967.290,509.381,799.363,245.136,732.254,228.583,575.274
531.017,967.266,509.391,799.181,245.371,731.657,229.616,575.434
531.189,967.500,509.468,799.256,245.181,732.525,229.738,575.298
531.087,967.236,509.428,799.132,245.259,732.497,229.957,575.307
531.048,967.303,509.422,799.172,245.295,732.116,229.616,575.386
530.801,967.167,509.383,799.079,245.461,732.380,229.832,574.714
530.874,967.272,509.377,799.273,245.238,732.205,229.864,574.653
530.960,967.343,509.423,799.041,245.274,732.519,230.005,574.563
530.981,967.430,509.351,799.015,245.227,732.493,229.706,574.774
530.871,967.083,509.345,799.072,245.287,731.671,230.241,575.366
530.806,967.092,509.408,798.914,245.137,731.772,230.180,575.000
531.006,967.290,509.529,798.920,245.281,732.344,230.834,573.521
530.888,967.337,509.455,798.837,245.326,732.573,229.931,573.866
531.110,967.372,509.410,799.048,245.341,731.279,228.740,574.653
531.026,967.419,509.469,799.087,245.015,732.227,228.756,575.911
531.013,966.897,509.667,798.985,245.297,731.524,228.507,575.410
530.981,967.090,509.426,799.099,245.275,732.682,228.966,575.698
530.980,967.163,509.513,799.118,245.161,732.409,228.454,575.545
531.210,967.742,509.507,799.011,245.460,732.115,228.587,575.815
531.203,967.618,509.389,799.059,245.399,732.276,229.062,575.475
531.122,967.441,509.435,799.097,245.476,732.176,229.126,575.932
531.184,967.456,509.344,799.112,245.479,732.772,228.248,576.157
530.935,967.281,509.410,799.017,245.579,732.585,227.884,576.527
531.033,967.372,509.483,799.171,245.537,732.623,228.705,575.974
531.079,967.461,509.439,799.005,245.420,732.442,228.384,576.491
530.904,967.329,509.416,799.238,245.369,732.308,229.454,576.259
531.217,967.496,509.401,799.276,245.125,731.679,229.374,575.436
531.133,967.353,509.378,799.329,245.139,732.224,229.044,575.090
531.089,967.431,509.347,799.202,245.245,732.543,229.361,574.871
531.165,967.374,509.609,799.050,245.299,732.270,228.751,574.915
531.184,967.529,509.459,799.148,245.212,732.255,229.058,574.500
530.954,967.168,509.616,798.948,245.069,732.524,229.875,574.247
531.026,967.214,509.474,798.990,245.181,732.570,229.578,574.777
530.885,967.193,509.383,799.059,245.203,732.276,228.948,573.123
530.954,967.293,509.320,799.324,245.222,732.504,229.638,572.355
530.850,967.200,509.298,799.138,245.295,732.458,229.891,572.343
530.892,967.335,509.228,799.381,245.240,732.804,229.277,572.000
531.072,967.398,509.289,799.184,245.344,732.353,229.337,572.380
530.986,967.203,509.427,799.011,245.451,732.294,229.739,572.198
531.319,967.515,509.390,799.161,245.421,732.531,230.894,571.388
531.145,967.189,509.413,799.022,245.312,732.367,230.988,571.343
531.184,967.331,509.530,798.618,245.531,732.369,230.711,571.275
530.994,967.238,509.404,798.998,245.371,732.006,231.219,571.333
531.071,967.408,509.470,798.769,245.431,732.142,231.586,571.347
531.425,967.604,509.354,799.138,245.398,732.702,231.638,571.358
531.318,967.411,509.427,798.979,245.393,732.780,231.430,571.074
531.043,967.341,509.388,799.120,245.396,732.481,231.332,571.204
531.193,967.280,509.412,798.974,245.485,732.468,231.162,570.956
531.299,967.583,509.487,798.791,245.300,732.360,231.241,571.697
531.396,967.571,509.535,798.784,245.436,732.584,231.425,573.243
531.177,967.427,509.527,798.775,245.312,732.235,229.719,574.218
531.214,967.442,509.521,798.885,245.355,732.313,230.661,573.706
531.215,967.568,509.577,798.730,245.031,731.804,231.226,574.167
531.140,967.421,509.513,798.909,245.127,732.201,230.730,574.389
530.921,967.453,509.424,799.128,245.166,732.411,230.680,574.730
531.023,967.397,509.429,799.161,245.007,731.521,230.591,575.054
531.139,967.498,509.573,798.949,244.980,731.747,230.809,575.085
530.859,967.235,509.469,799.053,245.387,732.236,230.599,575.232
531.297,967.717,509.283,799.396,245.258,732.197,230.946,575.617
531.069,967.453,509.391,799.170,245.089,731.856,230.906,575.555
531.134,967.480,509.331,799.308,245.208,732.246,231.196,575.908
531.251,967.738,509.551,799.139,245.182,731.592,230.814,575.386
531.390,967.596,509.595,799.124,245.165,732.127,231.029,575.491
531.279,967.299,509.499,799.146,245.224,731.970,230.900,576.193
531.319,967.448,509.571,799.017,245.193,732.177,231.075,575.966
531.240,967.441,509.398,799.054,245.426,732.561,231.172,576.414
531.028,967.457,509.410,799.165,245.419,731.960,231.052,576.586
531.320,967.728,509.263,799.470,245.132,732.220,231.137,577.046
530.896,967.306,509.402,799.143,245.213,732.490,230.923,576.541
530.959,967.336,509.422,799.016,245.217,732.301,231.287,577.018
531.066,967.501,509.526,798.731,245.303,732.395,231.225,575.550
531.030,967.339,509.491,799.075,245.239,732.333,231.533,577.337
531.046,967.434,509.518,798.887,245.142,732.348,231.201,576.809
530.995,967.562,509.506,798.890,245.101,732.354,230.966,576.632
531.045,967.381,509.412,798.964,245.281,732.577,231.184,577.024
531.135,967.418,509.477,799.020,245.276,732.557,230.865,576.642
531.127,967.614,509.387,799.113,245.327,732.073,231.261,576.722
531.191,967.656,509.386,798.984,245.273,732.626,231.282,576.808
531.114,967.373,509.376,799.204,245.331,732.940,231.060,576.235
531.303,967.841,509.545,798.725,245.061,732.695,231.234,576.809
531.318,967.688,509.452,798.960,245.269,733.387,231.290,576.747
531.258,967.801,509.452,799.006,245.150,732.104,231.413,576.687
531.390,967.774,509.343,799.100,245.298,732.313,231.347,576.691
531.287,967.775,509.361,799.077,245.239,732.782,231.376,577.107
531.337,967.620,509.404,799.006,245.303,732.730,231.418,577.046
531.521,967.781,509.447,798.990,245.158,732.599,231.290,576.594
531.222,967.410,509.384,799.265,245.310,732.379,231.141,576.559
531.337,967.552,509.431,799.143,245.231,732.705,231.664,576.857
531.157,967.548,509.282,799.502,245.244,732.081,231.551,576.969
531.557,967.997,509.502,799.064,245.223,732.241,231.457,577.298
531.054,967.602,509.411,799.049,245.217,732.300,231.494,577.197
531.178,967.639,509.417,798.986,245.294,732.405,231.506,577.249
531.010,967.491,509.381,799.119,245.340,732.565,231.816,577.448
531.054,967.541,509.454,799.005,245.227,732.390,231.412,577.231
531.200,967.601,509.471,799.066,245.276,732.879,231.549,577.587
531.363,967.584,509.427,798.941,245.226,732.646,231.555,577.485
531.284,967.702,509.525,798.890,245.401,732.307,231.412,577.382
531.019,967.503,509.458,799.064,245.238,732.120,231.253,577.146
530.999,967.586,509.287,799.225,245.068,732.379,231.571,577.496
531.052,967.572,509.542,798.942,245.320,732.568,231.309,577.195
531.164,967.712,509.450,799.078,245.130,732.648,231.312,577.196
531.179,967.723,509.540,798.885,245.246,732.042,231.319,577.405
531.129,967.570,509.466,798.967,245.395,732.452,231.195,577.081
531.173,967.619,509.507,799.012,245.323,732.433,231.328,577.029
530.942,967.340,509.518,798.967,245.370,732.280,231.479,577.137
531.104,967.485,509.594,798.821,245.261,732.574,231.347,577.286
530.917,967.483,509.555,799.048,245.284,732.866,231.738,577.508
531.155,967.429,509.445,798.912,245.140,732.698,231.496,577.370
531.240,967.766,509.483,799.142,245.264,732.614,231.496,577.168
530.958,967.411,509.476,798.916,245.178,732.558,231.420,577.313
531.278,967.661,509.490,799.028,245.210,732.596,231.605,577.414
530.848,967.509,509.462,799.085,245.009,732.649,231.108,576.740
530.895,967.551,509.425,799.250,245.134,732.629,231.544,577.423
530.838,967.417,509.443,799.168,245.301,732.596,231.634,577.007
530.881,967.460,509.390,799.299,245.385,732.906,231.635,577.212
530.949,967.478,509.680,798.762,245.338,732.622,231.386,577.099
530.855,967.676,509.621,798.993,245.409,732.356,231.394,577.244
531.071,967.542,509.459,798.856,245.270,732.724,230.908,577.143
530.950,967.501,509.488,798.999,245.576,733.052,231.041,577.149
531.212,967.570,509.409,799.133,245.614,732.888,230.757,576.042
530.815,967.427,509.231,799.112,245.615,732.987,231.185,576.750
531.067,967.723,509.371,799.137,245.524,732.667,230.859,577.513
531.037,967.519,509.359,799.215,245.402,732.679,230.151,576.429
530.982,967.299,509.335,799.271,245.396,732.421,230.363,577.419
531.042,967.510,509.280,799.114,245.446,733.318,230.607,577.577
531.013,967.436,509.324,799.100,245.348,733.680,230.277,577.218
531.092,967.681,509.328,799.189,245.295,732.979,230.038,578.053
531.041,967.477,509.471,798.932,245.230,732.810,230.019,577.247
530.816,967.447,509.452,798.978,245.220,733.074,229.507,577.154
530.885,967.677,509.513,798.878,245.170,732.934,229.452,577.183
530.784,967.212,509.439,799.076,245.199,732.282,229.292,577.083
531.054,967.434,509.477,799.245,245.381,732.162,229.508,577.213
531.029,967.490,509.547,798.956,245.237,732.621,229.849,576.655
531.110,967.364,509.372,799.145,245.171,732.371,229.602,576.374
531.004,967.550,509.468,799.186,245.313,732.505,229.314,575.916
531.032,967.464,509.378,799.283,245.057,731.940,228.853,575.545
531.016,967.439,509.449,799.118,245.179,732.016,228.440,576.388
531.277,967.568,509.377,799.042,245.186,732.049,228.826,576.603
530.979,967.381,509.309,799.181,245.313,732.161,229.628,576.822
530.962,967.049,509.391,799.297,245.293,732.546,229.429,576.190
531.033,967.430,509.489,798.951,245.222,732.340,229.320,576.501
530.805,967.231,509.332,799.200,245.155,731.992,229.056,576.535
530.864,967.315,509.424,799.114,245.401,732.121,228.841,576.731
531.006,967.500,509.453,798.829,245.098,732.149,227.398,576.286
530.965,967.576,509.473,799.066,245.109,732.514,227.402,576.559
530.893,967.461,509.453,798.977,245.178,732.457,227.435,576.500
531.050,967.617,509.432,799.254,245.012,731.958,227.443,576.133
531.099,967.479,509.576,799.005,244.993,731.921,227.843,576.683
531.090,967.541,509.294,799.313,245.208,731.878,229.126,577.038
531.058,967.457,509.415,799.200,245.224,731.740,229.061,577.129
531.023,967.500,509.465,799.066,245.482,732.237,229.073,576.873
530.975,967.371,509.365,799.181,245.221,731.830,229.261,576.889
530.949,967.253,509.526,798.801,245.104,732.235,228.920,576.464
531.110,967.438,509.581,798.659,245.198,732.431,228.929,576.535
531.016,967.760,509.447,798.768,245.223,732.116,229.067,577.024
530.886,967.476,509.562,798.727,245.234,732.445,227.980,576.172
530.834,967.311,509.379,798.986,245.319,732.018,228.983,576.888
530.828,967.265,509.433,799.023,245.187,732.120,229.052,576.692
530.916,967.581,509.344,799.249,245.342,732.024,229.127,577.170
530.971,967.254,509.396,799.259,245.227,731.913,228.803,576.663
530.965,967.470,509.364,799.085,245.282,731.744,228.921,576.945
530.960,967.343,509.414,799.198,245.458,732.430,229.045,576.715
531.066,967.355,509.382,799.118,245.434,731.715,229.240,576.982
531.186,967.653,509.505,799.015,245.338,732.087,228.921,576.769
531.027,967.431,509.398,798.937,245.297,732.406,229.318,577.160
531.104,967.541,509.435,799.059,245.416,731.960,229.335,577.355
531.183,967.635,509.442,799.045,245.225,731.802,229.493,577.345
531.163,967.674,509.485,798.796,245.277,731.945,229.185,576.898
531.145,967.624,509.514,798.979,245.328,731.949,227.963,576.336
530.990,967.592,509.536,799.202,245.571,732.466,229.441,576.932
530.905,967.453,509.422,799.083,245.355,732.337,229.247,576.693
531.302,967.691,509.469,799.055,245.387,732.467,229.456,576.925
530.857,967.321,509.565,798.889,245.528,732.211,229.755,577.191
530.912,967.436,509.431,799.061,245.369,732.038,229.709,577.006
530.900,967.470,509.338,799.185,245.312,732.490,229.622,577.285
531.131,967.659,509.403,799.167,245.384,732.540,229.260,576.913
530.832,967.529,509.404,799.201,245.375,732.079,228.178,576.440
530.901,967.371,509.488,799.118,245.460,732.532,229.537,577.216
530.741,967.269,509.453,799.317,245.420,732.639,229.482,577.016
530.942,967.446,509.535,798.998,245.367,732.665,229.955,577.249
530.750,967.364,509.562,798.888,245.146,732.135,228.448,577.267
530.808,967.520,509.487,798.972,245.221,732.582,229.697,577.579
530.828,967.344,509.466,799.105,245.366,732.238,229.868,577.754
530.995,967.280,509.349,799.190,245.236,732.062,229.916,577.848
531.075,967.444,509.391,799.114,245.547,732.450,229.609,577.259
531.015,967.466,509.468,799.032,245.220,732.389,229.261,576.769
531.002,967.397,509.519,798.786,245.411,732.403,229.371,577.151
531.091,967.396,509.407,799.077,245.090,732.084,229.110,576.758
530.969,967.441,509.471,798.916,245.224,732.681,229.223,576.808
531.008,967.404,509.406,799.039,245.337,732.062,229.367,577.263
531.119,967.306,509.407,799.254,245.319,732.303,229.539,577.045
530.978,967.175,509.443,799.082,245.354,732.027,229.708,577.324
531.032,967.589,509.508,799.006,245.435,732.204,230.189,577.969
531.243,967.724,509.451,799.079,245.438,731.871,229.954,577.923
531.330,967.703,509.540,798.991,245.410,731.961,230.389,578.059
530.911,967.366,509.439,799.228,245.144,731.660,230.356,577.875
531.112,967.502,509.452,798.879,245.056,731.895,230.196,577.727
530.922,967.311,509.512,799.123,245.160,732.060,229.612,577.087
531.204,967.440,509.532,799.067,245.327,731.825,229.987,577.335
531.009,967.267,509.489,799.051,245.372,731.793,229.891,577.218
531.064,967.549,509.468,799.256,245.271,732.180,230.220,577.051
530.897,967.368,509.499,798.977,245.313,731.879,230.319,577.318
531.127,967.598,509.457,798.896,245.128,731.873,230.420,577.483
531.121,967.646,509.532,798.843,245.075,732.062,230.417,577.564
531.055,967.592,509.495,799.004,244.994,731.993,230.240,577.454
530.990,967.456,509.520,798.960,245.015,731.859,229.977,577.515
530.896,967.443,509.512,798.825,245.123,731.832,230.147,577.735
531.327,967.671,509.592,798.713,245.008,731.990,230.151,577.564
531.052,967.727,509.601,798.735,245.184,731.824,230.271,578.099
531.095,967.891,509.572,798.900,245.232,732.264,230.393,578.027
531.021,967.693,509.492,798.877,245.201,732.095,230.281,577.921
531.059,967.507,509.603,798.860,245.294,732.172,230.423,577.976
531.149,967.656,509.629,798.844,245.307,732.263,230.229,578.047
530.860,967.562,509.378,798.935,245.378,732.325,230.281,577.964
531.065,967.647,509.435,798.815,245.330,732.217,230.244,577.976
530.964,967.528,509.496,798.873,245.486,732.031,230.037,577.712
530.907,967.408,509.446,798.885,245.600,732.138,230.086,577.813
530.904,967.401,509.498,798.754,245.374,732.169,230.021,577.815
531.141,967.678,509.351,798.918,245.238,731.955,230.086,577.867
531.135,967.595,509.504,798.851,245.206,732.233,230.060,577.759
530.953,967.558,509.499,798.798,245.250,732.306,229.890,577.694
530.821,967.251,509.523,798.863,245.309,731.546,230.026,577.776
530.877,967.159,509.646,798.889,245.442,731.708,229.887,577.771
530.807,967.188,509.403,798.961,245.322,732.538,230.050,577.834
531.147,967.474,509.321,799.239,245.382,732.154,230.005,577.899
531.173,967.547,509.256,799.425,245.507,732.196,229.964,577.885
530.930,967.571,509.556,798.706,245.397,732.230,230.032,578.088
531.054,967.496,509.655,798.691,245.452,732.806,229.920,577.908
531.134,967.512,509.361,798.888,245.301,732.293,229.786,577.658
531.041,967.467,509.381,799.280,245.310,732.645,229.926,577.941
531.131,967.585,509.359,799.066,245.185,732.284,229.604,576.281
530.856,967.278,509.409,799.128,244.972,732.144,229.593,576.496
531.093,967.628,509.480,799.106,245.152,732.070,228.789,576.507
531.207,967.730,509.471,798.942,245.148,732.222,228.684,576.597
530.997,967.730,509.543,798.786,245.080,731.885,228.882,575.706
530.741,967.490,509.398,799.014,245.059,732.152,228.718,575.962
530.946,967.597,509.476,798.906,245.122,732.318,228.866,575.970
530.778,967.540,509.399,799.158,245.159,732.565,229.112,575.585
530.854,967.580,509.494,799.014,245.145,732.110,229.396,575.762
530.976,967.585,509.501,798.886,244.999,732.247,229.306,575.826
531.114,967.628,509.458,799.009,245.145,731.730,229.011,575.613
531.151,967.590,509.276,799.274,245.373,731.861,229.281,575.945
530.971,967.637,509.268,799.056,245.076,731.711,229.462,575.682
531.227,967.789,509.364,798.939,245.208,732.031,229.603,575.562
531.332,967.794,509.428,798.978,245.281,731.976,229.050,575.636
531.127,967.663,509.480,798.760,245.179,731.936,229.029,574.866
531.197,967.639,509.517,798.828,245.100,732.055,228.845,574.468
531.215,967.834,509.573,798.808,245.357,732.094,228.791,574.304
530.927,967.599,509.442,799.154,245.386,732.300,228.974,574.485
531.286,967.945,509.512,798.935,245.431,733.008,228.921,574.676
530.891,967.602,509.526,798.864,245.563,732.656,228.381,574.972
531.146,967.682,509.532,798.843,245.428,732.860,228.532,575.259
531.018,967.873,509.416,799.076,245.518,732.580,229.305,576.209
531.091,967.769,509.440,798.968,245.556,732.614,229.558,576.342
531.150,967.930,509.446,798.868,245.544,732.301,230.275,576.291
531.176,967.977,509.537,798.793,245.303,732.468,230.747,576.249
531.272,967.880,509.565,798.845,245.003,732.221,230.122,576.270
531.208,967.884,509.519,798.994,245.205,732.413,229.627,576.503
531.501,967.893,509.630,798.881,245.356,732.106,229.863,575.994
531.062,967.835,509.532,798.956,245.423,732.302,229.980,575.905
531.081,967.837,509.525,798.852,245.273,732.395,229.415,576.157
530.870,967.604,509.894,798.274,245.291,732.362,229.675,575.629
530.897,967.733,509.677,798.525,245.356,732.478,229.484,576.107
530.785,967.442,509.736,798.962,245.247,731.939,230.277,575.909
530.888,967.658,509.888,798.288,245.143,731.864,230.275,576.049
530.912,967.594,509.518,798.965,245.362,732.239,229.344,575.755
531.034,967.724,509.508,798.935,245.275,732.353,229.491,575.518
530.865,967.524,509.641,798.599,245.116,731.868,229.461,576.314
530.994,967.575,509.487,798.688,245.127,731.964,229.606,576.143
531.012,967.611,509.508,798.969,245.492,732.300,229.993,576.411
530.983,967.606,509.530,798.910,245.375,732.180,230.076,576.633
531.066,967.688,509.484,799.051,245.445,732.580,230.362,576.915
531.030,967.627,509.568,798.969,245.526,732.290,230.405,577.015
530.953,967.761,509.517,798.738,245.243,732.540,230.105,576.890
531.052,967.498,509.514,798.846,245.180,732.471,230.266,576.772
530.904,967.621,509.744,798.425,245.116,732.169,230.499,576.686
530.863,967.648,509.533,799.001,245.204,732.563,230.480,576.665
530.975,967.672,509.436,799.161,245.449,732.510,230.455,576.734
530.920,967.590,509.618,798.977,245.272,732.911,230.208,576.655
530.661,967.461,509.452,799.527,245.462,732.487,229.548,576.675
530.933,967.666,509.435,799.857,245.377,732.406,229.493,576.338
530.945,967.821,509.487,799.814,245.264,732.766,230.170,575.781
530.949,967.586,509.503,799.691,245.218,732.062,230.321,575.794
530.940,967.551,509.451,799.654,244.969,732.320,230.527,575.842
530.790,967.523,509.488,799.289,245.198,732.411,230.484,575.848
530.749,967.634,509.513,799.403,245.149,732.596,230.634,576.021
530.999,967.701,509.641,798.896,245.295,731.771,230.751,576.149
530.939,967.670,509.373,799.503,245.234,732.350,230.725,576.390
531.013,967.827,509.580,799.233,245.283,732.871,230.775,576.686
530.928,967.557,509.467,799.236,245.362,732.558,231.176,576.800
531.209,967.658,509.463,799.645,245.274,732.349,231.350,577.543
530.924,967.508,509.434,799.435,245.288,732.262,231.648,578.385
530.910,967.709,509.561,798.781,245.366,732.760,231.316,578.675
530.924,967.578,509.447,799.026,245.392,733.291,232.192,577.932
530.908,967.466,509.577,798.909,245.329,733.346,232.776,579.043
530.970,967.678,509.567,799.160,245.241,732.718,231.154,579.311
530.963,967.486,509.495,799.078,245.408,732.664,231.531,578.803
531.006,967.506,509.333,799.299,245.177,732.331,231.407,577.804
531.022,967.867,509.463,799.247,245.224,732.378,231.079,577.974
531.057,967.700,509.469,799.128,245.087,732.479,230.962,577.910
531.222,967.814,509.521,799.253,245.079,732.743,231.137,578.237
531.117,967.768,509.456,799.221,245.309,732.579,231.340,578.562
531.230,967.411,509.476,799.404,245.185,731.798,230.634,578.338
531.065,967.420,509.461,799.254,245.307,731.780,230.161,577.985
530.783,967.599,509.368,799.288,245.447,732.510,229.750,577.360
530.884,967.636,509.433,799.001,245.450,732.470,230.356,576.744
530.614,967.131,509.462,799.290,245.209,731.966,230.765,576.198
530.643,967.210,509.431,799.183,245.409,731.882,229.865,576.916
530.710,967.412,509.579,799.005,245.384,731.828,230.170,577.612
530.980,967.538,509.537,799.189,245.247,731.945,229.752,576.745
530.717,967.341,509.491,799.476,245.187,732.320,229.466,575.906
530.703,967.243,509.404,799.626,245.279,732.390,230.827,575.065
530.982,967.511,509.567,799.333,245.105,732.566,229.827,575.487
531.078,967.549,509.439,799.523,245.299,732.683,230.358,575.792
531.254,967.667,509.610,799.148,245.186,732.284,230.220,575.901
530.921,967.298,509.611,799.196,245.091,732.702,230.137,576.120
531.024,967.286,509.620,799.279,245.221,732.094,230.159,576.109
531.003,967.356,509.557,799.248,245.176,732.058,229.950,576.346
530.932,967.298,509.489,799.410,245.276,732.041,230.317,576.394
530.831,967.310,509.416,799.434,245.210,731.831,230.586,576.893
530.870,967.503,509.339,799.695,245.093,732.274,230.849,577.249
530.617,967.242,509.470,799.245,245.035,732.260,230.621,577.185
530.684,967.264,509.463,799.250,245.268,732.370,230.903,577.838
530.770,967.260,509.694,798.804,245.604,733.223,230.435,577.399
531.098,967.443,509.848,798.681,245.535,732.488,230.503,577.611
530.902,967.468,509.708,798.481,245.489,732.214,230.644,577.434
530.924,967.476,509.416,799.164,245.454,732.409,231.591,578.873
530.853,967.213,509.753,798.330,245.494,732.654,231.291,578.093
531.004,967.479,509.414,799.219,245.290,732.345,230.775,577.821
530.724,967.304,509.375,799.038,245.427,732.235,231.178,578.770
530.902,967.408,509.510,799.343,245.259,732.065,231.789,579.955
531.002,967.583,509.422,799.266,245.374,732.499,231.699,579.381
530.896,967.413,509.543,799.244,245.225,732.398,231.836,579.715
531.125,967.429,509.513,799.149,245.089,732.320,232.134,580.383
530.859,967.561,509.262,799.568,245.549,732.563,232.662,579.485
530.824,967.354,509.466,799.135,245.273,732.598,232.793,580.228
530.987,967.500,509.369,799.234,245.468,732.001,231.822,579.788
530.882,967.388,509.326,799.294,245.270,731.983,231.791,579.531
531.059,967.713,509.434,799.148,245.290,732.346,231.895,579.052
530.924,967.532,509.401,799.112,245.183,732.273,231.582,578.773
530.908,967.601,509.410,799.269,245.444,732.764,230.854,578.212
530.984,967.484,509.508,799.320,245.246,732.520,231.181,578.248
531.061,967.636,509.553,799.175,245.384,732.462,230.905,578.531
531.049,967.632,509.666,799.166,245.091,732.147,231.633,578.462
531.020,967.535,509.411,799.267,245.214,732.128,231.849,578.141
530.993,967.453,509.561,799.153,245.351,732.767,232.397,578.585
531.050,967.569,509.483,799.341,245.338,732.498,231.946,578.251
530.829,967.471,509.519,799.405,245.327,731.910,231.260,577.729
531.135,967.686,509.491,799.420,245.235,731.908,230.628,577.693
531.140,967.761,509.429,799.434,245.195,732.623,230.620,577.234
531.158,967.810,509.511,799.174,245.287,732.451,230.650,577.329
531.151,967.731,509.450,799.190,245.180,732.240,230.768,577.660
531.010,967.721,509.448,799.049,245.435,732.389,231.403,577.307
531.075,967.664,509.499,799.433,245.131,732.134,232.000,577.505
530.982,967.814,509.559,798.977,245.181,732.256,231.718,578.195
531.062,967.981,509.409,799.254,245.252,732.250,231.568,578.501
530.956,967.464,509.406,799.517,245.259,732.643,230.957,578.655
530.925,967.642,509.403,799.252,245.360,732.150,230.987,578.258
530.904,967.386,509.518,799.178,245.232,732.385,230.205,577.620
531.080,967.552,509.451,799.453,245.123,731.834,230.340,577.299
530.929,967.414,509.579,798.896,245.339,732.445,230.081,577.641
531.035,967.425,509.415,799.135,245.299,732.471,230.186,577.654
531.155,967.636,509.450,799.369,245.218,732.278,231.054,578.739
531.193,967.703,509.401,799.343,245.424,732.456,230.943,578.992
530.976,967.648,509.521,799.233,245.082,732.060,230.053,578.246
530.770,967.401,509.513,799.118,245.182,732.066,230.242,577.822
531.091,967.613,509.562,799.131,245.169,732.196,230.337,577.166
531.083,967.638,509.460,799.287,245.239,732.321,230.877,577.749
530.937,967.496,509.589,799.079,245.214,731.729,230.167,577.672
531.020,967.568,509.451,799.285,245.256,731.980,229.949,577.258
531.127,967.603,509.417,799.382,245.288,732.375,229.854,576.958
531.143,967.722,509.455,799.170,245.494,732.574,230.651,576.357
531.333,967.707,509.457,799.043,245.443,732.253,230.445,575.544
531.081,967.656,509.484,799.146,245.591,732.719,231.415,575.436
531.026,967.689,509.581,799.053,245.541,732.565,230.843,575.317
531.100,967.542,509.548,799.089,245.261,731.881,231.026,575.802
531.126,967.669,509.437,799.150,245.293,732.396,230.604,575.276
531.114,967.699,509.589,798.973,245.469,732.199,230.711,575.184
531.123,967.639,509.553,799.144,245.473,731.921,231.232,574.988
531.207,967.823,509.507,799.056,245.473,732.311,230.873,574.729
531.100,967.585,509.671,799.016,245.454,732.397,231.139,574.678
531.076,967.776,509.774,798.752,245.271,732.330,230.986,575.099
531.104,967.789,509.561,799.165,245.345,731.892,231.611,575.474
531.351,967.739,509.553,799.053,245.469,732.074,231.143,576.590
531.085,967.823,509.503,799.072,245.336,732.187,230.664,576.938
531.179,967.772,509.638,798.945,245.224,731.935,230.772,576.288
530.821,967.497,509.603,799.030,245.322,732.470,230.437,576.398
531.026,967.714,509.557,799.145,245.594,732.466,230.692,576.500
530.935,967.488,509.490,798.991,245.488,732.473,230.807,576.642
530.931,967.577,509.560,798.870,245.503,732.725,231.121,577.025
531.077,967.533,509.547,799.082,245.645,732.512,231.449,577.595
530.909,967.594,509.532,799.184,245.356,731.907,231.791,577.621
530.953,967.550,509.474,799.102,245.562,731.677,230.966,577.011
530.903,967.579,509.511,799.029,245.338,732.004,230.965,577.313
531.089,967.752,509.572,799.052,245.403,732.164,230.559,576.659
531.124,967.655,509.527,799.198,245.446,731.985,230.382,577.146
531.002,967.588,509.421,799.582,245.443,731.761,230.518,577.436
530.894,967.465,509.572,798.973,245.431,731.885,230.634,577.625
530.934,967.425,509.541,799.010,245.434,731.880,230.844,578.645
530.976,967.632,509.658,799.145,245.270,732.437,230.890,578.940
530.873,967.472,509.483,799.210,245.467,732.457,230.524,578.820
530.829,967.425,509.505,799.187,245.425,732.585,230.477,578.639
530.822,967.457,509.607,799.200,245.471,732.190,230.597,578.744
531.021,967.586,509.565,798.969,245.470,732.663,230.493,578.472
531.070,967.682,509.516,799.011,245.352,732.593,230.550,578.557
531.250,967.529,509.500,799.636,245.545,732.973,230.556,578.296
530.917,967.534,509.696,799.400,245.362,732.127,230.488,578.134
531.202,967.576,509.406,799.802,245.485,732.086,230.335,577.987
530.893,967.548,509.512,799.359,245.244,731.824,230.441,577.773
530.620,967.392,509.500,799.423,245.423,731.858,230.538,577.720
530.975,967.541,509.499,799.322,245.330,731.912,230.503,577.604
530.871,967.330,509.490,799.349,245.405,732.121,230.733,577.923
531.073,967.395,509.587,799.406,245.339,732.044,230.599,577.747
530.994,967.437,509.559,799.380,245.352,731.884,230.602,578.309
530.811,967.526,509.550,799.291,245.262,732.120,230.538,578.490
530.669,966.959,509.546,799.234,245.276,732.202,230.228,577.970
531.019,967.418,509.437,799.254,245.430,731.995,229.859,577.051
531.297,967.811,509.444,799.203,245.367,731.773,230.135,577.555
531.212,967.806,509.388,799.200,245.332,731.740,230.326,577.524
531.088,967.651,509.478,798.985,245.420,731.830,230.261,576.921
531.081,967.532,509.480,798.917,245.514,732.390,230.663,577.198
530.902,967.749,509.541,798.854,245.235,731.635,230.788,577.809
531.051,967.594,509.553,798.930,245.275,731.743,230.723,576.884
531.089,967.408,509.498,799.039,245.100,731.791,230.746,576.964
531.051,967.325,509.563,799.143,245.297,732.263,230.693,575.414
531.135,967.546,509.624,799.048,245.289,732.144,230.728,576.717
531.133,967.301,509.535,799.051,245.133,731.836,230.894,577.530
530.896,967.355,509.484,798.945,245.121,732.113,230.877,577.360
530.854,967.425,509.616,798.930,245.315,732.093,230.610,576.662
531.147,967.663,509.529,799.166,245.024,731.710,230.328,576.842
530.832,967.403,509.393,799.126,245.197,732.133,230.612,577.405
530.709,967.178,509.496,799.282,245.244,732.207,230.385,576.920
530.688,967.224,509.426,799.378,245.463,732.361,229.988,577.270
530.934,967.236,509.455,799.506,245.546,731.984,230.293,577.308
530.665,967.282,509.497,799.249,245.565,731.873,230.378,577.796
530.771,967.302,509.548,799.275,245.440,732.466,230.399,578.396
530.629,967.319,509.497,799.388,245.466,731.464,231.022,579.260
530.758,967.436,509.480,799.429,245.349,731.641,230.821,579.025
530.931,967.426,509.616,798.947,245.380,732.263,230.723,579.091
530.874,967.275,509.554,799.209,245.552,732.500,230.543,578.695
530.795,967.232,509.492,799.167,245.201,731.909,230.709,578.944
530.870,967.349,509.573,799.132,245.221,732.065,229.962,577.956
530.587,967.136,509.612,799.319,244.984,731.187,230.251,578.395
530.751,967.224,509.604,799.330,244.927,730.976,230.035,578.312
530.508,967.256,509.609,799.185,245.073,731.250,230.215,579.154
530.878,967.436,509.445,799.449,245.272,731.843,230.858,579.634
530.811,967.396,509.553,799.292,245.202,731.765,229.821,578.279
530.866,967.627,509.496,799.300,245.506,732.161,231.272,580.280
530.859,967.590,509.442,799.387,245.495,731.992,230.736,579.848
530.877,967.354,509.611,799.015,245.211,732.297,231.345,580.679
531.025,967.626,509.567,799.140,245.087,732.017,230.835,579.919
530.726,967.241,509.488,799.057,245.162,731.806,230.729,580.120
530.623,967.209,509.592,799.025,245.328,731.673,230.296,579.148
530.892,967.482,509.578,799.089,245.248,732.429,230.297,579.433
530.764,967.462,509.473,799.014,245.348,732.387,230.321,579.206
530.785,967.628,509.795,798.775,245.453,731.852,230.128,579.432
531.070,967.715,509.557,799.072,245.349,731.873,230.290,578.515
530.894,967.484,509.555,798.995,245.446,732.423,230.606,580.061
530.753,967.235,509.556,799.161,245.462,732.051,230.909,580.469
530.921,967.490,509.545,799.195,245.414,732.012,230.991,580.458
531.123,967.393,509.504,799.258,245.334,731.765,230.375,579.757
530.958,967.279,509.593,799.042,245.360,731.956,230.697,580.320
530.909,967.127,509.692,799.106,245.382,732.370,230.892,580.548
530.687,967.234,509.499,799.117,245.242,731.780,229.602,578.692
530.909,967.203,509.498,799.280,245.438,732.456,228.984,578.526
530.968,967.132,509.513,799.293,245.493,732.223,229.072,578.625
531.077,967.226,509.588,799.148,245.443,731.811,229.507,578.505
530.829,967.174,509.565,799.244,245.447,731.933,229.515,578.580
530.846,967.392,509.533,799.317,245.473,732.312,230.291,579.485
530.860,967.320,509.474,799.326,245.550,731.897,229.804,578.762
530.768,967.105,509.574,799.128,245.428,732.211,229.996,578.864
531.098,967.361,509.471,798.849,245.464,731.435,229.948,578.425
531.106,967.350,509.464,798.967,245.494,732.055,229.781,577.885
530.862,967.287,509.571,799.091,245.323,731.937,230.070,578.561
530.902,967.598,509.740,799.141,245.432,732.013,229.698,578.265
531.051,967.539,509.481,799.487,245.373,732.591,229.614,578.575
531.142,967.694,509.691,799.095,245.481,732.547,229.507,578.449
531.109,967.622,509.594,799.228,245.211,732.306,229.432,578.500
531.078,967.542,509.503,799.284,245.234,731.843,230.780,580.663
530.995,967.553,509.646,799.112,245.446,732.456,229.426,578.437
531.072,967.697,509.647,799.107,245.368,732.280,230.165,579.497
530.761,967.347,509.541,799.388,245.243,732.376,229.715,578.875
531.101,967.567,509.585,799.146,245.024,731.942,230.373,579.304
530.947,967.436,509.399,799.514,245.067,731.853,230.812,579.825
530.922,967.504,509.515,799.152,245.228,731.562,230.786,580.167
531.003,967.602,509.513,799.052,245.250,731.638,231.155,580.658
531.193,967.772,509.440,799.397,245.419,731.950,230.701,579.733
530.918,967.571,509.451,799.156,245.486,732.227,230.627,579.292
530.919,967.443,509.627,799.007,245.285,732.198,230.722,578.898
530.894,967.419,509.559,799.205,245.318,732.089,230.830,579.624
531.054,967.431,509.587,799.333,245.455,732.535,230.424,578.901
531.222,967.680,509.592,799.127,245.430,732.627,230.074,578.862
530.983,967.459,509.544,799.129,244.962,732.012,230.193,578.936
530.880,967.332,509.615,799.174,245.177,732.256,230.426,579.029
531.107,967.729,509.553,799.253,245.259,732.424,231.115,579.515
531.245,967.889,509.535,799.231,245.328,732.505,231.845,580.700
530.974,967.708,509.559,799.285,245.300,732.373,231.668,581.003
531.261,967.731,509.591,799.134,245.351,731.853,231.557,581.669
531.048,967.666,509.508,799.223,245.367,732.026,230.972,580.246
531.100,967.555,509.599,799.007,245.619,732.555,230.070,579.170
531.202,967.712,509.568,799.188,245.540,732.257,231.270,581.127
530.892,967.510,509.461,799.510,245.486,732.253,231.500,581.140
531.008,967.497,509.482,799.212,245.628,732.288,231.565,581.040
531.175,967.666,509.691,799.064,245.592,732.623,230.907,580.149
531.092,967.619,509.689,799.127,245.443,732.337,231.797,581.329
530.988,967.505,509.574,799.382,245.540,732.332,231.999,582.375
530.986,967.416,509.484,799.687,245.194,732.066,231.790,582.444
531.015,967.736,509.781,798.872,245.104,732.063,232.698,584.640
530.948,967.560,509.484,799.447,245.319,732.012,232.729,584.448
530.732,967.224,509.573,799.170,245.419,732.585,233.391,584.876
531.090,967.291,509.661,799.201,245.513,732.243,233.850,584.855
531.053,967.121,509.639,799.125,245.370,731.559,234.238,585.021
531.254,967.486,509.445,799.119,245.448,732.151,234.263,585.271
531.166,967.302,509.594,799.092,245.268,732.142,234.573,585.395
530.937,967.435,509.568,799.240,245.068,731.490,234.985,585.436
531.050,967.442,509.650,799.192,245.168,731.966,234.745,585.380
531.082,967.473,509.644,799.117,245.328,731.675,234.509,585.262
531.140,967.481,509.599,799.191,245.337,731.354,234.594,584.924
531.076,967.287,509.346,799.380,245.163,731.768,234.544,584.594
531.076,967.394,509.512,799.234,245.334,731.567,235.340,585.271
530.906,967.403,509.523,799.345,245.517,731.576,234.753,585.395
531.306,967.514,509.642,799.085,245.475,731.562,234.745,584.736
531.190,967.445,509.696,799.213,245.440,732.275,234.980,584.867
531.265,967.499,509.609,799.222,245.464,732.195,235.582,584.468
530.999,967.429,509.536,799.130,245.359,732.115,235.616,584.480
531.111,967.301,509.545,799.331,245.344,732.703,234.891,584.510
531.040,967.420,509.554,799.310,245.365,732.317,235.662,584.694
531.234,967.608,509.598,799.143,245.541,732.527,236.032,584.601
530.918,967.490,509.669,799.161,245.531,732.757,235.229,584.292
530.998,967.529,509.500,799.333,245.296,731.829,235.011,584.406
531.174,967.767,509.523,799.268,245.349,731.783,235.842,584.290
531.128,967.418,509.435,799.337,245.270,731.776,235.285,584.377
531.201,967.596,509.587,799.166,245.345,731.609,235.365,584.175
530.996,967.591,509.606,799.258,245.556,732.266,235.144,584.360
530.890,967.382,509.592,799.301,245.479,732.596,235.600,584.076
530.958,967.405,509.534,799.250,245.447,732.735,234.850,583.869
530.955,967.379,509.579,799.237,245.367,732.767,234.057,584.221
531.036,967.488,509.599,799.130,245.409,732.841,234.803,583.444
531.122,967.477,509.580,799.098,245.353,732.390,235.305,583.094
531.258,967.631,509.535,798.953,245.274,732.375,235.000,584.175
530.804,967.688,509.653,799.139,245.328,732.472,234.111,584.063
531.043,967.719,509.563,799.352,245.384,732.056,233.839,583.348
530.919,967.475,509.519,799.307,245.431,732.329,235.126,583.446
530.857,967.311,509.566,799.146,245.261,732.179,234.898,582.094
531.231,967.553,509.612,799.207,245.451,732.115,236.021,584.096
531.116,967.468,509.661,799.314,245.586,732.275,234.975,582.552
531.105,967.478,509.540,799.379,245.351,732.123,234.670,582.842
531.030,967.391,509.548,799.350,245.180,732.125,234.281,583.077
531.047,967.602,509.426,799.209,245.384,732.203,234.377,582.840
531.049,967.618,509.532,799.469,245.337,732.123,234.854,582.835
531.132,967.639,509.636,799.174,245.446,731.803,234.267,583.302
531.082,967.834,509.710,798.996,245.592,732.040,234.147,583.252
530.979,967.476,509.685,799.036,245.607,732.002,234.129,582.951
531.187,967.740,509.636,799.354,245.343,732.114,233.923,582.953
531.093,967.732,509.615,799.484,245.342,732.321,234.786,584.051
531.173,967.479,509.466,799.454,245.525,732.493,234.179,583.173
531.359,967.726,509.661,799.139,245.483,732.580,234.330,583.980
531.152,967.542,509.450,799.313,245.481,732.131,234.351,583.579
531.180,967.379,509.456,799.211,245.421,732.283,234.402,583.682
531.049,967.643,509.632,799.147,245.441,732.645,234.455,583.894
531.251,967.785,509.550,799.107,245.162,731.880,234.676,583.754
531.167,967.676,509.568,799.177,245.289,732.312,234.616,584.174
531.261,967.737,509.545,799.174,245.416,732.258,234.767,584.683
531.276,967.671,509.561,799.246,245.406,732.233,234.913,584.441
531.098,967.591,509.684,799.272,245.418,732.214,235.080,584.279
530.997,967.355,509.670,799.070,245.360,732.275,235.018,584.397
531.241,967.566,509.616,799.139,245.320,732.302,234.794,584.434
530.952,967.517,509.572,799.240,245.355,732.001,235.097,584.450
531.185,967.648,509.567,799.551,245.450,731.876,235.496,584.461
531.031,967.411,509.590,799.102,245.261,731.855,234.953,584.156
530.935,967.510,509.543,799.232,245.460,732.130,235.239,584.140
531.163,967.629,509.631,799.398,245.344,732.217,235.392,584.250
530.937,967.604,509.642,799.097,245.534,731.710,235.824,584.244
531.151,967.475,509.579,799.285,245.530,732.032,235.741,584.585
531.141,967.669,509.516,799.283,245.542,732.065,235.425,585.387
530.963,967.501,509.598,799.309,245.571,731.456,235.045,585.441
530.988,967.458,509.559,799.475,245.607,731.625,234.623,585.966
531.107,967.347,509.487,799.317,245.557,731.948,235.828,584.706
531.212,967.610,509.545,799.212,245.573,731.461,235.782,584.494
531.152,967.552,509.445,799.195,245.426,731.965,234.943,584.611
531.097,967.636,509.574,799.528,245.278,731.766,234.180,584.871
530.948,967.381,509.502,799.468,245.384,731.894,234.351,584.677
531.069,967.662,509.433,799.492,245.385,731.844,234.235,584.421
531.217,967.621,509.591,799.242,245.568,731.974,234.689,583.716
531.231,967.657,509.635,799.200,245.621,731.764,234.886,583.596
531.238,967.665,509.573,799.227,245.490,732.444,234.927,583.779
531.063,967.283,509.677,799.196,245.471,732.041,234.748,584.674
531.145,967.460,509.595,799.367,245.538,731.999,234.734,584.376
531.053,967.689,509.626,799.226,245.448,731.876,233.602,583.584
530.909,967.447,509.698,799.160,245.631,731.951,233.806,584.126
531.083,967.558,509.678,799.618,245.559,732.298,233.769,582.902
531.032,967.422,509.547,799.535,245.577,732.360,233.591,583.173
531.059,967.703,509.581,799.312,245.426,732.434,233.451,582.933
530.958,967.434,509.593,799.251,245.356,732.214,232.653,582.177
530.876,967.324,509.475,799.530,245.405,732.084,232.610,581.964
531.095,967.229,509.484,799.438,245.502,731.798,233.320,581.802
530.762,967.184,509.420,799.514,245.382,731.640,233.447,582.038
530.926,967.109,509.488,799.306,245.536,731.709,233.634,581.794
531.264,967.615,509.533,799.335,245.574,731.883,233.621,581.642
531.230,967.573,509.620,799.309,245.623,732.278,233.658,581.937
531.350,967.728,509.577,799.299,245.586,732.068,233.269,581.672
531.053,967.566,509.716,799.194,245.339,731.734,233.525,581.791
531.020,967.259,509.681,799.100,245.413,732.005,233.478,581.883
531.306,967.671,509.543,799.220,245.454,732.381,233.721,582.434
531.295,967.669,509.631,799.104,245.394,732.189,234.218,582.797
530.996,967.508,509.476,799.341,245.255,731.839,234.315,583.865
531.118,967.550,509.628,799.100,245.242,731.454,233.745,584.388
530.878,967.361,509.632,799.091,245.423,731.796,233.398,583.867
530.864,967.309,509.675,798.937,245.289,732.083,233.402,583.501
531.059,967.291,509.703,799.140,245.372,732.282,233.405,584.000
530.850,967.639,509.574,799.355,245.394,731.976,233.933,583.882
530.971,967.404,509.523,799.274,245.194,732.028,234.349,584.589
530.889,967.522,509.568,799.449,245.349,731.909,234.344,584.349
530.567,967.365,509.512,799.233,245.458,732.697,233.965,583.450
530.656,967.248,509.495,799.603,245.456,732.189,233.560,583.444
530.658,967.337,509.594,799.490,245.512,732.290,233.646,583.352
530.965,967.506,509.590,799.593,245.389,732.385,233.474,582.905
530.694,967.235,509.624,799.334,245.419,732.530,233.248,582.778
531.011,967.610,509.639,799.154,245.485,731.505,233.600,582.712
530.911,967.572,509.648,799.157,245.534,731.715,233.736,582.581
530.978,967.531,509.601,799.189,245.644,731.987,233.658,582.286
530.833,967.495,509.600,798.959,245.491,731.832,233.925,582.374
531.038,967.655,509.687,799.115,245.492,731.681,233.854,582.768
530.992,967.459,509.611,799.153,245.460,731.827,233.727,582.725
531.026,967.566,509.666,799.225,245.159,731.338,234.085,583.181
530.827,967.446,509.559,799.370,245.255,731.402,234.226,583.364
530.993,967.455,509.617,799.322,245.408,731.751,234.073,582.836
531.052,967.656,509.690,799.196,245.408,731.515,234.342,583.112
530.911,967.561,509.566,799.468,245.290,731.332,234.377,583.434
530.719,967.507,509.640,798.982,245.301,731.700,233.872,583.210
530.855,967.624,509.675,799.106,245.420,731.842,233.683,583.316
530.827,967.433,509.624,799.066,245.475,731.526,232.434,582.462
530.856,967.510,509.604,799.077,245.424,731.663,232.639,582.126
530.998,967.346,509.618,799.224,245.361,731.915,232.246,581.925
530.962,967.385,509.484,799.309,245.456,732.185,232.576,582.052
530.785,967.358,509.552,799.100,245.445,732.250,232.709,581.790
530.996,967.491,509.589,799.228,245.476,732.161,232.500,581.433
530.909,967.406,509.502,799.373,245.467,732.159,232.566,581.839
530.795,967.369,509.578,799.289,245.402,731.603,232.278,582.230
531.122,967.610,509.557,799.282,245.358,731.753,232.829,582.713
531.015,967.521,509.512,799.354,245.441,732.139,232.766,582.552
530.991,967.476,509.555,799.396,245.474,731.637,233.022,583.645
531.014,967.350,509.813,798.959,245.469,732.150,232.603,582.960
531.058,967.622,509.514,799.319,245.386,731.877,232.467,582.553
531.230,967.712,509.626,799.261,245.272,732.173,232.446,581.364
531.025,967.407,509.598,799.109,245.244,732.097,232.709,581.866
530.995,967.555,509.598,799.400,245.293,731.942,232.628,581.643
531.045,967.619,509.556,799.313,245.367,731.771,233.331,583.130
530.877,967.510,509.451,799.482,245.484,731.790,233.068,583.728
530.987,967.595,509.569,799.242,245.462,731.815,232.301,581.300
531.050,967.519,509.516,799.340,245.322,732.060,232.200,580.809
530.820,967.387,509.429,799.905,245.402,732.141,232.387,581.093
530.794,967.245,509.585,799.426,245.445,731.917,232.609,580.909
530.914,967.280,509.573,799.448,245.541,732.382,232.235,581.103
530.801,967.050,509.616,799.426,245.422,732.175,232.603,582.530
530.981,967.515,509.637,799.431,245.145,731.340,232.251,581.860
530.980,967.315,509.514,799.576,245.225,731.313,232.407,580.946
530.773,967.085,509.580,799.087,245.170,732.010,232.397,581.029
530.921,967.414,509.556,799.478,245.214,731.711,232.365,581.273
530.992,967.527,509.513,799.536,245.408,731.945,232.647,581.998
530.978,967.398,509.508,799.127,245.385,732.084,232.465,582.185
531.050,967.612,509.617,799.279,245.476,732.187,232.290,580.736
530.873,967.729,509.577,799.179,245.373,732.140,231.960,580.889
531.020,967.551,509.568,799.029,245.635,732.282,232.008,580.949
530.872,967.495,509.665,799.231,245.424,732.439,232.192,581.277
531.280,967.638,509.786,798.957,245.413,732.120,232.113,582.504
531.234,967.562,509.468,799.646,245.319,731.746,232.345,581.824
530.967,967.463,509.467,799.540,245.351,731.970,231.481,579.895
530.857,967.382,509.570,799.120,245.361,731.919,232.088,580.750
530.672,967.234,509.581,799.145,245.225,731.666,232.121,581.016
531.030,967.176,509.715,798.893,245.412,732.383,231.986,581.227
531.098,967.236,509.506,799.810,245.463,732.131,232.054,581.095
531.019,967.406,509.635,799.344,245.582,732.516,231.929,581.373
530.943,967.273,509.627,799.407,245.476,731.898,230.830,580.223
530.769,967.195,509.621,799.428,245.407,732.234,231.012,580.375
530.887,967.107,509.615,799.307,245.385,732.097,231.912,580.961
530.765,967.392,509.490,799.453,245.499,731.949,231.784,581.028
530.952,967.392,509.546,799.496,245.272,732.005,232.213,582.283
531.086,967.635,509.507,799.573,245.336,731.759,231.709,581.886
530.822,967.353,509.656,799.281,245.419,731.945,231.475,581.111
530.909,967.370,509.475,799.703,245.370,731.558,231.702,580.293
531.143,967.594,509.550,799.592,245.384,731.823,231.688,579.770
531.166,967.504,509.505,799.719,245.172,731.941,231.365,579.302
531.250,967.508,509.485,799.508,245.420,732.102,231.226,578.590
531.360,967.810,509.454,799.521,245.404,732.219,232.140,579.019
531.161,967.663,509.600,799.125,245.386,732.386,231.940,578.962
531.013,967.517,509.658,799.156,245.488,732.506,231.255,579.750
530.718,967.070,509.516,799.542,245.396,732.619,230.805,580.123
530.913,967.438,509.551,799.664,245.466,732.251,230.642,580.322
530.952,967.254,509.706,799.323,245.289,732.611,230.530,580.540
530.916,967.306,509.706,799.136,245.139,731.643,231.084,579.395
531.043,967.607,509.760,798.894,245.158,731.874,231.403,580.349
530.791,967.125,509.735,799.158,245.354,732.203,231.380,579.998
530.874,967.302,509.634,798.969,245.426,731.988,231.359,580.857
530.918,967.196,509.879,799.290,245.165,731.610,231.173,581.827
531.159,967.530,509.478,799.691,245.329,732.590,231.204,582.512
530.854,967.360,509.499,799.665,245.267,732.048,231.172,582.705
531.103,967.706,509.604,799.204,245.416,732.318,230.571,581.925
531.015,967.438,509.505,799.449,245.469,732.392,230.906,582.580
531.068,967.431,509.470,799.407,245.437,732.432,231.396,582.848
531.294,967.727,509.732,799.143,245.393,731.975,231.495,582.899
531.111,967.521,509.513,799.482,245.515,732.090,231.282,582.952
530.821,967.552,509.460,799.447,245.054,731.659,231.082,582.658
531.071,967.560,509.566,799.412,245.155,731.764,230.153,582.553
531.004,967.462,509.615,799.640,245.341,731.893,230.729,582.818
531.077,967.636,509.555,799.474,245.530,731.777,231.729,582.561
531.104,967.556,509.710,799.529,245.323,732.285,231.378,582.300
530.956,967.520,509.540,799.504,245.203,731.947,230.139,581.305
531.035,967.420,509.555,799.631,245.238,731.638,229.990,581.507
530.862,967.325,509.608,799.481,245.348,731.700,230.135,580.789
530.870,967.312,509.646,799.534,245.437,732.039,231.120,580.112
530.477,966.822,509.481,799.704,245.479,731.885,232.372,581.073
530.776,967.221,509.575,799.526,245.652,731.810,232.254,579.748
531.107,967.619,509.654,799.214,245.500,731.990,232.090,580.426
531.017,967.489,509.732,799.197,245.459,731.872,231.982,579.130
531.017,967.523,509.631,799.189,245.467,732.071,232.229,578.867
531.165,967.495,509.537,799.377,245.392,732.236,231.881,579.581
531.313,967.639,509.694,799.503,245.576,732.155,232.256,579.846
531.095,967.650,509.473,799.595,245.490,732.050,232.173,578.562
531.254,967.699,509.568,799.260,245.341,732.061,232.228,578.547
531.107,967.597,509.558,799.309,245.535,732.139,232.119,578.398
531.025,967.587,509.476,799.543,245.531,732.432,232.069,577.887
531.255,967.807,509.598,799.306,245.489,731.923,232.334,577.785
531.025,967.589,509.626,799.320,245.468,732.009,232.442,577.005
530.957,967.719,509.607,799.126,245.310,732.000,233.157,576.968
530.912,967.609,509.598,799.173,245.468,732.097,232.048,577.321
530.901,967.503,509.670,799.211,245.471,731.986,230.980,578.351
530.999,967.575,509.721,799.022,245.710,732.040,232.076,577.990
530.998,967.416,509.821,798.947,245.540,732.163,232.036,577.577
531.063,967.373,509.658,799.327,245.559,731.735,232.750,577.255
530.811,967.093,509.579,799.443,245.618,731.964,232.415,577.395
530.971,967.445,509.599,799.502,245.375,732.407,231.626,577.119
531.290,967.626,509.506,799.693,245.532,732.626,231.530,578.378
531.029,967.780,509.500,799.902,245.460,731.915,232.075,576.981
531.321,967.791,509.607,799.385,245.292,732.005,232.365,577.553
531.226,967.542,509.543,799.460,245.251,731.732,232.362,579.605
531.361,967.827,509.623,799.453,245.413,732.433,232.458,579.443
531.299,967.791,509.546,799.367,245.356,732.079,232.383,579.100
531.109,967.467,509.622,799.158,245.347,732.018,231.234,579.728
531.139,967.670,509.615,799.219,245.245,731.871,231.320,579.773
530.973,967.489,509.612,799.267,245.223,732.032,231.060,580.416
531.032,967.771,509.764,799.215,245.592,731.940,230.820,580.348
531.296,967.677,509.563,799.565,245.517,732.328,230.747,580.401
531.314,967.684,509.705,799.378,245.246,732.030,230.477,580.084
531.043,967.597,509.587,799.615,245.252,731.503,230.572,579.799
531.268,967.581,509.615,799.273,245.256,731.584,231.962,580.110
531.022,967.574,509.617,799.655,245.172,731.750,232.146,579.799
531.033,967.538,509.694,799.417,245.165,731.451,231.788,579.749
531.136,967.729,509.608,799.637,245.196,731.873,232.005,579.242
530.984,967.607,509.609,799.458,245.219,731.471,232.759,578.814
531.335,967.571,509.642,799.431,245.327,731.172,232.660,578.390
531.160,967.625,509.531,799.310,245.304,731.371,231.664,578.591
530.970,967.552,509.556,799.823,245.350,731.885,232.074,578.711
531.174,967.621,509.570,799.515,245.281,732.054,232.242,578.768
530.895,967.362,509.553,799.445,245.542,731.437,232.309,578.689
531.099,967.408,509.645,799.455,245.746,731.644,232.097,578.630
531.082,967.341,509.650,799.462,245.634,731.427,231.855,578.972
531.034,967.655,509.427,799.622,245.354,731.543,232.219,578.373
530.872,967.461,509.490,799.433,245.344,731.819,232.259,578.076
531.115,967.563,509.572,799.833,245.446,732.129,232.588,577.722
531.038,967.618,509.550,799.414,245.330,732.201,232.679,577.858
531.025,967.562,509.558,799.559,245.396,732.389,232.642,577.528
530.946,967.466,509.554,799.511,245.392,733.020,232.653,577.344
530.964,967.602,509.617,799.507,245.491,732.002,232.606,577.739
530.950,967.318,509.608,799.590,245.474,731.872,232.527,578.528
530.914,967.384,509.674,799.162,245.601,732.003,232.234,577.947
530.814,967.326,509.668,799.066,245.740,731.798,232.643,578.157
531.172,967.719,509.787,799.105,245.228,731.818,232.398,578.424
531.103,967.602,509.882,798.948,245.177,731.552,232.150,578.674
531.155,967.479,509.547,799.453,245.408,732.190,232.059,578.741
531.059,967.561,509.521,799.395,245.721,731.654,231.991,578.547
530.898,967.405,509.588,799.351,245.530,731.489,232.244,578.515
530.956,967.406,509.703,799.119,245.610,732.495,230.526,579.297
531.198,967.428,509.749,799.010,245.637,732.053,230.796,579.159
530.978,967.595,509.735,799.146,245.588,732.362,230.111,580.013
531.052,967.550,509.743,799.199,245.494,731.890,230.106,579.993
530.987,967.316,509.572,799.359,245.375,731.839,230.699,579.820
531.076,967.472,509.809,799.036,245.477,732.170,230.664,579.498
531.272,967.665,509.425,799.896,245.359,731.613,230.696,579.911
531.167,967.799,509.487,799.560,245.371,731.632,230.957,579.425
531.363,967.726,509.703,799.255,245.437,731.709,230.876,580.094
531.226,967.628,509.762,799.099,245.478,731.473,230.491,580.213
531.029,967.806,509.721,799.211,245.587,731.653,230.009,579.828
530.836,967.536,509.519,799.288,245.495,732.292,229.627,579.869
530.770,967.422,509.655,799.322,245.387,732.480,229.934,580.533
531.048,967.646,509.401,799.433,245.674,732.143,231.043,579.461
531.017,967.615,509.542,799.282,245.618,732.259,230.409,579.683
530.815,967.248,509.573,799.420,245.323,731.931,230.922,578.200
530.912,967.335,509.588,799.312,245.327,731.453,231.069,578.559
530.819,967.583,509.435,799.802,245.345,731.295,232.314,578.276
530.844,967.440,509.617,799.440,245.407,731.345,233.105,578.498
531.049,967.434,509.617,799.244,245.396,731.584,232.918,577.682
531.062,967.454,509.463,799.605,245.544,731.655,232.942,577.735
531.085,967.516,509.560,799.330,245.328,731.564,232.871,577.802
530.886,967.371,509.503,799.511,245.661,731.165,232.633,577.766
530.754,967.309,509.639,799.337,245.564,731.435,232.625,577.202
531.087,967.446,509.545,799.584,245.432,731.339,232.927,577.471
530.799,967.292,509.468,799.642,245.471,731.223,231.728,578.839
531.102,967.645,509.572,799.249,245.409,731.365,230.943,578.862
530.770,967.167,509.605,799.197,245.453,731.209,232.084,578.200
531.050,967.596,509.571,799.569,245.514,731.266,232.155,577.616
530.798,967.361,509.508,799.249,245.610,731.675,231.982,577.240
531.180,967.694,509.558,799.094,245.562,731.724,231.791,577.112
531.280,967.709,509.623,799.117,245.480,731.547,231.473,577.336
531.172,967.635,509.667,799.062,245.586,731.942,231.542,577.954
531.096,967.625,509.570,799.293,245.552,731.610,231.598,578.238
530.895,967.345,509.554,799.405,245.360,731.996,231.787,578.578
530.947,967.254,509.640,799.020,245.571,732.083,231.334,578.042
530.940,967.396,509.628,799.112,245.447,732.352,230.988,578.580
531.131,967.517,509.740,798.972,245.401,731.989,231.336,578.042
530.925,967.235,509.818,798.775,245.386,732.499,230.137,578.620
530.999,967.415,509.550,799.185,245.665,732.672,229.719,578.078
531.106,967.534,509.737,799.145,245.574,732.587,231.268,578.115
530.849,967.081,509.539,799.307,245.704,732.451,231.557,577.784
530.853,967.468,509.626,798.974,245.586,732.422,232.092,577.295
531.133,967.310,509.484,799.180,245.725,732.846,232.171,577.081
531.029,967.274,509.675,799.073,245.675,732.764,232.004,577.240
530.809,967.432,509.566,799.251,245.599,732.192,231.747,577.822
530.774,967.266,509.627,799.000,245.653,732.233,232.519,577.191
531.024,967.370,509.586,799.381,245.565,732.250,232.612,577.241
530.896,967.250,509.582,799.189,245.568,731.931,232.998,576.909
530.956,967.281,509.577,799.380,245.667,731.784,233.283,576.667
530.943,967.290,509.532,799.441,245.658,731.803,233.078,577.376
531.049,967.420,509.547,799.465,245.705,731.930,232.256,577.527
531.063,967.245,509.613,799.403,245.596,732.318,232.003,577.355
531.048,967.160,509.625,799.254,245.618,732.046,231.870,577.334
530.962,967.410,509.656,799.269,245.453,731.883,231.922,577.439
530.932,967.356,509.648,799.239,245.589,732.244,232.311,576.980
530.751,967.362,509.626,799.017,245.774,732.026,232.599,576.785
530.743,967.484,509.551,799.241,245.698,731.942,233.106,577.052
530.706,967.127,509.543,799.188,245.535,731.945,232.694,576.924
531.061,967.572,509.508,799.262,245.598,732.211,232.493,577.670
530.884,967.636,509.593,798.874,245.636,733.053,233.221,578.048
531.159,967.835,509.546,799.187,245.637,732.785,232.749,578.160
530.926,967.455,509.607,799.278,245.866,732.944,231.442,578.478
530.879,967.385,509.611,798.987,245.723,732.784,232.026,577.654
530.904,967.434,509.537,799.261,245.908,732.884,232.350,577.962
530.893,967.568,509.500,799.302,245.768,732.469,232.419,578.243
530.959,967.612,509.497,799.329,245.813,732.232,232.302,578.762
530.959,967.623,509.545,799.340,245.891,732.125,232.213,578.624
530.927,967.591,509.593,799.175,245.876,732.237,231.898,578.520
530.681,967.435,509.592,799.076,245.656,732.428,231.292,578.848
530.893,967.377,509.591,799.071,245.681,732.538,231.115,578.363
530.983,967.387,509.594,799.169,245.654,732.288,231.366,578.208
531.164,967.485,509.383,799.308,245.694,732.638,231.810,578.051
531.075,967.310,509.606,799.318,245.565,732.152,232.148,578.429
530.973,967.361,509.406,799.560,245.769,732.204,231.939,579.794
531.095,967.569,509.644,799.365,245.647,732.268,232.476,580.467
531.056,967.590,509.602,799.394,245.464,732.241,232.347,580.241
531.287,967.638,509.639,799.413,245.520,732.334,231.437,580.235
531.157,967.513,509.642,799.258,245.624,732.319,231.276,579.224
531.172,967.442,509.568,799.310,245.577,732.349,231.338,578.643
531.152,967.588,509.655,799.187,245.697,732.668,232.009,579.719
531.055,967.538,509.599,799.292,245.703,732.562,232.145,580.132
531.072,967.664,509.518,799.401,245.577,732.004,231.700,580.475
531.024,967.710,509.607,799.375,245.530,732.078,230.927,579.746
531.115,967.586,509.548,799.217,245.705,732.215,231.164,579.374
531.198,967.666,509.596,799.243,245.841,732.478,231.547,579.954
531.287,967.401,509.732,798.789,245.818,732.056,231.656,580.121
531.197,967.555,509.666,798.973,245.933,732.342,232.112,579.779
531.151,967.445,509.567,799.267,245.793,732.425,232.416,579.575
531.268,967.569,509.586,799.148,245.766,732.512,232.157,579.600
531.116,967.641,509.646,798.959,245.783,732.415,232.062,578.945
530.984,967.450,509.670,799.235,245.707,732.402,231.951,579.183
531.120,967.540,509.567,799.196,245.647,732.276,232.190,579.586
531.226,967.595,509.554,799.456,245.851,732.991,232.506,580.045
531.210,967.613,509.549,799.118,245.893,732.876,232.626,580.041
531.202,967.583,509.708,799.238,245.824,732.582,232.851,580.191
531.094,967.421,509.708,799.122,245.881,732.709,233.021,580.412
531.272,967.727,509.584,799.095,245.787,732.257,233.758,582.436
531.017,967.438,509.608,799.355,245.787,732.106,233.500,582.930
531.334,967.772,509.682,799.137,245.672,732.257,232.512,582.068
531.173,967.488,509.596,799.000,245.608,732.492,233.613,583.547
531.211,967.266,509.772,798.924,245.649,732.847,234.125,584.243
531.378,967.688,509.544,798.965,245.774,732.605,233.599,584.600
531.327,967.829,509.662,799.174,245.782,732.595,234.550,584.297
531.164,967.548,509.549,798.940,245.815,732.441,235.357,584.425
531.277,967.610,509.569,799.115,245.801,732.540,235.285,583.979
530.873,967.303,509.578,799.380,245.864,732.481,234.774,584.832
531.267,967.559,509.538,799.291,245.791,732.224,234.171,584.932
531.158,967.689,509.580,798.907,245.747,732.442,233.447,583.953
531.302,967.656,509.645,799.003,245.719,732.415,232.611,583.559
531.289,967.689,509.618,799.132,245.759,732.176,232.888,583.032
531.216,967.717,509.552,799.131,245.767,731.917,233.665,582.865
531.417,967.677,509.533,799.232,245.750,732.522,233.434,582.899
531.247,967.445,509.550,799.163,245.614,732.131,234.033,583.306
531.241,967.699,509.696,799.139,245.634,732.365,233.935,583.545
531.236,967.564,509.652,799.224,245.626,732.519,233.531,583.061
531.027,967.442,509.588,799.171,245.765,732.268,233.653,582.800
531.078,967.591,509.576,799.144,245.763,732.694,233.539,582.811
531.279,967.586,509.509,799.329,245.723,732.625,233.876,583.089
531.156,967.830,509.444,799.702,245.762,732.245,233.838,583.427
531.059,967.530,509.529,799.141,245.815,733.027,234.402,583.572
531.187,967.326,509.478,799.441,245.875,732.743,234.157,583.495
531.054,967.459,509.554,799.132,245.804,732.468,233.977,583.367
531.138,967.561,509.606,799.407,245.702,732.545,234.302,583.553
531.033,967.467,509.470,799.568,245.856,732.985,234.519,583.598
531.120,967.795,509.555,799.480,245.649,732.494,234.113,583.660
531.290,967.690,509.557,799.312,245.550,732.512,233.528,583.876
531.254,967.946,509.618,799.638,245.627,732.226,232.938,583.740
531.032,967.675,509.492,799.626,245.848,731.929,232.850,583.807
531.222,967.825,509.523,799.356,245.895,732.196,233.600,583.805
530.993,967.534,509.552,799.574,245.521,732.605,233.454,583.249
531.168,967.432,509.514,799.629,245.674,732.144,233.473,583.558
530.923,967.577,509.625,799.183,245.521,732.085,233.649,582.940
531.110,967.643,509.602,799.217,245.692,732.153,233.928,582.939
531.131,967.621,509.495,799.322,245.739,732.392,233.759,582.811
531.115,967.518,509.719,799.158,245.811,732.153,233.699,582.735
531.013,967.628,509.699,799.060,245.817,732.254,233.665,582.785
530.899,967.526,509.617,799.174,245.697,731.970,233.486,582.658
531.079,967.785,509.487,799.458,245.841,732.522,233.651,581.969
530.900,967.439,509.689,799.258,245.568,732.453,234.304,582.537
531.207,967.698,509.522,799.480,245.798,733.118,234.352,583.078
530.953,967.652,509.671,799.439,245.775,732.426,233.826,583.314
531.120,967.661,509.637,799.261,245.712,732.900,233.615,583.167
531.183,967.635,509.593,799.300,245.659,732.358,233.441,583.251
531.152,967.668,509.597,799.333,245.740,732.068,233.584,582.793
530.990,967.315,509.616,799.452,245.722,732.398,233.785,582.521
531.073,967.284,509.645,799.310,245.741,732.137,233.827,582.692
531.180,967.432,509.413,799.486,245.855,732.123,233.880,583.082
530.982,967.365,509.470,799.404,245.717,732.038,233.600,582.811
531.095,967.773,509.668,799.196,245.700,732.280,233.354,582.122
531.051,967.587,509.571,799.639,245.485,731.882,232.998,581.689
531.029,967.735,509.559,799.580,245.736,732.983,233.378,581.732
531.151,967.607,509.671,799.296,245.810,732.419,233.552,582.117
530.920,967.168,509.464,799.620,245.791,732.529,233.701,582.805
531.029,967.419,509.667,799.492,245.900,732.076,233.261,582.272
530.822,967.281,509.686,799.578,245.769,732.397,232.947,581.631
531.168,967.796,509.602,799.351,245.845,732.809,233.216,581.071
530.901,967.506,509.688,799.272,245.787,732.409,233.353,582.370
531.095,967.810,509.676,799.055,245.694,732.360,233.495,582.374
531.108,967.652,509.664,799.234,245.760,733.071,233.236,582.606
531.165,967.642,509.453,799.341,245.750,732.113,233.252,582.101
531.308,967.874,509.584,799.199,245.561,732.248,233.692,582.537
530.850,967.553,509.537,799.420,245.735,732.686,233.775,582.861
531.090,967.613,509.658,799.200,245.756,732.577,233.613,582.339
530.969,967.546,509.563,799.564,245.790,732.536,233.260,581.811
531.374,967.791,509.558,799.520,245.765,732.109,232.839,580.656
531.130,967.301,509.445,799.744,245.891,733.051,233.156,580.487
531.072,967.083,509.642,799.371,245.763,732.752,233.035,580.864
531.296,967.303,509.496,799.509,245.946,732.523,232.976,580.706
531.190,967.308,509.562,799.518,245.690,732.824,232.706,580.131
531.077,967.424,509.545,799.557,245.725,732.385,232.836,579.813
530.998,967.382,509.564,799.333,245.893,733.064,233.432,580.822
531.067,967.357,509.581,799.408,245.669,732.714,233.712,581.009
531.289,967.777,509.703,799.183,245.734,732.544,233.995,581.152
531.414,967.835,509.674,799.099,245.722,732.598,233.549,581.307
530.949,967.446,509.551,799.517,245.689,732.582,232.723,581.133
531.163,967.283,509.551,799.486,245.682,732.480,233.614,581.450
531.102,967.662,509.491,799.676,245.764,732.094,233.216,581.652
531.117,967.634,509.390,799.889,245.594,731.991,233.255,581.373
530.906,967.577,509.529,799.256,245.610,732.281,234.375,581.408
530.829,967.459,509.573,799.329,245.600,731.914,233.678,580.994
530.856,967.193,509.518,799.320,245.675,731.964,233.684,580.947
531.010,967.288,509.513,799.457,245.770,732.527,233.847,580.989
530.880,967.358,509.559,799.570,245.624,732.329,233.650,581.237
530.957,967.290,509.577,799.336,245.927,732.398,233.794,581.734
531.064,967.551,509.469,799.477,245.914,732.742,233.696,581.651
530.934,967.437,509.519,799.312,245.687,731.986,233.445,581.875
530.973,967.250,509.582,798.973,245.631,732.121,233.291,581.658
531.052,967.280,509.398,799.606,245.838,732.169,233.612,581.793
531.026,967.362,509.501,799.270,245.747,732.365,233.358,581.969
531.199,967.548,509.476,799.871,245.792,732.825,233.269,582.447
530.933,967.356,509.509,799.748,245.765,732.215,233.217,582.340
530.919,967.200,509.586,799.609,245.721,732.167,233.547,582.217
530.862,967.298,509.532,799.488,245.915,732.420,233.676,582.342
530.700,967.272,509.571,799.398,245.816,732.454,233.647,582.326
531.143,967.581,509.623,799.313,245.914,732.730,233.626,582.047
531.036,967.612,509.679,799.335,245.982,732.295,233.531,582.064
531.199,967.465,509.687,799.513,245.866,731.965,233.072,581.971
531.127,967.314,509.695,799.466,245.814,732.129,233.029,581.940
531.217,967.516,509.556,799.619,245.973,732.325,233.542,582.217
531.103,967.403,509.587,799.405,245.992,732.327,233.649,582.816
530.913,967.424,509.587,799.367,245.991,732.348,233.365,581.931
530.953,967.425,509.524,799.652,245.981,732.418,233.441,581.772
530.782,967.342,509.556,799.480,246.106,732.194,232.944,580.942
530.487,967.074,509.613,799.249,246.010,732.661,232.488,580.056
530.609,967.282,509.620,799.408,246.093,732.548,232.353,580.212
531.158,967.796,509.523,799.366,246.278,732.815,232.469,579.901
530.977,967.663,509.600,799.397,246.105,732.447,232.576,579.940
531.042,967.357,509.578,799.405,246.102,732.457,233.250,581.665
530.710,967.299,509.589,799.448,246.062,732.938,232.874,580.639
531.166,967.694,509.593,799.762,246.126,732.643,233.756,582.165
531.015,967.669,509.506,799.699,246.117,732.667,233.648,582.422
530.974,967.564,509.619,799.212,246.103,732.818,233.322,582.114
530.916,967.537,509.657,799.313,246.137,732.977,232.995,581.673
531.057,967.479,509.568,799.450,246.034,731.988,233.512,582.337
530.978,967.458,509.540,799.440,245.926,732.230,232.838,582.379
531.102,967.495,509.724,798.926,245.817,732.532,232.542,582.819
531.007,967.440,509.706,798.992,245.952,732.454,231.915,580.806
531.131,967.365,509.645,799.236,245.983,732.777,231.983,581.180
531.057,967.519,509.534,799.448,246.172,732.062,232.603,581.743
531.110,967.294,509.537,799.349,245.986,732.205,233.081,581.961
531.072,967.397,509.573,799.472,245.772,732.428,233.159,582.705
531.199,967.532,509.581,799.552,245.858,732.626,232.750,582.249
531.196,967.774,509.660,798.981,245.954,731.497,232.351,582.288
530.981,967.554,509.608,799.133,246.058,732.140,232.505,582.112
530.972,967.558,509.665,799.379,246.092,731.610,231.852,581.624
531.104,967.617,509.937,798.872,245.988,732.013,232.348,581.771
531.345,968.135,509.505,799.385,245.885,732.023,232.649,580.767
531.219,967.646,509.518,799.406,245.888,732.036,232.728,580.618
531.213,967.818,509.595,799.484,245.941,732.212,232.561,580.813
531.204,967.629,509.819,798.670,246.128,731.970,232.453,580.767
530.980,967.505,509.542,799.194,245.974,732.131,232.605,580.563
531.160,967.692,509.544,799.527,245.762,732.390,232.988,581.219
531.108,967.588,509.555,799.558,245.712,732.325,233.117,581.625
531.186,967.719,509.603,799.292,245.883,732.029,232.150,582.066
531.124,967.727,509.527,799.269,245.783,732.091,232.239,582.344
531.043,967.681,509.565,799.304,245.920,732.397,231.848,582.075
531.185,967.661,509.351,799.462,245.917,732.357,230.226,582.051
531.397,967.710,509.605,799.478,246.017,732.159,232.524,582.487
531.355,967.749,509.516,799.492,246.037,732.071,232.288,582.384
531.345,967.811,509.739,799.231,245.870,731.808,232.605,582.009
531.312,967.797,509.558,799.257,246.004,732.305,232.291,582.041
531.282,967.450,509.643,799.145,245.995,732.589,232.328,581.388
531.209,967.448,509.659,799.105,245.904,732.047,232.337,581.075
531.151,967.406,509.631,799.203,245.914,732.064,231.163,578.534
531.192,967.723,509.573,799.456,245.886,731.858,232.389,580.900
531.250,967.692,509.536,799.620,245.851,732.528,232.715,581.873
531.116,967.486,509.616,799.476,245.767,732.358,232.168,582.325
531.131,967.506,509.614,799.537,245.824,732.072,232.009,581.777
531.029,967.568,509.568,799.357,245.745,731.983,232.176,581.925
531.141,967.526,509.590,799.540,245.762,732.086,231.252,579.460
531.000,967.500,509.545,799.850,245.920,732.243,231.927,581.633
531.189,967.491,509.585,799.644,245.943,732.321,231.472,580.201
531.549,967.772,509.626,799.282,245.942,732.038,230.650,580.484
531.118,967.632,509.535,799.324,245.977,731.854,230.713,581.170
531.103,967.435,509.403,799.502,245.774,731.991,230.958,581.656
531.329,967.657,509.413,799.446,245.984,732.050,230.201,580.401
531.078,967.529,509.590,799.434,246.073,732.199,231.490,583.636
531.053,967.395,509.691,799.379,246.132,732.172,231.009,583.008
531.058,967.515,509.719,799.425,245.950,732.183,230.600,583.771
531.108,967.478,509.684,799.287,246.114,732.532,230.262,583.620
530.996,967.397,509.726,799.414,245.907,732.206,230.383,583.426
530.753,967.419,509.562,799.609,246.046,732.170,230.756,582.761
531.013,967.753,509.668,799.730,246.021,732.071,231.275,583.425
531.141,967.822,509.512,799.791,245.894,732.430,231.115,583.536
531.032,967.666,509.587,799.878,245.992,732.495,229.897,581.133
531.093,967.426,509.619,799.439,246.042,732.086,231.293,581.898
531.189,967.558,509.641,799.576,246.069,732.152,231.784,583.525
530.894,967.333,509.640,799.588,245.852,732.317,231.827,583.583
531.021,967.623,509.590,799.667,245.930,731.934,231.520,583.342
531.048,967.414,509.672,799.392,246.033,732.520,231.317,582.877
531.100,967.454,509.651,799.433,245.821,732.379,231.407,581.331
531.137,967.463,509.632,799.522,245.808,732.377,231.834,583.033
531.254,967.483,509.630,799.566,245.939,732.195,231.312,582.261
531.251,967.546,509.689,799.356,245.938,732.485,230.936,581.775
531.256,967.485,509.589,799.781,245.953,732.313,230.885,582.289
531.113,967.411,509.626,799.639,245.855,732.339,230.821,583.636
530.961,967.408,509.654,799.434,245.979,732.070,230.794,582.728
531.327,967.874,509.570,799.352,245.801,732.285,231.221,582.295
531.098,967.650,509.729,799.667,245.875,732.048,231.375,582.852
531.371,967.806,509.577,799.508,245.829,732.302,230.835,583.685
531.190,967.606,509.777,798.919,245.999,732.394,230.515,585.189
531.392,967.775,509.711,799.515,245.975,732.353,230.090,584.672
531.118,967.412,509.740,799.426,245.937,732.242,230.516,583.928
531.216,967.607,509.794,799.281,245.945,732.256,230.568,584.482
531.236,967.688,509.646,799.462,246.007,732.118,230.745,585.170
531.118,967.589,509.619,799.341,245.801,732.690,230.862,584.340
531.250,967.707,509.659,799.394,245.799,732.565,231.247,583.298
531.302,967.673,509.798,799.362,245.674,732.766,231.002,582.666
531.278,967.632,509.837,799.244,245.809,733.094,230.404,584.197
531.258,967.643,509.599,799.303,245.778,732.248,229.478,584.283
531.422,967.605,509.599,799.480,245.680,732.306,229.353,584.482
531.247,967.571,509.648,799.342,245.866,731.770,229.028,583.921
531.218,967.526,509.666,799.314,245.808,732.436,230.165,584.046
531.157,967.325,509.506,799.473,246.035,732.532,231.148,584.772
531.191,967.427,509.661,799.160,245.996,732.506,231.185,584.828
530.913,967.068,509.604,799.788,245.952,732.693,230.954,585.222
531.092,967.483,509.686,799.363,245.964,732.597,230.787,585.387
531.191,967.326,509.730,799.377,246.115,732.856,230.729,585.066
531.154,967.266,509.777,799.151,245.768,732.887,230.738,585.563
531.052,967.235,509.622,799.782,245.873,732.309,230.574,586.195
530.972,967.162,509.642,799.558,245.866,732.808,230.274,586.533
531.017,967.244,509.679,799.278,245.786,732.862,230.410,586.185
531.057,967.205,509.700,799.410,245.790,733.053,230.467,585.994
531.002,967.210,509.597,799.519,245.676,733.050,230.031,585.953
530.914,967.344,509.607,799.465,245.823,732.496,230.645,585.907
530.964,967.394,509.590,799.836,245.856,732.455,230.165,585.058
531.283,967.757,509.546,799.731,245.871,732.627,229.712,584.733
530.977,967.791,509.642,799.839,245.663,732.574,230.450,585.392
531.049,967.866,509.758,799.369,246.005,732.511,229.572,584.480
531.055,967.793,509.614,799.492,245.923,732.962,229.365,585.508
531.167,967.675,509.724,799.198,245.965,732.415,229.673,585.348
531.336,967.803,509.750,799.356,246.092,732.434,229.027,584.005
531.141,967.546,509.617,799.464,245.921,732.771,228.830,584.150
531.100,967.404,509.687,799.238,246.010,732.964,229.303,584.435
531.291,967.577,509.679,799.189,246.057,732.957,229.079,584.272
531.138,967.332,509.680,799.201,246.001,732.805,229.519,585.234
531.070,967.536,509.688,799.476,245.953,732.478,229.250,584.978
531.196,967.345,509.652,799.703,246.005,732.677,229.281,584.080
531.304,967.585,509.753,799.404,245.893,732.270,229.347,583.941
531.139,967.270,509.769,799.224,246.143,732.713,229.663,583.909
531.117,967.360,509.695,799.355,246.066,733.108,229.825,583.601
531.090,967.384,509.695,799.734,246.077,733.276,229.780,582.765
531.275,967.501,509.788,799.310,246.027,733.066,229.677,583.777
531.140,967.484,509.727,799.402,246.030,732.993,228.674,583.503
531.107,967.333,509.762,799.330,245.920,733.314,229.656,583.808
531.129,967.287,509.767,799.311,245.896,733.268,229.932,583.286
530.842,967.312,509.605,799.356,245.933,732.923,229.806,583.074
530.800,967.226,509.658,799.462,245.976,733.066,229.665,584.037
530.973,967.335,509.643,799.638,245.935,733.030,229.675,583.670
530.970,967.413,509.588,799.593,245.876,732.505,230.695,584.358
531.281,967.678,509.664,799.504,245.929,733.117,231.368,584.043
531.190,967.527,509.671,799.477,245.905,732.764,231.794,583.965
531.054,967.610,509.828,799.216,245.603,732.612,231.448,583.480
530.886,967.306,509.688,799.294,245.618,732.455,231.932,583.415
531.077,967.524,509.662,799.385,245.708,732.434,232.144,582.669
531.221,967.653,509.666,799.505,245.928,732.369,232.335,582.587
531.092,967.556,509.568,799.713,245.856,732.261,232.443,582.496
530.988,967.344,509.717,799.153,245.621,732.961,232.466,582.567
530.948,967.450,509.652,799.410,245.797,733.444,232.405,582.505
531.061,967.757,509.542,799.635,245.979,733.041,232.714,581.913
530.935,967.507,509.571,799.630,245.894,733.522,232.498,581.789
531.294,967.508,509.573,799.361,245.965,732.637,232.662,582.244
531.185,967.766,509.612,799.636,245.925,732.920,232.355,582.331
531.037,967.475,509.611,800.044,245.907,732.289,232.435,582.157
531.154,967.585,509.628,799.469,245.904,732.413,232.558,581.956
531.185,967.648,509.697,799.280,246.071,731.945,232.540,581.941
531.035,967.683,509.692,799.148,246.040,732.424,232.528,581.693
531.040,967.493,509.689,799.376,246.003,732.507,232.661,582.160
530.869,967.395,509.560,799.512,245.981,732.353,232.566,581.947
530.781,967.277,509.694,799.335,245.991,732.429,232.454,581.674
530.894,967.391,509.695,799.834,245.997,732.561,231.782,580.457
530.896,967.389,509.772,799.399,245.904,732.444,231.653,580.504
531.257,968.006,509.706,799.453,245.911,732.484,231.575,580.118
531.302,968.149,509.649,799.728,245.885,732.760,231.906,580.732
531.577,968.912,509.647,799.582,246.013,732.470,231.678,580.123
531.494,968.832,509.809,799.510,246.070,732.563,231.769,580.177
531.715,969.035,509.516,799.878,245.981,732.539,232.461,581.751
531.673,969.030,509.567,799.736,246.043,732.328,232.111,580.638
531.823,969.444,509.693,799.606,246.056,732.240,232.042,580.942
531.912,969.794,509.766,799.233,245.842,731.959,232.639,581.079
531.955,969.297,509.601,799.585,245.933,732.270,232.536,579.923
531.891,969.166,509.689,799.545,245.952,732.078,232.259,580.361
531.978,969.159,509.661,799.547,246.078,731.537,232.627,580.970
531.665,968.889,509.503,799.461,245.951,731.588,232.331,580.566
531.798,968.849,509.611,799.577,246.060,732.004,232.647,581.647
531.904,968.887,509.529,799.684,246.133,732.015,232.501,581.875
531.963,969.022,509.523,799.560,246.066,732.279,231.980,580.924
532.058,969.286,509.438,799.651,245.994,732.112,232.484,581.447
532.115,969.215,509.441,799.818,246.047,732.117,231.979,583.257
532.043,969.071,509.594,799.707,246.138,732.251,232.268,583.605
531.859,968.914,509.458,799.730,246.310,731.864,231.259,581.728
531.914,968.977,509.477,800.218,246.188,732.670,230.939,581.134
531.973,968.864,509.457,800.137,246.254,732.612,230.756,581.590
531.907,968.777,509.492,799.972,246.056,732.440,231.704,583.171
531.898,968.840,509.653,799.804,246.179,732.500,231.299,582.862
532.108,969.049,509.562,799.695,246.067,732.736,231.407,582.936
532.165,969.224,509.779,799.578,246.165,732.658,231.542,583.197
531.989,968.831,509.693,799.863,246.280,732.037,229.949,580.892
532.149,969.036,509.761,799.811,246.108,732.607,231.344,583.383
532.094,969.058,509.663,799.841,246.169,732.600,231.454,583.088
532.059,968.904,509.653,799.650,246.106,732.365,231.442,583.308
531.981,968.947,509.756,799.621,246.178,732.366,231.330,583.268
531.932,968.864,509.658,799.863,246.156,732.317,231.269,583.096
531.905,969.030,509.825,799.521,246.253,732.265,231.317,583.196
531.822,968.468,509.682,799.688,246.004,731.714,231.279,583.301
531.778,968.578,509.685,799.861,246.051,731.809,231.184,583.531
532.052,968.921,509.506,799.927,246.331,732.143,231.385,583.269
531.973,968.841,509.616,799.646,246.136,732.156,231.425,583.298
531.812,968.908,509.677,799.779,246.230,732.264,231.273,583.178
531.792,969.035,509.723,799.682,245.961,732.526,231.288,583.182
531.800,968.818,509.646,799.588,246.052,732.488,231.275,583.279
531.760,969.153,509.728,799.301,245.978,732.531,231.505,583.160
531.883,968.899,509.713,799.267,246.306,732.607,231.160,583.243
531.978,969.211,509.586,799.344,246.344,732.298,231.358,583.370
531.787,968.781,509.514,799.917,246.273,732.197,231.069,582.810
531.919,968.923,509.560,799.365,245.914,731.634,231.087,581.926
532.002,968.942,509.673,799.217,246.304,731.427,230.688,581.078
531.903,969.026,509.590,799.488,246.200,732.607,231.416,582.449
531.898,968.819,509.500,799.476,246.161,731.933,231.574,582.717
531.753,969.087,509.695,799.408,246.252,732.028,231.214,582.393
531.952,968.907,509.719,799.584,245.880,732.188,230.579,581.850
531.936,968.791,509.700,799.562,246.119,732.055,231.385,582.926
532.121,968.807,509.687,799.308,246.330,732.595,231.203,582.655
531.844,968.984,509.660,799.544,246.310,732.572,231.404,583.049
532.158,968.866,509.746,799.568,246.093,732.352,231.291,582.836
532.008,968.881,509.680,799.408,246.051,732.132,230.946,582.664
531.885,968.759,509.600,799.458,246.134,732.354,231.310,582.636
531.738,968.825,509.632,799.217,246.099,732.378,231.321,582.475
531.872,968.784,509.598,799.682,246.067,732.194,230.989,582.259
531.929,968.843,509.654,799.539,246.030,731.888,231.435,582.658
532.181,969.338,509.582,799.349,246.032,731.916,231.537,582.531
532.298,969.280,509.500,799.526,246.033,732.014,231.731,582.538
532.210,969.326,509.731,799.286,246.177,732.398,231.235,582.304
532.070,969.128,509.610,799.585,246.153,732.081,231.615,582.536
532.059,969.053,509.646,799.494,246.213,732.242,231.447,582.594
531.958,969.160,509.842,798.960,246.091,732.051,231.465,582.400
531.841,969.092,509.841,799.019,246.214,732.360,231.362,582.565
532.170,969.112,509.549,799.666,246.152,732.177,231.355,582.716
532.151,969.114,509.705,799.567,246.206,732.358,231.496,582.777
532.088,968.985,509.633,799.730,245.997,731.148,231.832,582.866
532.087,968.830,510.138,798.561,245.886,731.628,231.497,582.415
531.929,968.894,509.951,799.080,245.957,731.989,231.504,582.844
532.080,969.056,509.781,799.479,245.958,732.522,231.429,582.929
532.146,969.057,509.826,799.293,246.115,732.259,231.381,582.722
531.933,969.085,509.692,799.282,245.923,732.753,231.268,582.979
532.040,968.910,509.727,799.519,246.055,732.709,230.972,582.559
531.962,968.776,509.474,799.579,246.301,732.584,229.838,581.008
532.270,969.059,509.716,799.398,246.123,732.561,230.415,581.864
531.896,968.742,509.691,799.409,246.106,732.096,231.357,582.799
532.006,968.780,509.741,799.602,246.116,732.449,231.334,583.152
531.946,968.845,509.692,799.205,246.204,732.292,231.807,583.547
531.795,968.809,509.782,799.190,246.045,732.343,230.885,581.525
532.000,968.915,509.692,799.384,245.893,732.225,231.477,582.746
532.303,969.117,509.707,799.519,245.929,732.430,231.276,583.726
532.086,968.823,509.662,799.505,245.968,732.144,231.318,583.525
532.114,968.935,509.709,799.531,246.025,732.226,231.570,582.373
532.012,968.837,509.625,799.479,246.195,732.642,230.584,581.252
532.140,969.100,509.731,799.465,246.129,732.063,230.439,581.800
532.105,969.109,509.713,799.276,246.172,731.546,230.656,581.889
531.995,968.985,509.763,799.393,246.146,732.102,231.245,583.350
532.084,969.028,509.558,799.613,246.304,732.365,230.953,583.049
531.790,968.830,509.558,799.622,246.152,732.181,231.008,583.505
531.857,968.746,509.678,799.320,246.199,732.210,231.032,583.374
532.187,969.410,509.606,799.478,245.980,732.049,230.838,583.213
532.220,969.411,509.702,799.409,246.135,732.156,230.906,583.085
532.060,969.211,509.638,799.251,246.307,732.319,230.958,583.213
531.888,969.001,509.771,799.399,246.246,732.459,231.042,583.322
531.936,968.882,509.681,799.361,246.047,732.425,230.739,582.820
531.903,968.810,509.727,799.365,246.143,732.582,231.099,583.330
531.907,968.836,509.616,799.457,246.071,732.101,231.050,583.156
531.805,968.689,509.658,799.548,246.053,732.329,231.305,583.306
531.815,968.704,509.786,799.688,246.191,732.861,230.796,583.165
532.038,968.830,509.627,799.515,246.119,732.357,230.712,582.933
531.837,968.634,509.692,799.353,246.107,732.197,230.786,583.172
531.713,968.775,509.673,799.432,245.972,732.448,231.017,583.668
531.828,968.677,509.619,799.782,246.128,732.456,230.866,583.151
531.768,968.444,509.695,799.284,245.957,732.292,230.926,583.107
531.899,968.683,509.570,799.838,245.845,732.007,230.800,582.848
532.155,969.008,509.801,799.630,245.583,732.362,230.869,583.259
532.107,968.942,509.648,799.360,245.655,732.277,230.893,583.312
532.069,969.103,509.757,799.295,245.797,732.840,230.781,583.125
532.146,969.211,509.765,799.353,245.857,732.737,230.634,582.828
531.885,968.983,509.780,799.497,245.947,732.890,230.868,583.088
531.998,969.112,509.723,799.836,246.015,732.045,231.086,583.292
532.103,969.025,509.682,799.487,246.175,732.481,230.635,583.420
531.922,968.966,509.652,799.622,246.000,732.723,230.882,583.483
532.128,969.148,509.732,799.703,246.032,732.823,230.850,583.434
532.015,969.124,509.845,799.068,245.973,732.532,231.073,583.626
532.141,969.158,509.713,799.592,245.978,732.815,230.973,583.514
531.896,968.841,509.648,799.457,245.979,732.351,230.894,583.925
531.887,969.042,509.739,799.390,246.166,731.867,230.733,583.628
531.817,968.845,509.580,799.632,246.158,732.362,230.744,583.528
532.057,968.930,509.699,799.538,245.946,732.352,230.541,583.303
531.969,968.852,509.855,799.316,246.070,732.726,230.698,583.583
532.056,968.862,509.760,799.314,246.021,732.464,230.496,583.482
531.836,968.593,509.694,799.762,245.985,732.183,230.593,583.898
532.098,968.789,509.603,799.716,246.014,732.518,229.822,583.517
532.040,968.645,509.742,799.426,246.001,732.105,229.444,583.331
531.955,968.630,509.647,799.564,246.018,732.257,229.420,583.137
531.970,968.616,509.729,799.615,246.028,732.094,229.462,582.903
531.969,968.504,509.664,799.550,245.707,732.333,229.832,583.749
531.996,968.508,509.726,799.397,245.881,732.717,230.446,583.515
532.032,968.709,509.679,799.682,245.946,731.672,230.562,583.892
532.139,968.881,509.657,799.527,245.895,732.208,231.134,584.662
532.017,968.946,509.741,799.576,245.788,732.455,230.552,584.409
531.982,968.831,509.700,799.677,245.708,732.014,230.851,584.786
532.034,968.834,509.868,799.540,245.859,732.424,230.780,584.444
531.984,968.824,509.708,799.717,246.013,732.003,230.657,584.787
531.846,968.756,509.549,799.506,246.087,732.342,230.636,584.559
531.900,968.839,509.578,799.614,246.074,732.408,230.683,584.514
531.840,968.601,509.631,799.300,246.028,733.280,230.770,584.626
531.887,968.822,509.793,799.253,246.002,732.789,230.918,584.598
531.881,968.832,509.923,799.257,246.007,732.746,230.883,584.622
531.748,968.879,509.798,799.127,245.881,732.094,230.708,584.539
531.656,968.609,509.829,799.180,245.904,732.304,230.768,584.638
532.018,968.940,509.643,799.671,245.898,732.608,230.965,584.626
531.997,969.071,509.752,799.508,245.841,732.246,230.930,584.767
532.030,968.711,509.701,799.398,245.959,732.324,231.006,584.676
531.869,968.617,509.746,799.551,245.905,732.331,231.100,584.964
531.775,968.657,509.746,799.054,246.009,732.577,231.047,584.882
531.826,968.660,509.661,799.308,245.900,732.670,231.047,585.081
531.994,969.001,509.500,799.791,245.920,732.054,231.079,584.966
531.915,968.630,509.605,799.754,246.161,732.921,231.165,584.931
531.870,968.909,509.611,799.872,245.999,732.096,231.227,585.003
531.583,968.340,509.659,799.456,245.994,731.770,231.225,584.958
531.876,968.857,509.672,799.461,246.082,731.868,231.297,585.214
531.826,968.891,509.510,799.692,246.134,732.529,231.064,584.721
531.821,969.039,509.571,799.798,246.015,732.247,230.700,584.635
532.029,969.007,509.761,799.274,245.845,731.667,231.178,584.929
532.086,968.945,509.745,799.597,246.116,731.963,230.865,584.622
531.983,968.914,509.744,799.156,246.062,731.950,231.669,584.756
532.006,968.870,509.625,799.437,245.980,732.297,231.447,584.410
531.886,968.539,509.657,799.491,245.926,732.001,231.302,584.207
531.957,968.709,509.679,799.525,246.044,732.226,231.560,584.496
531.936,968.873,509.670,799.386,246.009,733.037,231.566,584.204
531.825,968.714,509.873,799.270,246.047,732.525,231.414,583.809
531.803,968.816,509.673,799.416,246.035,732.476,231.138,584.265
531.885,968.720,509.701,799.725,245.978,732.216,231.339,584.458
531.886,968.629,509.653,799.727,245.888,732.516,231.402,584.323
531.977,968.921,509.678,799.537,245.990,733.045,230.724,583.791
531.892,968.769,509.687,799.403,246.046,732.858,231.092,583.327
531.860,968.719,509.797,799.186,245.928,732.629,230.879,582.948
531.766,968.452,509.806,799.325,245.949,732.358,230.747,582.665
531.732,968.643,509.806,799.260,245.989,732.639,230.850,582.360
531.916,968.719,509.894,799.233,245.945,732.528,230.976,582.365
531.861,968.915,509.749,799.390,246.086,732.864,230.756,582.439
531.865,968.919,509.854,799.258,246.110,732.593,230.906,582.430
531.920,968.747,509.703,799.589,245.963,732.823,231.631,582.258
531.863,968.652,509.684,799.683,246.132,732.908,230.729,582.050
531.928,968.834,509.786,799.385,246.022,732.813,231.207,581.725
532.029,968.765,509.692,799.479,246.179,732.750,231.416,581.868
531.861,968.540,509.680,799.594,246.056,732.727,230.969,582.286
532.072,968.995,509.713,799.438,246.088,732.686,231.057,581.980
531.934,968.935,509.685,799.507,246.125,732.450,231.225,582.214
532.070,969.036,509.744,799.761,245.940,732.452,231.134,582.491
532.008,968.828,509.667,799.787,245.996,732.600,231.245,582.016
531.860,968.851,509.789,799.422,246.158,731.658,230.666,582.231
532.043,968.782,509.792,799.555,246.173,732.350,230.666,582.232
532.019,968.783,509.721,799.429,246.170,732.697,231.361,582.133
531.978,968.796,509.735,799.662,246.165,732.629,230.753,582.351
532.006,968.882,509.623,799.869,246.116,732.557,230.486,582.080
531.833,968.821,509.962,799.306,246.086,732.194,230.101,581.747
532.123,969.116,509.510,799.735,246.119,732.828,229.709,582.393
532.091,969.183,509.473,799.809,245.925,732.898,229.926,582.027
532.134,969.049,509.532,799.435,245.806,732.852,230.108,581.762
532.245,969.051,509.820,799.104,246.105,732.527,230.329,581.608
532.131,968.872,509.740,799.365,246.064,732.613,229.658,582.123
531.883,968.795,509.560,799.624,245.983,732.561,228.356,581.244
532.239,969.055,509.686,799.356,246.006,732.695,230.517,581.516
531.859,969.052,509.637,799.388,246.152,732.961,230.616,581.525
532.024,969.088,509.546,799.592,246.154,733.340,230.749,581.696
532.035,968.931,509.594,799.532,246.111,732.150,230.149,581.800
531.938,969.000,509.620,799.577,245.953,732.855,230.498,581.834
531.856,968.782,509.493,799.873,245.988,732.998,229.576,581.362
531.792,968.893,509.621,799.483,245.882,732.594,230.304,582.065
531.948,969.035,509.594,799.780,245.985,732.381,228.931,581.254
531.864,969.212,509.709,799.197,246.122,732.588,230.581,582.067
532.011,969.201,509.736,799.293,246.115,732.444,230.714,581.854
532.126,969.122,509.652,799.696,246.146,732.558,230.495,582.076
532.171,969.115,509.600,799.663,246.165,732.175,230.557,582.217
532.116,969.026,509.781,799.837,246.156,732.428,230.319,582.348
532.065,969.069,509.712,799.712,246.115,732.459,230.609,582.088
532.075,969.025,509.832,799.465,246.042,732.419,228.606,581.649
532.278,969.219,509.752,799.532,246.057,732.086,230.661,582.317
531.999,968.888,509.771,799.276,246.083,732.441,228.471,581.857
532.135,969.156,509.755,799.253,246.147,732.487,228.456,582.030
532.015,968.921,509.701,799.120,246.105,733.282,228.327,581.964
531.933,968.937,509.647,799.451,246.001,732.286,228.635,581.853
532.142,968.834,509.694,799.060,246.126,732.238,228.763,581.937
531.938,968.698,509.666,799.257,245.976,732.270,229.805,582.191
532.069,968.750,509.551,799.348,245.987,732.116,229.790,582.352
532.040,968.828,509.570,799.683,246.008,732.072,229.009,581.943
532.082,968.886,509.633,799.662,245.992,732.503,229.102,581.820
532.026,968.938,509.567,799.855,246.021,732.421,228.014,581.867
531.941,968.841,509.529,799.763,245.985,732.301,228.007,582.141
531.994,968.994,509.658,799.299,246.028,732.141,228.093,582.074
532.029,969.151,509.686,799.623,246.056,732.198,228.616,582.286
532.040,968.868,509.640,799.522,246.053,731.835,228.406,582.024
532.108,968.977,509.743,799.834,246.479,732.057,228.242,582.254
531.990,968.960,509.857,799.069,246.171,731.591,228.378,582.319
531.909,968.876,509.683,799.261,246.317,731.809,228.367,582.195
531.955,968.954,509.701,799.423,246.268,732.171,228.624,582.304
532.028,968.931,509.682,799.417,246.206,731.936,228.427,582.125
532.140,969.113,509.674,799.308,246.004,732.139,228.445,581.713
531.955,969.120,509.708,799.623,246.233,732.431,228.583,581.552
531.961,969.018,509.604,799.745,246.191,732.731,228.352,581.487
532.047,968.916,509.666,799.549,246.078,732.501,228.714,581.862
531.748,968.822,509.646,799.599,246.127,732.486,228.818,581.745
531.862,968.935,509.628,799.627,246.144,732.265,228.973,581.536
531.947,969.087,509.525,799.577,246.163,732.803,228.524,581.283
532.012,969.027,509.700,799.587,246.344,732.949,228.872,581.560
532.242,969.222,509.670,799.634,246.255,733.036,228.515,581.486
532.138,969.277,509.552,799.593,246.365,731.933,228.888,582.036
531.944,968.887,509.613,799.522,246.259,732.158,228.626,581.899
531.997,968.993,509.634,799.639,246.220,732.282,228.827,581.545
532.291,969.218,509.668,799.140,246.439,732.229,229.174,581.356
532.240,969.235,509.550,799.548,246.416,732.285,229.071,581.641
532.299,969.160,509.631,799.271,246.331,732.552,228.879,581.618
532.374,969.347,509.577,799.299,246.145,732.231,228.541,581.885
532.035,968.917,509.594,799.275,246.209,732.275,228.358,581.665
532.058,968.917,509.588,799.327,246.212,732.686,228.156,581.382
532.222,969.328,509.524,799.289,245.994,732.396,228.900,581.200
532.002,969.184,509.599,799.284,246.353,733.147,228.898,581.604
532.011,969.099,509.640,799.693,246.174,732.990,228.905,581.459
531.916,968.962,509.699,799.530,246.133,732.650,229.186,581.722
531.988,969.257,509.775,799.352,246.369,732.716,229.495,581.235
532.249,969.311,509.877,799.110,246.151,732.398,229.707,581.301
532.041,969.179,509.700,799.562,246.273,732.518,230.649,581.602
531.967,968.985,509.690,799.400,246.206,731.907,230.350,581.821
531.886,968.915,509.727,799.569,246.141,732.777,230.119,582.295
531.900,968.964,509.786,799.412,246.241,733.058,230.263,582.040
531.987,969.060,509.618,799.739,246.290,733.008,231.044,581.645
531.717,968.826,509.698,799.150,246.321,732.935,231.110,581.666
531.974,969.244,509.758,799.241,246.302,732.761,231.181,581.567
531.809,968.838,509.856,799.273,246.271,732.822,231.053,582.252
531.909,968.842,509.679,799.522,246.366,732.804,230.663,581.919
532.199,969.061,509.841,799.045,246.304,732.447,230.740,581.916
532.121,969.039,509.778,799.264,246.067,731.981,230.487,581.832
532.263,969.233,509.581,799.555,246.177,731.965,230.620,581.944
532.013,969.158,509.738,799.257,246.099,732.395,230.726,581.537
531.834,968.866,509.550,799.461,246.459,732.757,230.368,581.877
531.883,968.828,509.594,799.236,246.235,732.038,230.651,582.138
532.052,968.870,509.630,799.147,246.356,732.396,230.489,582.098
531.664,968.581,509.593,799.365,246.275,732.416,230.612,581.670
531.631,968.651,509.577,799.471,246.184,732.578,230.665,581.567
532.032,968.838,509.536,799.382,246.370,731.971,230.661,581.811
531.922,968.831,509.740,799.183,246.269,732.036,230.864,581.624
531.860,968.805,509.742,799.040,246.296,731.864,230.844,582.066
531.916,968.928,509.662,799.299,246.310,731.940,230.334,582.052
532.019,968.806,509.726,799.257,246.144,731.683,230.012,582.089
532.127,968.755,509.669,799.280,246.137,731.974,229.652,582.007
531.837,968.809,509.653,799.421,246.302,732.751,229.570,581.818
531.951,968.738,509.728,799.329,246.170,732.399,229.908,582.009
531.866,968.776,509.746,799.363,246.376,732.539,230.119,581.737
531.884,968.938,509.750,799.334,246.374,732.601,230.178,581.752
531.761,968.952,509.793,799.349,246.340,732.814,230.176,581.905
532.010,968.847,509.628,799.428,246.501,732.442,230.043,581.925
532.112,968.889,509.661,799.363,246.559,732.026,229.873,581.967
532.179,968.995,509.655,799.062,246.092,732.173,229.960,581.907
532.146,969.363,509.669,799.232,246.217,732.440,229.288,581.347
532.033,968.900,509.739,798.967,246.360,732.090,230.612,582.150
532.055,968.880,509.628,799.022,246.310,732.230,230.852,582.274
532.042,968.971,509.674,799.335,246.446,732.387,231.371,582.113
532.101,968.874,509.666,799.114,246.377,732.236,231.015,582.135
531.952,968.662,509.520,799.194,246.171,732.214,230.363,582.361
532.008,968.971,509.689,798.905,246.569,732.768,230.982,582.111
532.204,969.074,509.668,799.274,246.183,732.645,231.242,581.603
532.299,969.199,509.700,799.531,246.113,732.973,231.478,582.870
532.195,969.007,509.609,799.661,246.194,733.174,231.693,582.433
532.092,969.045,509.713,799.468,246.343,733.163,231.333,582.626
532.003,968.946,509.707,799.382,246.309,733.474,231.185,582.677
532.104,968.992,509.644,799.242,246.215,732.769,231.742,582.202
531.879,968.746,509.681,799.211,246.143,732.505,232.139,582.488
532.207,969.120,509.705,799.234,246.316,732.623,232.238,582.315
531.834,968.869,509.667,799.118,246.285,733.128,232.168,582.401
531.902,968.675,509.623,799.231,246.135,732.677,232.560,583.180
532.012,968.829,509.545,799.423,246.275,732.949,232.489,582.532
531.835,968.811,509.571,799.033,246.226,732.390,232.291,582.665
532.020,969.007,509.562,799.205,246.076,732.489,232.026,582.485
532.009,968.949,509.444,799.021,246.280,732.090,231.625,582.269
532.010,968.916,509.613,799.027,246.216,732.218,232.236,582.344
532.014,968.891,509.650,799.013,246.312,732.303,231.237,583.306
531.926,968.557,509.649,798.837,246.207,732.071,230.855,582.963
531.991,968.534,509.760,798.925,246.321,732.311,231.082,582.596
532.117,968.891,509.739,799.138,246.149,732.308,231.377,582.443
532.123,968.857,509.730,799.154,246.292,732.572,231.116,582.734
532.094,968.806,509.972,798.778,246.324,732.188,230.888,582.615
532.151,968.908,509.949,798.930,246.226,732.068,230.988,582.783
531.904,969.056,509.724,799.088,246.107,732.231,231.136,582.525
531.957,969.143,509.741,799.076,246.017,732.274,231.280,582.620
531.735,968.815,509.565,799.413,246.225,732.862,230.545,582.150
531.781,968.631,509.645,799.313,246.202,732.215,231.503,581.982
532.120,968.900,509.733,799.280,246.339,732.869,231.839,582.037
531.954,969.005,509.646,799.335,246.115,733.212,232.083,582.181
531.877,968.927,509.727,799.134,246.088,733.076,232.273,582.174
531.940,969.162,509.598,799.183,246.263,732.794,232.275,582.712
532.051,969.354,509.558,798.972,246.226,732.544,232.130,582.684
531.730,969.027,509.664,799.284,246.330,732.618,231.835,582.771
531.807,969.072,509.662,799.258,246.196,733.335,231.565,583.191
531.748,968.926,509.732,799.313,246.269,732.832,231.254,583.295
531.648,969.012,509.587,799.273,246.366,733.029,231.151,583.053
531.651,968.617,509.708,799.371,246.059,732.819,230.508,583.034
531.339,968.367,509.728,799.399,246.402,733.053,230.376,582.877
531.667,968.901,509.788,799.346,246.234,732.786,230.427,582.860
531.677,968.985,509.758,799.430,246.340,732.870,230.432,583.095
531.825,968.982,509.745,799.326,246.133,732.400,229.745,582.374
531.609,969.025,509.678,799.393,246.142,732.632,229.995,582.551
531.663,969.065,509.605,799.294,246.338,732.980,230.072,582.742
531.656,968.954,509.644,799.360,246.390,731.855,229.452,582.452
531.843,969.092,509.592,799.661,246.277,732.907,229.473,582.385
531.667,968.899,509.656,799.276,245.973,732.427,229.436,582.853
531.558,968.682,509.593,799.277,245.989,732.846,229.338,582.841
531.694,968.819,509.601,799.449,246.042,732.330,228.695,582.707
531.710,968.668,509.585,799.548,246.368,732.132,229.029,582.658
531.773,968.653,509.559,799.902,246.271,732.969,228.704,582.746
531.791,968.825,509.629,799.937,246.084,733.162,229.152,582.753
531.941,969.081,509.685,799.383,246.048,732.705,229.310,582.926
531.712,969.082,509.548,799.763,246.095,732.472,229.149,582.845
531.850,969.060,509.661,799.430,246.183,732.563,228.832,583.338
532.044,969.146,509.859,799.468,246.097,732.299,228.871,583.149
531.780,968.782,509.721,799.447,246.267,732.477,229.154,583.365
531.584,968.676,509.740,799.283,246.408,732.214,229.138,583.151
532.057,969.369,509.705,799.256,246.306,732.423,229.321,583.247
531.849,968.755,509.626,799.159,246.139,732.561,230.545,583.677
532.013,968.951,509.662,798.993,246.166,732.840,230.549,583.503
531.858,968.907,510.011,798.857,246.239,733.026,230.566,583.481
531.828,968.786,509.652,799.356,246.095,733.043,230.791,583.731
531.834,969.013,509.609,799.309,246.209,732.592,230.575,583.526
531.723,968.779,509.521,799.341,246.229,732.875,229.159,583.014
531.730,968.925,509.744,799.272,246.308,732.290,229.791,583.355
531.888,969.109,509.593,799.138,246.201,732.725,229.726,583.258
531.949,969.185,509.670,799.183,246.130,732.949,230.359,583.847
531.809,968.920,509.624,799.696,246.107,732.791,229.498,583.460
532.086,969.130,509.628,799.305,246.113,732.744,230.459,583.856
531.950,968.861,509.661,799.366,246.222,732.129,230.509,583.393
531.788,968.849,509.663,799.471,246.319,732.855,230.798,583.731
532.094,969.003,509.621,799.139,246.348,732.429,230.580,583.646
531.817,969.179,509.735,799.495,246.302,732.718,229.525,583.191
532.013,968.924,509.746,799.197,246.215,731.930,230.921,583.480
532.094,969.097,509.604,799.240,246.257,731.919,230.784,583.407
531.907,969.038,509.623,799.149,246.058,732.072,230.667,583.331
532.024,969.240,509.533,799.205,246.043,732.098,230.947,583.408
531.996,968.969,509.623,799.277,246.205,732.778,230.866,583.337
531.849,968.934,509.682,799.154,246.131,732.750,230.890,583.637
531.995,969.040,509.736,799.523,246.194,732.483,230.818,583.551
531.975,969.191,509.620,799.609,246.210,733.043,230.737,583.640
531.919,969.260,509.582,799.408,246.171,732.363,230.771,583.597
531.847,968.923,509.623,799.263,246.207,732.512,230.865,583.659
531.986,968.914,509.720,799.416,246.210,732.349,230.797,583.639
532.071,969.160,509.645,799.537,246.146,732.107,230.307,583.750
532.083,969.216,509.741,799.156,246.226,732.835,230.379,583.699
532.079,969.106,509.607,799.720,246.221,732.756,230.856,583.439
532.120,969.135,509.577,799.698,246.127,732.242,230.784,583.563
531.917,968.970,509.679,799.523,246.073,732.384,230.612,583.514
532.029,969.055,509.683,799.453,246.185,732.438,230.485,583.210
531.996,968.989,509.677,799.682,246.161,732.960,230.404,583.196
531.951,969.199,509.695,799.470,246.255,732.131,229.434,582.778
532.142,969.056,509.648,799.301,246.284,732.553,230.461,583.182
532.114,968.940,509.545,799.220,246.225,732.221,230.378,583.376
532.217,969.223,509.582,799.270,246.124,731.885,228.984,582.877
532.134,969.018,509.728,798.847,246.105,732.639,230.308,583.502
532.120,969.054,509.714,799.003,246.175,732.587,230.290,583.691
532.287,969.212,509.731,799.000,246.194,733.001,230.284,583.475
532.270,969.210,509.691,798.919,246.223,733.335,230.358,583.636
531.936,968.830,509.613,799.214,246.188,732.960,230.391,583.662
532.023,969.035,509.517,799.252,246.153,732.700,230.260,583.654
532.023,969.234,509.727,799.433,246.321,732.773,230.460,583.662
531.856,968.922,509.798,799.297,246.073,732.602,230.365,583.763
532.039,969.283,509.647,799.512,246.110,732.112,228.839,582.990
531.765,968.888,509.660,799.513,246.358,732.516,228.761,582.945
532.012,969.176,509.512,799.452,246.140,732.612,230.405,583.685
531.778,968.828,509.422,800.142,246.004,731.733,229.393,583.094
531.897,968.914,509.500,799.818,246.160,733.163,229.347,583.097
531.981,969.360,509.440,800.120,246.028,732.441,230.491,583.533
531.733,969.011,509.475,800.309,246.068,732.263,230.404,583.445
531.724,968.706,509.312,800.269,246.109,732.506,230.601,583.725
531.542,968.622,509.315,800.178,246.167,732.627,228.828,582.786
531.810,968.862,509.653,799.583,245.976,732.933,229.432,583.005
531.664,968.828,509.441,800.014,245.960,733.224,230.547,583.465
532.085,969.098,509.392,799.838,246.073,732.612,229.669,583.205
531.926,968.873,509.472,799.917,246.140,732.538,229.615,583.042
531.604,968.617,509.518,799.855,246.108,732.744,229.606,583.224
531.702,968.726,509.450,799.923,246.185,732.828,229.859,583.363
531.744,968.785,509.471,799.981,246.172,732.984,229.949,583.258
531.928,968.891,509.450,799.802,245.996,732.842,229.200,583.068
531.771,968.760,509.333,800.048,246.045,732.384,229.815,583.247
531.827,968.707,509.425,799.506,246.356,732.758,229.576,583.108
531.884,968.893,509.545,799.637,246.250,732.542,229.388,583.086
531.933,968.931,509.489,799.505,246.275,733.100,230.442,583.421
531.895,968.871,509.462,799.632,246.164,732.423,229.318,582.868
532.046,969.150,509.466,799.818,246.286,732.968,230.751,583.131
531.792,969.051,509.396,799.579,246.194,732.747,230.850,582.865
531.816,969.138,509.521,799.654,246.197,732.467,230.528,582.925
532.048,969.066,509.578,799.462,246.162,732.544,229.728,582.776
532.088,968.968,509.492,799.504,246.279,732.198,229.304,582.481
531.881,969.154,509.423,799.570,246.329,732.139,229.337,582.304
532.141,969.222,509.533,799.586,246.314,732.116,229.231,582.080
531.985,969.060,509.536,799.311,246.200,732.244,229.353,582.379
532.073,969.216,509.587,799.432,246.114,732.265,229.099,582.267
531.715,969.098,509.453,799.598,246.254,732.734,230.620,582.934
531.848,969.184,509.425,799.706,246.245,732.314,228.943,582.352
532.157,969.165,509.533,799.873,246.187,732.166,230.609,582.811
532.062,969.009,509.413,799.622,246.092,731.993,230.624,582.618
531.802,968.720,509.464,799.569,246.193,732.169,228.781,581.542
531.863,968.644,509.416,799.489,246.253,732.300,229.358,582.360
531.913,969.095,509.633,799.345,246.233,732.472,228.992,582.343
531.946,968.892,509.579,799.588,246.250,732.654,229.025,582.341
531.855,968.843,509.502,799.582,246.267,732.497,228.323,582.310
532.101,969.154,509.563,799.586,246.441,732.867,228.519,582.269
531.954,968.931,509.459,799.742,246.285,732.536,228.761,582.176
531.792,968.830,509.438,799.753,246.096,732.505,229.117,582.156
531.959,969.025,509.512,799.538,246.171,731.937,230.741,582.910
531.903,968.823,509.537,799.422,246.295,732.637,230.718,582.720
532.001,969.180,509.484,799.583,246.298,732.699,230.668,582.813
531.957,969.103,509.457,799.741,246.225,733.255,229.311,582.185
531.869,968.818,509.572,799.600,246.354,732.543,229.884,582.603
531.841,968.673,509.507,799.558,246.328,732.473,228.837,582.216
531.837,968.931,509.472,799.636,246.430,732.665,228.602,581.959
531.933,968.887,509.529,799.453,246.424,732.984,228.925,582.003
531.864,968.670,509.504,799.410,246.448,732.332,228.832,582.052
532.109,969.101,509.498,799.780,246.392,732.401,229.066,581.842
531.930,969.068,509.548,799.733,246.385,732.568,230.757,582.407
531.737,968.781,509.533,799.470,246.351,732.808,230.918,582.542
531.776,968.839,509.621,799.592,246.197,732.769,230.621,582.559
531.865,968.869,509.547,799.649,246.413,732.787,231.178,582.457
531.750,968.735,509.491,799.997,246.316,732.971,231.103,582.471
531.642,968.782,509.458,800.041,246.255,732.797,231.328,582.798
531.800,968.870,509.481,799.694,246.454,732.044,230.812,582.524
531.825,968.791,509.465,799.979,246.423,732.136,230.961,582.618
531.963,969.022,509.616,799.326,246.354,732.312,231.295,582.084
531.936,968.925,509.553,799.408,246.721,732.026,231.673,582.855
531.962,968.812,509.486,799.694,246.609,733.249,231.581,582.242
531.829,968.883,509.515,799.351,246.756,733.195,231.639,582.460
531.706,968.661,509.636,799.459,246.485,732.617,236.256,587.946
531.959,968.691,509.582,799.733,246.611,732.567,233.024,586.194
531.866,968.724,509.547,800.032,246.716,732.803,231.620,587.124
531.931,969.031,509.566,799.573,246.488,732.964,230.550,586.460
531.848,968.962,509.660,799.610,246.419,732.614,230.421,586.029
531.932,968.895,509.513,799.898,246.548,732.670,230.073,586.014
531.731,968.701,509.567,799.769,246.461,732.351,230.272,586.189
531.908,968.853,509.589,799.901,246.459,732.358,230.140,587.062
531.876,968.676,509.563,799.940,246.521,732.258,229.954,586.849
532.044,968.936,509.713,799.697,246.445,731.978,229.593,586.846
532.094,969.029,509.672,799.849,246.471,732.429,229.709,586.840
531.853,968.793,509.587,800.117,246.368,732.057,229.601,586.995
531.821,968.922,509.493,800.203,246.654,731.956,229.199,586.822
531.935,968.819,509.509,799.901,246.387,732.301,229.088,586.824
531.884,968.765,509.479,799.943,246.402,732.087,228.040,586.725
531.844,968.794,509.596,799.679,246.442,732.759,227.671,586.392
531.959,968.713,509.631,799.599,246.320,732.186,227.340,586.402
531.884,968.619,509.582,799.435,246.333,732.149,227.149,585.739
532.050,968.812,509.547,800.091,246.279,732.496,227.143,585.632
531.971,968.767,509.566,799.841,246.334,732.289,226.937,585.694
531.809,968.885,509.461,799.912,246.219,732.350,227.264,585.757
532.022,969.069,509.425,799.860,246.303,732.903,226.969,585.397
532.084,969.013,509.503,799.891,246.220,732.821,226.947,585.508
531.986,968.798,509.500,799.707,246.425,732.527,227.445,585.593
531.987,969.275,509.414,799.945,246.238,732.400,227.967,585.287
531.938,969.192,509.445,800.010,246.307,732.134,228.099,585.415
531.977,969.200,509.341,800.176,246.177,732.641,228.370,585.407
532.082,969.076,509.424,799.752,246.284,732.257,228.800,585.526
532.184,968.859,509.512,799.600,246.330,732.599,229.382,585.852
531.928,968.847,509.524,799.851,246.526,733.168,229.745,586.108
532.000,968.788,509.540,799.760,246.439,733.104,229.775,586.158
532.002,969.347,509.526,799.556,246.342,732.026,229.443,585.827
531.905,969.165,509.674,799.600,246.391,732.384,229.731,585.798
532.051,968.974,509.507,799.585,246.245,732.434,229.125,585.458
532.116,968.964,509.330,800.049,246.189,732.671,229.585,585.108
532.065,968.955,509.478,799.857,246.305,732.601,229.522,584.809
532.125,968.848,509.579,799.758,246.217,732.619,228.970,584.471
531.844,968.802,509.489,799.857,246.378,733.184,228.910,584.119
532.177,968.871,509.509,799.696,246.348,732.217,228.603,583.663
532.062,969.120,509.512,799.743,246.362,733.034,228.093,583.492
531.935,968.949,509.502,799.939,246.192,732.401,228.327,583.775
532.248,969.154,509.467,799.715,246.276,733.010,228.056,583.954
532.105,969.189,509.479,799.836,246.167,731.952,228.617,584.328
532.213,969.314,509.346,800.101,246.253,731.974,228.413,584.196
532.049,969.367,509.645,799.569,246.389,732.745,228.180,584.303
532.098,969.276,509.560,799.884,246.275,732.841,228.351,584.536
531.840,968.819,509.494,799.594,246.256,732.603,228.603,584.726
531.919,969.015,509.428,799.926,246.278,732.514,228.617,584.653
531.930,969.020,509.411,800.169,246.207,732.617,228.653,584.852
531.886,969.041,509.416,800.016,246.287,732.510,228.656,584.888
531.999,969.071,509.477,800.130,246.240,732.453,228.681,585.159
532.148,969.160,509.387,799.923,246.315,732.646,228.987,585.733
532.039,968.863,509.658,799.665,246.301,732.758,228.759,585.747
531.984,969.117,509.600,800.101,246.216,732.655,228.565,585.002
532.038,969.039,509.614,799.949,246.141,732.951,228.424,584.831
531.849,968.972,509.507,800.157,246.291,732.093,228.470,584.519
531.851,968.964,509.520,800.371,246.238,732.533,228.521,584.406
532.066,968.949,509.520,800.013,246.137,732.084,229.389,585.999
531.968,969.240,509.491,800.033,246.114,732.578,229.786,587.218
532.262,969.249,509.635,799.623,246.298,732.068,229.191,586.874
532.117,969.116,509.504,799.901,246.228,732.453,228.901,586.237
531.806,968.910,509.605,799.660,245.978,732.713,228.700,586.131
532.014,969.022,509.454,800.415,245.996,732.710,228.634,585.998
532.011,968.992,509.631,799.740,246.156,732.941,229.541,586.266
532.027,968.991,509.717,799.496,246.183,732.839,229.790,586.951
532.005,968.779,509.428,799.838,246.294,732.281,229.760,587.236
532.013,968.916,509.445,800.001,246.396,732.540,229.545,587.425
531.928,969.237,509.569,799.256,246.213,731.927,229.131,587.318
531.909,969.253,509.562,799.911,246.341,732.387,228.724,586.928
532.099,969.329,509.472,800.102,246.366,732.185,228.229,586.447
532.090,969.237,509.630,799.821,246.401,732.807,228.440,585.997
532.086,969.403,509.576,800.069,246.422,733.112,228.896,586.339
531.921,968.977,509.510,800.047,246.278,732.681,228.825,586.805
531.887,968.839,509.510,800.191,246.226,732.791,228.845,587.418
531.994,968.938,509.569,799.789,246.222,732.351,228.805,587.282
532.035,968.902,509.447,799.840,246.386,732.673,228.322,586.738
532.327,969.314,509.505,800.043,246.196,732.053,228.208,586.115
532.120,969.166,509.364,800.318,246.314,732.829,227.752,586.302
532.155,969.377,509.425,800.005,246.179,732.633,228.741,587.091
531.996,969.273,509.468,799.730,246.134,732.865,229.459,588.116
532.224,969.164,509.494,799.850,246.100,732.617,229.844,587.753
532.185,969.282,509.623,799.528,246.200,732.493,230.170,588.449
532.213,969.432,509.590,799.554,246.093,732.746,229.850,587.872
532.004,969.245,509.456,800.089,246.163,732.251,229.865,588.410
532.049,969.077,509.576,799.909,246.194,732.414,229.889,588.141
531.649,969.080,509.456,800.318,246.138,732.229,230.071,587.889
532.060,969.347,509.432,800.134,246.137,732.222,230.147,587.943
532.197,969.466,509.555,800.277,246.333,731.879,230.036,587.857
532.177,969.199,509.564,800.004,246.286,732.638,230.621,588.595
532.088,969.098,509.656,799.855,246.412,732.076,231.137,589.189
532.035,969.005,509.619,800.199,246.262,732.300,231.410,589.870
531.878,969.238,509.748,799.507,246.208,732.303,231.232,590.177
532.157,969.230,509.565,799.975,246.200,732.510,231.001,590.206
532.001,969.385,509.514,799.755,245.952,732.091,231.187,590.326
531.907,968.933,509.523,799.500,246.039,732.052,231.717,590.606
531.900,968.891,509.612,799.715,246.027,732.335,231.655,590.723
531.991,968.886,509.602,799.649,246.061,732.526,231.764,590.876
531.794,968.886,509.593,799.265,246.117,732.341,231.436,590.859
532.111,969.243,509.719,799.150,246.025,732.462,231.294,590.740
531.968,969.253,509.702,799.340,246.226,732.753,231.617,591.051
532.039,969.287,509.460,799.986,246.160,732.791,231.925,592.238
531.879,969.004,509.510,799.955,246.257,733.009,232.127,592.739
531.885,968.798,509.604,799.689,246.233,732.400,231.725,592.635
531.646,968.790,509.593,799.766,246.216,732.629,231.880,592.566
531.840,968.964,509.528,799.773,246.409,732.258,231.448,592.149
531.900,969.201,509.551,799.989,246.080,732.261,231.866,592.204
531.802,968.754,509.641,799.539,246.306,732.798,231.907,592.151
532.017,969.227,509.589,799.857,246.398,732.743,231.717,591.962
532.281,969.479,509.629,799.587,246.338,732.725,231.725,592.043
532.208,969.424,509.381,799.854,246.279,732.189,231.647,591.820
532.157,969.400,509.440,799.970,246.301,732.798,231.793,591.956
532.230,969.120,509.587,799.751,246.131,732.267,231.976,591.949
532.157,969.329,509.507,799.868,246.320,732.739,231.993,591.944
531.938,968.872,509.588,799.812,246.371,732.735,231.310,591.967
531.967,968.861,509.589,799.696,246.232,732.940,230.861,591.579
532.034,968.764,509.504,799.949,246.050,732.511,230.454,590.415
532.132,968.915,509.437,799.884,246.033,732.655,230.212,589.892
531.790,968.876,509.609,799.516,246.140,731.760,230.090,589.704
531.897,968.846,509.614,799.687,246.046,732.198,230.494,590.378
531.637,968.551,509.689,799.591,246.154,732.590,230.633,591.112
532.078,968.997,509.499,800.040,246.151,732.942,230.399,590.963
532.064,968.907,509.458,799.700,246.210,732.664,229.802,589.749
531.952,968.864,509.436,800.039,246.132,732.734,229.679,589.534
532.026,968.777,509.498,799.903,246.194,732.876,230.081,589.761
532.127,968.927,509.376,800.052,246.172,732.925,230.598,589.962
531.841,968.744,509.457,799.960,246.245,733.139,230.880,589.874
532.021,968.889,509.628,799.791,246.244,732.235,230.565,589.362
532.172,968.989,509.557,799.731,246.235,733.029,230.558,589.322
531.861,968.824,509.505,799.763,246.062,732.490,230.589,589.205
531.871,968.849,509.586,799.891,245.984,732.418,230.488,589.088
532.127,968.903,509.469,800.212,246.279,732.318,230.347,589.004
532.061,968.792,509.465,799.702,246.130,732.413,230.164,588.996
531.896,968.948,509.470,799.588,246.497,732.772,231.109,590.067
531.937,969.078,509.511,799.503,246.537,732.925,231.340,590.162
531.605,968.739,509.550,799.504,246.375,732.881,231.258,590.109
531.802,968.765,509.597,799.782,246.243,732.686,230.993,590.122
531.782,968.813,509.589,799.750,246.215,732.995,231.540,590.818
531.789,968.898,509.583,799.495,246.323,732.768,230.670,589.656
531.767,968.842,509.473,799.850,246.302,732.631,230.884,590.241
531.914,969.033,509.479,799.966,246.139,732.721,231.271,590.710
531.900,969.045,509.524,799.956,246.197,732.903,231.184,591.002
532.006,969.044,509.720,799.415,246.107,733.293,230.643,590.690
531.875,968.940,509.771,799.549,246.208,733.154,230.755,590.890
531.948,968.870,509.687,799.459,246.265,732.399,230.569,590.604
531.814,968.888,509.666,799.580,246.211,732.723,230.145,589.567
531.747,968.802,509.687,799.503,246.096,733.240,230.777,590.197
531.568,968.881,509.604,799.434,246.190,732.895,230.985,590.592
531.653,968.982,509.614,799.350,246.053,732.509,231.422,591.281
531.831,969.051,509.569,799.699,246.312,733.198,230.721,590.877
531.837,969.088,509.552,799.598,246.438,732.994,230.601,590.539
531.841,968.913,509.567,799.628,246.560,733.274,230.466,590.226
531.891,969.272,509.620,799.359,246.868,734.548,230.732,590.503
531.928,969.122,509.672,799.612,246.163,732.992,229.880,589.787
531.812,968.951,509.654,799.516,246.057,732.563,229.971,589.843
531.608,968.466,509.634,799.253,246.021,732.632,230.179,589.917
531.656,968.429,509.627,799.303,246.085,733.024,230.550,590.176
531.860,968.689,509.613,799.263,246.309,732.291,230.691,590.455
531.806,968.873,509.546,799.869,246.239,732.370,230.557,590.005
531.884,969.006,509.542,799.712,246.351,732.415,230.367,590.183
532.051,968.978,509.465,800.014,246.476,732.551,230.464,590.147
531.899,968.818,509.435,800.041,246.490,732.851,230.463,589.797
531.804,968.640,509.481,799.680,246.295,732.206,230.627,589.326
531.873,968.719,509.468,799.782,246.325,732.408,230.364,589.042
531.769,968.738,509.441,799.901,246.278,732.382,230.511,589.474
531.784,968.703,509.543,799.802,246.103,732.866,230.901,589.476
531.760,968.731,509.641,799.668,246.112,732.422,231.522,591.005
531.940,968.866,509.537,799.843,246.123,732.392,231.721,590.949
531.865,968.695,509.521,799.680,246.209,732.510,231.650,591.279
531.846,968.738,509.713,799.698,246.360,732.637,231.655,591.716
531.918,968.854,509.730,799.985,246.373,732.712,231.676,592.497
531.872,968.766,509.672,799.623,246.190,732.276,231.678,592.436
531.845,968.683,509.617,799.806,246.266,732.430,231.926,592.781
531.948,968.916,509.641,799.903,246.336,732.522,232.189,592.836
532.038,968.933,509.672,799.848,246.162,732.140,231.972,592.883
532.061,969.009,509.642,799.946,245.886,732.840,232.106,592.904
532.134,969.043,509.634,799.826,246.198,733.158,231.975,592.823
532.062,968.701,509.545,799.426,246.162,731.857,232.050,592.599
532.145,968.966,509.535,799.714,246.271,732.431,232.159,592.760
532.165,969.117,509.323,799.868,246.373,732.491,232.095,592.871
532.334,969.203,509.393,800.031,246.361,732.453,232.220,592.802
532.225,968.947,509.742,799.514,246.580,732.453,231.753,592.760
532.290,969.042,509.442,799.770,246.492,732.445,231.399,592.453
532.323,969.209,509.643,799.793,246.412,732.582,230.459,590.252
532.199,969.110,509.620,799.886,246.284,731.997,231.237,591.137
532.139,968.799,509.506,800.201,246.354,732.252,231.844,592.070
531.942,968.769,509.507,800.463,246.115,732.267,231.816,592.116
531.901,968.778,509.478,800.066,246.373,732.036,231.550,591.565
531.928,968.942,509.484,799.494,246.248,732.181,231.485,592.012
531.988,968.827,509.576,799.682,246.262,732.849,231.028,591.715
531.922,968.759,509.626,799.701,246.281,732.771,231.161,591.469
532.109,969.151,509.571,799.631,246.175,732.720,230.673,591.045
531.800,968.704,509.595,799.652,246.020,732.133,230.939,591.163
531.961,968.922,509.626,799.743,246.097,732.031,231.240,591.304
532.261,968.995,509.678,799.679,246.330,732.484,231.800,591.596
532.088,968.806,509.636,800.080,246.270,732.247,231.558,591.431
532.257,969.105,509.609,799.998,246.437,732.815,231.661,591.581
532.027,968.713,509.739,799.743,246.349,732.115,231.502,591.487
532.031,968.814,509.733,799.284,246.215,732.559,231.179,590.757
531.786,968.764,509.769,799.337,246.335,732.629,231.656,590.291
531.981,968.997,509.681,799.526,246.185,732.679,231.811,590.149
532.155,968.932,509.640,800.005,246.259,732.835,231.962,590.281
532.104,968.956,509.800,799.314,246.280,732.835,232.307,590.797
532.118,968.813,509.670,799.487,246.316,732.522,232.171,590.858
532.112,968.758,509.626,799.819,246.419,732.470,232.834,592.062
531.908,968.684,509.727,799.834,246.325,732.274,232.606,592.958
531.871,968.697,509.638,799.958,246.307,732.674,232.120,592.796
532.000,968.890,509.625,799.737,246.390,732.174,231.882,592.768
531.956,968.754,509.683,799.646,246.451,732.124,232.009,592.782
532.084,968.869,509.550,799.751,246.387,732.228,231.841,592.063
532.234,969.065,509.697,799.606,246.286,732.766,231.911,591.819
532.046,968.973,509.567,799.632,246.202,732.524,231.629,591.405
532.008,968.920,509.596,799.676,246.197,732.738,231.274,591.938
532.051,968.955,509.540,799.675,246.086,732.866,231.426,591.418
532.256,968.963,509.696,799.667,246.478,732.626,232.303,590.989
532.207,968.975,509.581,800.097,246.214,732.832,232.459,591.187
532.026,969.023,509.647,799.679,246.242,732.308,232.410,591.274
532.037,969.049,509.747,799.760,246.352,732.203,232.452,591.412
532.079,968.876,509.951,799.408,246.143,731.859,232.006,591.289
532.064,969.051,509.739,799.578,246.139,732.481,231.958,590.593
532.190,968.857,509.605,799.826,246.272,732.610,231.573,590.004
532.091,968.909,509.572,799.793,246.253,732.913,231.522,590.093
532.252,969.101,509.609,800.125,246.241,732.411,231.796,590.510
531.970,969.051,509.706,800.004,246.314,732.241,232.194,591.415
532.152,969.008,509.603,800.121,246.243,732.450,232.613,591.485
532.217,969.072,509.555,799.814,246.070,731.958,232.077,590.746
532.274,968.899,509.616,799.684,246.094,731.757,232.256,591.143
532.163,968.985,509.443,800.250,245.915,732.551,231.735,591.104
531.991,968.915,509.530,800.066,246.027,732.469,232.092,591.889
532.073,968.814,509.597,799.942,246.049,732.212,232.456,592.431
532.311,969.057,509.606,799.998,246.208,732.208,232.653,592.475
532.112,968.800,509.647,799.511,246.297,731.991,233.011,592.970
532.115,968.832,509.720,799.815,246.130,731.837,232.937,593.091
532.299,969.139,509.677,799.982,246.329,732.139,232.903,593.111
532.219,969.047,509.449,800.328,246.169,732.069,232.782,593.125
532.277,969.062,509.604,800.117,246.548,732.772,233.095,593.534
532.048,968.933,509.617,799.859,246.371,731.894,232.537,592.273
531.941,968.736,509.658,800.029,246.322,732.199,232.895,592.302
532.181,969.120,509.616,799.898,246.263,732.034,233.030,593.128
532.075,969.049,509.673,799.926,246.326,732.005,232.443,592.883
532.222,969.119,509.547,799.872,246.276,732.077,232.667,592.944
532.159,968.968,509.631,799.895,246.361,732.108,231.748,591.635
532.163,969.176,509.416,800.260,246.578,731.715,232.006,591.525
532.003,968.876,509.433,800.066,246.428,732.236,232.013,591.561
531.921,969.015,509.684,799.638,246.242,732.620,232.532,592.141
532.253,969.236,509.679,799.579,246.211,732.721,232.766,592.393
531.890,968.711,509.570,799.613,246.017,732.382,232.952,592.709
532.328,969.161,509.574,799.856,246.124,732.151,232.800,592.671
532.016,968.814,509.752,799.730,246.067,732.420,232.144,592.631
532.117,969.017,509.588,799.885,246.475,732.291,232.160,592.550
532.067,968.963,509.496,800.016,246.065,732.733,232.229,592.412
531.994,969.114,509.539,799.992,246.365,732.481,232.197,593.035
532.010,969.182,509.696,799.576,246.266,732.579,232.481,592.674
532.145,969.329,509.605,799.819,246.292,732.279,232.514,592.884
532.073,969.051,509.662,799.754,246.317,732.693,232.570,593.336
532.176,969.063,509.731,799.752,246.242,732.071,232.055,592.796
532.236,969.047,509.739,799.886,246.208,732.521,231.820,592.421
531.863,968.817,509.564,799.936,246.255,731.630,231.635,591.895
532.199,969.050,509.671,799.971,246.191,732.389,232.124,591.621
532.037,969.306,509.641,799.645,246.134,732.549,233.075,592.613
532.167,969.197,509.598,799.910,246.128,732.343,233.678,592.960
532.093,969.182,509.701,799.792,246.106,732.191,232.944,592.649
532.055,969.100,509.495,800.119,246.283,731.953,232.996,593.291
532.246,969.204,509.565,799.908,246.134,732.636,232.764,592.096
532.181,968.929,509.576,799.789,246.211,732.191,231.724,591.651
532.046,968.722,509.641,799.777,246.273,732.533,232.138,590.860
532.099,968.872,509.745,799.872,246.387,732.223,232.800,591.736
532.008,968.842,509.637,800.116,246.300,732.262,233.386,591.951
532.136,969.173,509.600,799.989,246.381,732.161,233.213,592.590
532.003,968.946,509.672,799.999,246.215,732.562,233.246,593.307
531.930,968.839,509.653,799.664,246.262,732.592,233.327,594.085
531.910,968.836,509.585,799.725,246.360,732.296,233.145,593.851
532.196,969.186,509.593,800.063,246.091,732.188,232.684,592.546
532.003,968.872,509.711,799.959,246.114,732.136,232.804,592.541
532.004,969.226,509.563,799.820,246.312,732.434,233.535,592.993
531.949,969.163,509.647,800.088,246.197,732.166,233.851,594.145
531.898,968.793,509.775,799.796,246.185,733.170,233.000,594.436
532.075,968.945,509.680,799.908,246.264,732.930,232.648,594.312
531.897,969.009,509.717,799.800,246.247,733.205,232.449,593.349
532.097,969.055,509.704,799.621,246.469,731.558,233.115,593.802
531.800,968.869,509.664,799.781,246.354,732.267,233.256,593.935
532.058,969.056,509.537,799.802,246.454,733.070,232.843,594.266
532.052,968.958,509.500,800.042,246.659,732.882,232.842,594.000
532.225,968.830,509.708,799.851,246.492,732.885,232.843,592.997
531.901,968.607,509.516,799.993,246.518,733.051,232.186,591.455
531.988,968.855,509.595,799.906,246.701,733.566,232.907,592.068
531.825,968.748,509.662,799.853,247.143,734.852,233.225,592.097
531.946,968.809,509.577,799.906,247.134,735.039,233.015,591.809
532.042,968.822,509.617,799.887,247.069,734.666,232.900,591.747
532.120,968.806,509.604,800.122,247.309,734.907,233.121,592.040
531.971,968.664,509.532,800.102,247.039,735.218,233.037,592.179
532.003,968.744,509.540,800.150,247.092,734.742,233.154,592.173
532.212,968.881,509.545,799.867,247.087,735.627,233.662,592.659
532.274,968.831,509.504,800.096,247.190,734.726,233.728,592.470
532.394,968.807,509.600,799.962,247.218,734.734,233.636,592.454
532.293,968.660,509.647,799.879,247.127,734.318,233.713,592.464
532.048,968.162,509.564,799.908,247.115,735.582,233.718,592.376
531.694,968.068,509.572,799.861,247.211,735.318,233.616,592.318
531.848,968.057,509.636,799.853,247.586,734.939,233.664,592.490
532.048,968.203,509.690,799.526,247.580,735.012,233.487,591.989
532.155,968.542,509.458,799.935,247.303,734.910,233.694,592.419
532.094,968.705,509.585,799.837,247.314,735.053,233.861,592.423
532.059,968.611,509.616,799.901,247.157,735.298,233.839,592.470
531.963,968.560,509.643,799.972,247.319,735.957,233.862,592.556
531.904,968.366,509.531,800.112,247.250,735.862,233.934,592.462
532.048,968.582,509.674,800.117,247.344,734.908,234.009,591.962
532.127,968.564,509.654,800.134,247.274,735.462,233.792,591.817
532.176,968.527,509.684,800.078,247.338,735.668,233.517,591.654
532.059,968.394,509.643,799.922,247.366,735.346,233.448,591.610
532.157,968.616,509.662,799.759,247.269,735.414,233.502,591.635
532.246,968.640,509.752,799.491,247.257,735.569,233.307,591.605
532.202,968.628,509.654,799.714,247.256,735.316,233.256,591.600
532.091,968.521,509.586,799.865,247.251,735.377,233.183,591.446
532.220,968.421,509.890,799.364,247.137,735.398,233.333,591.559
532.021,968.378,509.678,799.781,247.279,734.846,233.322,591.552
532.081,968.567,509.730,799.454,247.106,735.089,233.356,591.431
532.139,968.803,509.476,800.110,247.115,734.973,233.213,591.624
531.908,968.632,509.497,800.048,247.237,734.698,233.328,591.787
532.061,968.670,509.756,799.713,247.184,735.155,233.258,591.524
532.115,968.442,509.677,799.861,247.118,735.011,233.279,591.445
532.177,968.773,509.783,799.377,247.233,735.432,233.189,591.394
532.147,968.700,509.634,799.691,247.283,735.381,233.002,591.226
532.237,968.727,509.630,799.846,247.369,735.104,232.922,591.257
532.095,968.643,509.620,799.934,247.200,735.208,232.972,591.185
532.157,968.590,509.714,799.849,247.332,735.400,232.993,591.157
532.177,968.620,509.814,799.644,247.320,734.940,233.012,591.158
532.157,968.542,509.698,799.851,247.255,735.512,232.931,591.080
532.127,968.478,509.606,799.837,245.564,733.494,233.000,591.328
532.056,968.551,509.668,799.801,245.631,734.215,232.789,591.131
532.249,969.053,509.511,799.908,245.883,734.717,232.861,591.070
532.318,968.979,509.616,799.832,245.976,734.616,232.650,590.260
532.332,968.918,509.565,799.893,246.019,734.587,232.478,590.643
532.199,968.984,509.548,799.777,246.084,734.016,232.556,590.527
532.177,968.706,509.626,799.756,246.416,735.948,232.308,590.507
532.201,968.712,509.505,799.843,245.925,734.125,232.295,590.566
532.454,969.141,509.674,799.660,246.027,734.140,232.199,590.498
532.463,969.010,509.696,799.593,246.153,734.525,232.434,590.609
531.824,968.266,509.733,799.813,246.121,735.314,232.348,590.616
531.932,968.670,509.828,799.436,246.119,735.114,232.564,590.141
532.079,968.615,509.614,799.665,246.400,734.945,232.957,591.216
532.183,968.485,509.647,800.039,246.444,735.145,233.070,591.346
532.396,968.951,509.586,799.781,246.594,735.759,232.667,591.315
532.134,968.575,509.828,799.406,246.156,734.254,232.731,591.282
532.049,968.574,509.764,799.593,246.366,734.463,232.879,591.075
532.333,968.870,509.597,799.714,246.058,734.531,233.229,591.378
532.298,968.932,509.605,799.976,246.423,735.514,233.142,591.238
532.294,968.711,509.761,799.628,246.148,734.281,233.466,591.526
532.231,968.680,509.646,799.869,246.118,734.281,233.714,591.198
532.006,968.625,509.724,799.804,246.168,733.971,232.957,591.200
531.949,968.535,509.617,800.084,246.518,735.613,232.826,591.121
531.902,968.625,509.702,800.182,246.590,736.106,233.538,590.982
532.024,968.692,509.685,800.094,246.661,735.368,232.933,591.199
531.883,968.475,509.637,799.662,246.248,734.497,233.347,591.125
531.996,968.511,509.599,799.465,246.667,735.945,233.602,591.153
532.122,968.581,509.743,799.981,246.269,733.740,233.562,591.610
531.927,968.505,509.668,799.886,246.269,734.188,233.586,591.369
531.786,968.329,509.725,799.581,246.312,734.708,233.151,591.467
532.116,968.831,509.689,799.768,246.696,735.618,232.715,591.397
532.174,968.879,509.816,799.592,246.789,735.578,232.649,591.389
532.283,968.730,509.610,799.973,246.701,735.821,233.085,591.448
532.136,968.624,509.642,799.990,246.727,735.782,233.316,591.844
532.125,968.743,509.735,799.813,246.725,735.640,233.732,591.728
532.390,968.637,509.570,800.095,246.692,735.454,233.314,591.607
532.264,968.593,509.642,799.795,246.712,735.447,233.076,591.573
532.344,968.482,509.687,799.624,246.621,735.569,233.277,591.683
532.335,968.760,509.622,799.551,246.260,734.096,232.397,592.083
532.197,968.545,509.659,799.462,246.139,734.060,232.535,591.647
532.221,968.702,509.634,800.018,246.453,735.506,232.844,591.658
532.104,968.569,509.793,799.286,246.611,735.381,233.444,591.674
532.426,968.512,509.718,799.228,246.602,735.134,233.619,591.671
532.280,968.587,509.761,799.773,246.414,735.691,233.452,591.599
532.010,968.515,509.703,799.679,246.534,735.360,232.975,591.316
532.204,969.006,509.776,800.059,246.087,734.568,232.155,591.237
531.949,968.695,509.704,800.176,246.175,733.918,232.071,590.603
531.936,968.460,509.788,799.780,246.386,735.471,232.332,590.391
532.000,968.464,509.864,799.543,246.577,735.400,232.000,590.057
532.290,968.741,509.649,800.007,246.277,733.779,232.035,589.927
532.036,968.551,509.588,800.145,246.253,733.786,233.205,591.067
532.233,969.062,509.620,799.646,246.633,735.173,233.076,590.966
532.163,968.783,509.670,799.968,246.588,734.938,232.442,591.316
532.093,968.771,509.657,799.753,246.461,735.239,232.431,591.264
532.226,968.805,509.772,799.603,246.151,733.786,232.600,591.665
532.113,968.913,509.739,799.407,246.095,733.797,232.571,591.301
532.210,968.924,509.608,799.870,246.164,734.877,232.326,591.098
532.355,969.122,509.691,799.488,246.146,734.164,231.448,590.087
532.280,969.040,509.808,799.363,246.607,735.479,230.689,589.230
532.377,968.972,509.770,799.486,246.020,734.039,231.281,590.032
532.124,968.845,509.706,799.555,246.257,734.043,231.975,590.677
532.249,968.943,509.676,799.680,246.199,733.890,232.175,591.038
532.107,968.705,509.724,799.589,246.802,735.165,231.995,590.745
532.110,968.702,509.776,799.519,246.349,733.889,231.605,590.449
531.954,968.478,509.571,799.975,246.229,734.141,232.010,590.474
532.181,968.641,509.628,800.016,246.516,733.823,232.039,590.517
532.055,968.590,509.762,799.505,245.682,735.805,232.269,591.019
532.022,968.450,509.583,799.916,245.850,738.249,232.089,590.709
531.975,968.510,509.479,800.081,245.766,737.254,232.363,591.067
531.962,968.387,509.666,799.778,245.228,736.252,232.507,590.712
532.025,968.459,509.613,799.776,245.332,735.301,232.781,590.941
532.400,968.976,509.647,799.874,245.391,735.151,232.701,590.954
532.445,968.940,509.715,799.760,245.921,736.674,232.732,590.948
532.202,968.457,509.742,799.598,246.167,736.732,232.692,591.066
532.281,968.749,509.776,799.427,246.122,736.802,232.772,590.962
532.249,968.826,509.662,799.853,245.683,734.886,232.891,591.121
532.274,968.779,509.594,799.761,245.684,735.264,232.694,591.092
532.063,968.593,509.755,799.694,245.718,735.075,233.013,591.368
532.176,968.650,509.718,799.817,245.848,734.430,232.669,591.134
532.206,968.622,509.769,799.852,246.099,734.498,232.288,591.607
532.248,968.677,509.529,799.998,245.518,735.329,232.527,591.236
532.163,968.738,509.512,800.007,245.591,735.370,232.982,591.177
532.284,968.828,509.696,799.676,245.568,734.809,233.146,591.139
532.135,968.470,509.696,799.973,245.596,735.314,233.125,590.929
532.166,968.862,509.546,799.894,245.824,734.471,232.786,591.007
532.078,968.774,509.631,800.092,245.712,734.454,232.569,590.959
531.950,968.778,509.518,800.138,245.576,734.872,233.060,591.135
532.062,968.844,509.497,799.949,245.547,734.599,233.010,591.069
532.092,968.533,509.645,799.904,245.732,735.188,232.704,591.027
532.097,968.632,509.519,799.941,245.687,735.241,232.908,590.934
532.078,968.552,509.675,799.880,245.768,734.926,233.187,590.767
532.233,968.690,509.748,799.798,245.730,735.114,233.062,590.725
532.104,968.486,509.854,799.541,245.937,734.922,233.051,591.045
531.919,968.402,509.753,799.667,245.975,734.120,232.766,590.767
531.968,968.438,509.918,799.370,245.897,734.736,232.858,590.825
531.888,968.503,509.595,799.662,245.801,735.028,232.648,590.869
532.027,968.480,509.725,799.780,245.851,734.782,232.904,590.574
532.001,968.464,509.810,799.636,245.955,734.867,233.106,591.445
531.908,968.266,509.722,799.759,245.914,734.346,232.813,590.873
531.951,968.463,509.680,799.732,245.999,733.984,232.831,591.734
531.961,968.322,509.650,799.963,245.953,734.397,232.813,591.324
532.151,968.761,509.832,799.532,245.884,734.271,232.704,591.650
532.130,968.509,509.818,799.378,245.913,733.520,232.735,591.578
532.267,968.562,509.743,799.583,245.837,733.984,232.732,591.618
532.116,968.435,509.649,800.212,245.684,734.968,232.832,591.669
532.072,968.609,509.631,799.838,245.853,734.091,232.799,591.267
531.958,968.545,509.624,799.881,246.221,735.361,233.015,591.491
531.941,968.762,509.564,800.080,245.811,734.561,233.031,591.607
532.286,968.678,509.799,799.707,245.705,734.526,232.879,591.700
532.269,968.691,509.571,799.973,245.761,734.504,233.022,591.793
532.199,968.711,509.645,799.714,245.855,734.509,233.039,591.424
532.175,968.456,509.666,799.813,245.810,734.532,232.959,591.333
532.178,968.674,509.607,799.742,245.884,733.847,232.861,591.306
532.149,968.619,509.739,799.762,246.211,736.884,232.900,591.210
531.986,968.444,509.594,800.055,245.832,735.155,232.994,591.245
531.958,968.468,509.606,799.938,245.811,735.316,233.078,591.188
532.015,968.431,509.626,800.087,245.925,734.483,232.987,590.955
532.203,968.746,509.675,799.958,245.962,734.367,232.915,590.823
532.055,968.817,509.623,799.883,246.229,735.928,233.151,590.890
532.198,968.546,509.720,799.431,245.901,734.647,233.179,591.003
532.115,968.595,509.619,799.814,246.374,736.322,233.055,590.984
531.953,968.475,509.588,799.826,245.936,734.196,233.014,590.886
532.042,968.419,509.518,800.196,245.912,734.290,233.158,590.981
531.957,968.470,509.570,799.733,246.282,736.052,233.056,591.198
532.165,968.416,509.640,799.578,245.895,734.181,232.915,591.128
532.088,968.973,509.792,799.659,246.277,736.668,232.731,591.274
532.171,968.902,509.605,800.064,245.934,734.766,232.960,591.092
532.275,968.839,509.532,799.644,246.365,736.033,232.699,590.745
532.290,968.837,509.615,799.565,246.171,736.001,232.708,590.930
532.123,968.763,509.516,800.095,246.310,735.694,232.923,591.100
532.161,968.759,509.618,799.528,246.314,735.903,232.775,591.013
532.062,968.674,509.785,799.712,246.227,735.986,232.719,591.081
532.154,968.892,509.850,799.630,246.161,736.050,232.981,591.368
532.059,968.725,509.608,799.892,246.093,736.181,232.965,591.227
532.016,968.464,509.574,800.037,246.261,736.067,232.886,591.325
532.217,968.561,509.593,799.952,246.271,736.003,233.040,591.409
532.161,968.549,509.534,800.015,246.183,736.473,233.128,591.382
532.159,968.792,509.648,799.785,246.307,736.106,233.094,591.389
532.128,968.697,509.615,800.051,246.279,736.179,232.769,591.297
532.147,968.753,509.600,799.811,246.155,736.825,232.762,591.302
532.119,968.660,509.670,799.713,245.872,735.004,232.824,591.319
532.125,968.679,509.730,799.643,245.940,734.486,232.959,591.378
532.054,968.899,509.623,800.026,245.708,734.383,232.956,591.594
532.062,968.866,509.696,799.889,245.812,734.694,232.929,591.649
532.090,968.815,509.677,799.905,245.776,734.715,233.076,591.740
532.137,968.760,509.654,800.046,246.434,736.200,233.448,592.039
532.028,968.799,509.660,799.986,246.139,736.361,233.380,592.016
532.045,968.422,509.565,800.139,246.421,735.929,233.057,591.915
532.021,968.573,509.672,800.115,246.617,736.234,233.097,591.885
532.263,969.041,509.530,800.362,246.360,736.087,233.150,592.101
532.157,968.976,509.604,799.875,246.286,736.140,233.266,592.066
532.118,968.929,509.517,799.995,246.295,736.230,233.059,591.935
532.081,968.814,509.539,800.042,246.266,736.510,232.961,591.940
532.050,968.894,509.736,800.137,246.410,736.768,232.679,591.421
532.041,968.940,509.739,800.139,246.383,736.419,232.573,591.329
532.254,968.571,509.534,800.170,246.277,736.514,232.785,591.250
532.129,968.647,509.663,800.169,245.842,734.628,232.875,591.204
532.063,968.303,509.688,800.006,245.843,734.499,233.044,591.105
532.130,968.368,509.616,799.671,245.865,734.557,232.842,590.922
532.064,968.330,509.687,799.875,245.860,734.747,232.600,590.706
532.011,968.490,509.610,800.047,246.005,734.373,232.660,591.036
532.106,968.581,509.674,799.691,245.775,734.377,232.670,591.115
531.993,968.586,509.732,799.751,245.726,734.511,232.954,591.112
531.987,968.496,509.629,799.741,245.805,734.411,233.112,591.302
532.097,968.672,509.612,799.559,245.844,734.609,233.142,591.086
532.193,968.859,509.667,799.787,245.865,734.878,233.024,590.926
532.312,968.937,509.620,799.772,246.399,735.653,232.982,590.826
532.379,969.132,509.628,799.757,245.950,734.398,233.035,590.917
532.348,969.023,509.588,800.004,246.171,736.747,233.219,590.901
532.278,968.922,509.741,799.990,246.139,735.971,232.994,590.952
532.275,968.809,509.578,800.161,246.401,736.230,232.898,590.901
532.306,968.691,509.666,799.945,246.133,736.176,233.185,591.058
532.284,968.810,509.643,799.927,246.314,736.586,233.191,590.880
532.279,968.960,509.659,799.870,246.515,735.511,233.247,590.757
532.258,968.938,509.630,799.955,246.319,736.697,233.161,590.855
532.308,968.845,509.628,799.945,246.309,735.627,233.077,591.111
532.215,968.857,509.710,799.792,246.374,735.313,232.703,591.252
532.265,968.890,509.562,799.999,246.275,735.758,232.418,590.759
532.258,968.845,509.642,799.942,246.193,735.990,232.703,590.925
532.155,968.729,509.648,799.795,246.377,736.392,232.505,590.756
532.437,968.970,509.561,799.860,246.193,736.536,232.655,590.664
532.417,969.004,509.604,799.577,246.354,736.447,232.619,590.475
532.383,968.917,509.656,799.667,246.283,735.814,232.030,589.749
532.265,968.865,509.695,799.872,246.245,735.568,231.871,589.669
532.123,968.747,509.660,799.788,246.403,735.823,232.015,589.812
532.057,968.763,509.639,799.693,246.374,735.632,232.123,589.674
531.976,968.409,509.886,799.308,246.489,735.541,232.048,590.333
531.951,968.481,509.758,799.659,246.470,735.286,231.903,590.436
532.352,968.821,509.620,799.507,246.425,735.657,231.977,590.404
532.013,968.639,509.716,799.648,246.411,735.591,232.032,590.158
532.284,968.686,509.720,799.633,246.294,735.817,232.011,590.351
532.320,968.726,509.749,799.687,246.290,736.082,232.758,591.666
532.124,968.583,509.684,799.682,246.280,735.972,232.829,591.542
532.077,968.515,509.762,799.463,246.304,735.705,231.927,589.979
532.393,969.090,509.589,799.741,246.394,735.480,231.786,589.982
532.119,968.642,509.684,799.766,246.247,735.580,232.480,589.650
532.088,968.731,509.640,799.799,246.322,736.178,232.316,590.140
532.230,968.623,509.617,799.968,245.911,734.078,232.182,590.574
531.896,968.595,509.692,799.928,245.821,734.279,233.172,591.902
532.208,968.749,509.801,799.701,245.741,734.227,232.943,590.783
531.935,968.725,509.783,799.761,245.829,734.833,232.091,588.972
532.211,968.969,509.850,799.628,245.957,734.507,231.997,588.235
532.158,969.016,509.906,799.601,245.868,733.964,232.071,587.938
532.237,968.644,509.734,799.767,246.172,736.261,231.818,587.924
532.188,968.706,509.805,799.479,246.383,735.861,231.815,587.898
532.089,968.596,509.748,799.707,246.432,735.179,231.965,588.839
531.988,968.373,509.757,799.796,246.418,735.345,231.769,588.366
532.030,968.546,509.633,800.016,246.366,735.942,231.521,588.103
532.092,968.693,509.862,799.679,246.235,735.763,231.571,588.732
532.053,968.349,509.661,800.272,246.230,735.917,230.880,588.172
532.110,968.495,509.876,799.892,246.488,735.883,231.239,588.750
532.248,968.676,509.774,800.015,246.338,735.924,231.568,588.747
532.294,968.941,509.685,800.267,246.380,735.961,231.102,588.776
532.146,968.601,509.651,800.004,246.383,736.167,230.934,589.138
532.373,968.784,509.743,800.094,246.359,735.786,232.850,589.239
532.097,968.495,509.739,799.936,246.436,735.711,233.263,590.939
532.136,968.773,509.798,799.787,246.201,735.705,233.388,591.619
532.229,968.848,509.663,800.073,246.274,735.925,232.836,590.795
532.050,968.310,509.712,799.661,246.487,735.509,232.588,590.325
532.338,968.624,509.897,799.318,246.177,736.123,232.382,590.116
532.326,968.747,509.638,799.636,246.500,736.147,232.450,590.383
532.211,968.931,509.880,799.361,246.070,734.961,232.526,590.451
532.202,968.627,509.665,799.656,246.537,735.691,232.501,590.602
532.101,968.425,509.783,799.585,246.256,735.880,232.411,590.911
532.133,968.508,509.878,799.586,246.320,735.949,232.173,590.854
532.225,968.790,509.883,799.414,246.367,735.685,232.213,590.757
532.254,968.750,509.923,799.380,246.192,735.519,231.691,589.999
532.302,968.752,509.770,799.489,246.436,735.542,231.586,589.897
532.351,968.806,509.814,799.690,246.506,735.649,231.372,588.932
532.163,968.581,509.724,799.734,246.430,735.597,231.979,590.120
532.081,968.544,509.648,799.956,246.479,735.449,232.407,590.864
532.199,968.855,509.762,799.856,246.485,735.688,233.418,592.763
532.284,968.775,509.675,800.062,246.317,736.118,233.325,592.991
532.096,968.609,509.732,799.717,246.359,735.701,233.333,593.174
532.132,968.610,509.728,799.842,246.480,735.369,233.747,593.906
532.447,969.018,509.655,799.872,246.405,735.556,234.040,594.140
532.190,968.569,509.686,799.413,246.518,735.719,233.887,593.699
532.309,968.894,509.644,799.561,246.541,735.469,234.106,594.291
532.248,968.891,509.607,799.671,246.068,734.177,234.001,593.967
532.186,968.756,509.677,799.586,246.011,734.360,233.954,594.377
532.185,968.796,509.661,799.587,246.018,734.523,233.194,594.345
532.179,968.633,509.638,799.851,246.433,735.857,233.126,593.947
532.051,968.608,509.788,799.908,246.466,735.685,233.143,593.526
532.209,968.663,509.660,800.004,246.405,735.862,233.334,594.198
532.277,968.760,509.798,800.000,246.324,735.604,233.242,593.993
532.165,968.770,509.796,799.983,246.402,735.846,233.082,593.810
532.114,968.768,509.851,799.628,246.581,735.845,233.414,593.752
532.049,968.831,509.937,799.409,246.478,735.335,233.722,593.684
532.315,968.899,509.865,799.420,246.398,736.008,234.021,594.102
532.051,968.416,509.827,799.496,246.400,735.755,233.831,594.171
531.956,968.346,509.805,799.631,246.333,735.992,233.921,593.969
532.171,968.509,509.551,800.002,246.245,735.770,233.124,592.813
532.038,968.619,509.635,799.817,246.324,735.555,233.172,592.922
532.165,968.484,509.565,799.984,246.415,735.491,233.494,592.452
532.172,968.528,509.607,799.934,246.475,735.397,233.977,592.746
532.111,968.470,509.774,799.795,246.550,735.290,234.429,592.907
532.043,968.457,509.682,799.720,246.596,735.391,234.600,593.654
532.036,968.466,509.655,799.679,246.470,735.588,234.980,594.690
531.918,968.313,509.659,799.871,246.434,735.670,234.957,594.857
532.024,968.318,509.884,799.700,246.238,735.534,234.777,595.384
532.158,968.462,509.656,800.282,246.241,735.671,235.059,595.299
532.025,968.594,509.851,799.940,246.355,735.194,234.447,594.846
532.195,968.724,509.724,799.700,246.407,735.169,233.637,593.981
532.108,968.518,509.666,799.576,246.358,734.893,232.967,594.399
532.006,968.726,509.611,799.948,246.306,735.497,233.294,594.364
532.000,968.745,509.737,799.638,246.333,735.332,233.517,593.583
532.160,968.631,509.663,799.904,246.375,735.717,233.550,593.895
532.213,968.916,509.703,799.853,246.252,735.200,233.708,594.424
532.253,968.914,509.749,799.613,246.568,735.262,233.948,594.291
532.268,969.016,509.736,799.897,246.421,735.761,234.074,594.079
532.065,968.603,509.710,799.431,246.041,733.909,234.103,594.396
531.997,968.606,509.709,799.572,246.004,733.899,233.706,594.196
532.007,968.617,509.836,799.439,246.387,735.530,233.209,594.163
532.103,968.472,509.821,799.525,246.000,733.760,233.428,594.540
532.180,968.537,509.869,799.565,246.386,735.263,233.715,594.401
532.090,968.525,509.891,799.672,246.457,735.638,233.636,594.171
532.106,968.554,509.887,799.736,246.370,735.474,233.865,594.019
531.990,968.506,509.827,799.528,246.537,735.514,234.391,593.981
531.979,968.490,509.809,799.674,246.481,735.973,234.139,594.382
531.962,968.350,509.764,799.625,246.381,735.864,234.436,593.985
532.024,968.392,509.729,799.663,246.579,736.143,233.851,594.878
531.937,968.192,509.723,800.020,246.445,735.911,233.411,594.809
532.068,968.296,509.789,799.841,246.418,735.773,233.062,594.087
531.892,968.548,509.993,799.387,246.340,736.149,232.478,593.071
531.853,968.305,510.025,799.233,246.360,736.375,233.239,593.483
532.214,968.670,509.874,799.675,246.519,735.380,233.853,594.535
532.177,968.823,509.853,799.348,246.505,735.525,233.724,594.631
531.918,968.453,509.651,799.668,246.657,735.454,233.786,594.829
532.198,968.571,509.609,799.932,246.580,735.288,233.315,594.168
532.002,968.672,509.611,800.042,246.469,735.599,233.035,593.979
531.964,968.600,509.677,799.546,246.584,735.791,233.455,594.546
531.904,968.524,509.651,799.775,246.486,736.286,233.798,594.531
532.111,968.848,509.633,800.026,246.624,735.880,233.207,594.766
532.259,968.756,509.750,799.830,246.677,735.326,233.085,594.421
531.903,968.419,509.767,799.764,246.492,735.587,233.122,593.974
532.163,968.713,509.607,799.956,246.334,735.652,233.461,594.088
532.045,968.683,509.817,799.762,246.587,736.296,233.279,594.563
531.970,968.531,509.823,799.736,246.584,735.520,233.089,594.479
532.015,968.503,509.776,799.363,246.598,735.378,233.657,594.047
532.044,968.512,509.708,799.715,246.532,736.224,234.381,594.098
532.287,969.010,509.910,799.415,246.797,735.746,234.487,594.253
532.150,968.717,509.910,799.561,246.679,737.211,234.301,594.530
532.138,968.639,509.796,799.656,246.794,737.020,234.048,594.633
532.354,968.803,509.725,799.683,246.872,736.558,234.513,594.529
532.203,968.702,509.819,799.529,246.793,736.216,235.086,594.666
532.208,968.769,509.754,799.727,246.893,736.963,235.026,595.184
532.290,968.926,509.698,799.816,246.977,737.209,234.237,595.192
532.054,968.906,509.757,799.855,246.869,737.019,233.553,594.396
532.086,968.680,509.903,799.727,246.656,736.985,233.826,593.429
532.249,969.031,509.738,799.826,246.535,736.694,233.465,593.141
532.323,969.033,509.723,799.922,245.793,738.825,234.626,593.302
532.062,968.651,509.667,799.842,244.563,737.266,234.768,594.084
532.199,968.912,509.634,800.074,244.625,737.274,234.474,593.922
532.182,968.830,509.757,799.893,244.742,737.219,234.770,593.572
532.160,968.708,509.626,800.059,244.889,737.212,234.428,593.226
532.356,969.075,509.661,800.014,244.798,737.011,234.685,593.209
531.931,968.520,509.832,799.562,245.080,736.563,234.942,593.427
531.910,968.371,509.796,799.717,244.838,736.477,234.923,593.555
532.122,968.465,509.806,799.595,245.110,736.124,234.408,593.629
532.156,968.556,509.696,799.785,245.092,736.236,234.220,593.007
532.162,968.555,509.729,799.750,245.193,736.163,233.996,592.548
532.191,968.656,509.820,799.657,245.148,736.785,234.002,592.303
532.169,968.733,509.719,799.764,245.075,735.605,234.233,593.252
532.144,968.715,509.758,799.855,245.041,735.651,234.558,593.391
532.096,968.775,509.903,799.595,245.229,736.119,234.545,593.897
531.687,968.443,509.687,799.926,245.145,735.272,234.983,593.755
532.025,968.806,509.778,799.798,245.227,735.635,234.867,593.648
532.255,968.909,509.719,799.870,245.114,735.442,234.260,593.947
532.160,968.776,509.802,799.856,245.118,735.291,233.942,593.541
532.058,968.686,509.991,799.337,245.210,734.927,233.942,593.374
532.156,968.655,509.946,799.538,245.413,734.736,233.427,591.910
532.101,968.715,509.592,800.203,245.353,735.049,233.491,591.961
532.354,968.854,509.666,800.184,245.287,735.960,232.748,591.662
532.002,968.858,509.772,800.095,245.499,735.639,232.992,592.640
531.870,968.756,509.814,799.943,245.562,735.143,233.188,592.499
532.126,968.793,509.711,800.073,245.567,735.171,233.184,592.933
532.174,968.923,509.709,800.161,245.615,734.672,232.763,592.814
532.330,969.096,509.656,800.058,245.596,735.618,232.595,592.669
532.158,968.917,509.616,799.902,245.654,735.114,232.821,594.098
532.381,968.851,509.746,799.938,245.509,736.160,232.672,594.257
532.091,968.635,509.740,799.579,245.509,735.114,232.801,593.836
532.206,968.553,509.718,799.658,245.617,735.228,232.974,593.994
532.393,968.960,509.753,799.772,246.052,737.533,233.007,594.385
532.329,968.911,509.755,799.618,246.163,736.830,232.752,594.452
532.339,968.853,509.825,799.680,245.684,735.801,232.605,594.557
532.305,968.880,509.921,799.468,245.702,735.497,232.862,594.647
532.189,968.650,509.616,799.733,245.510,735.127,233.003,593.806
532.370,969.004,509.777,799.685,245.554,735.128,232.696,593.040
531.996,968.705,509.698,799.810,245.712,735.004,232.451,594.734
532.180,968.901,509.720,799.719,245.625,734.800,232.429,594.960
532.214,968.881,509.685,799.754,245.725,734.697,232.835,595.301
532.249,968.896,509.688,799.833,245.567,735.152,232.656,594.916
532.114,968.383,509.691,799.777,245.953,737.332,232.368,594.545
531.930,968.491,509.732,799.720,246.243,736.199,231.862,593.540
532.096,968.620,509.695,799.839,246.149,736.313,232.385,594.599
532.054,968.676,509.690,799.888,245.788,734.834,232.291,594.476
532.258,968.898,509.758,799.962,245.797,734.941,232.006,594.447
532.163,968.838,509.752,799.691,246.008,736.198,232.525,594.171
532.256,968.987,509.611,800.173,246.261,736.770,232.705,594.479
532.441,968.917,509.785,799.813,245.862,735.361,232.477,594.230
532.211,968.779,509.836,799.787,245.723,735.109,232.367,594.158
532.158,968.749,509.792,799.755,246.248,736.446,232.569,593.441
532.217,968.821,509.773,799.983,246.330,736.656,232.826,594.710
532.268,969.022,509.798,799.835,246.262,736.659,232.872,594.966
532.297,968.783,509.833,799.791,246.105,737.070,232.556,594.175
532.272,968.960,510.060,799.376,245.836,735.461,232.759,594.314
532.426,969.115,509.969,799.435,245.945,734.907,233.273,594.428
532.054,968.759,509.864,799.539,245.873,735.930,232.154,594.734
532.293,969.149,509.838,799.704,246.303,735.986,232.442,595.117
532.353,968.852,509.802,799.750,246.358,736.030,232.452,594.550
532.366,968.797,509.786,799.898,246.149,736.426,232.511,594.832
532.378,968.865,509.860,799.662,246.289,735.974,232.502,593.275
532.385,968.774,509.848,799.812,246.231,736.189,232.518,593.998
532.300,968.792,509.897,799.607,246.317,736.232,232.644,592.869
532.254,968.765,509.679,800.027,246.360,735.907,232.637,593.048
532.407,968.923,509.793,799.941,246.304,736.331,232.532,594.520
532.148,968.783,509.768,800.002,245.802,734.667,231.728,593.837
532.235,968.954,509.795,799.884,245.755,734.744,231.889,593.367
532.162,968.703,509.675,799.903,246.188,736.547,232.293,592.985
532.249,968.884,509.744,799.912,246.265,736.361,232.251,593.282
532.184,968.979,509.692,799.700,245.791,735.123,232.076,593.797
532.426,969.172,509.781,799.718,246.141,736.161,231.846,595.462
532.231,968.961,509.884,799.689,246.164,736.436,232.205,595.344
532.111,968.983,509.707,799.894,246.232,736.545,232.056,595.293
532.322,968.995,509.726,799.679,246.290,736.029,231.468,595.591
531.933,968.724,509.892,799.608,246.188,736.537,231.239,594.101
532.080,968.802,509.795,799.426,246.179,736.019,231.674,595.084
531.915,968.703,509.641,799.784,246.378,736.691,231.870,595.635
532.194,968.942,509.569,799.683,246.349,737.107,231.865,593.704
532.327,968.959,509.326,800.247,246.084,736.970,232.426,594.611
532.438,969.055,509.409,800.048,246.156,736.345,232.334,594.456
532.143,969.122,509.218,800.760,245.733,735.155,232.426,594.541
531.952,968.654,509.415,800.246,245.660,736.047,232.365,594.269
532.202,968.836,509.360,800.555,245.817,735.948,232.766,593.989
532.078,968.566,509.432,799.913,246.178,736.174,233.413,595.017
532.149,968.782,509.384,800.316,246.362,736.070,233.374,595.296
532.383,969.038,509.403,800.215,246.045,736.588,233.916,594.574
532.234,968.966,509.528,800.150,246.070,736.834,233.082,594.541
532.094,968.684,509.487,799.725,246.031,736.291,232.816,594.459
532.157,968.566,509.510,799.915,246.059,736.401,233.449,594.560
531.955,968.622,509.519,799.655,245.543,734.889,232.822,595.113
531.873,968.531,509.501,799.528,246.076,735.926,232.755,595.217
532.236,968.972,509.490,800.118,245.577,735.182,232.659,594.861
532.302,969.034,509.379,800.502,245.986,736.046,232.490,593.473
532.215,968.935,509.454,800.368,245.996,736.136,232.547,593.527
532.080,968.866,509.557,800.159,246.240,736.310,232.698,594.180
532.233,968.886,509.659,799.658,246.002,736.341,232.596,594.900
532.045,968.620,509.546,799.912,245.664,734.790,232.780,595.324
531.815,968.323,509.586,799.872,245.945,736.671,232.672,594.793
531.878,968.429,509.623,800.096,246.284,736.751,232.280,594.786
531.798,968.373,509.550,800.129,246.053,736.394,232.201,594.886
531.956,968.422,509.570,799.684,246.139,736.059,232.149,595.025
532.086,968.506,509.675,799.763,246.069,736.248,232.034,594.366
531.988,968.655,509.861,799.720,246.278,736.520,232.380,595.223
531.825,968.517,509.692,799.904,246.188,736.723,232.597,595.195
531.875,968.316,509.579,800.034,246.255,736.063,231.308,594.364
531.953,968.274,509.784,799.882,246.190,736.421,231.815,593.906
531.997,968.433,509.707,799.881,246.197,736.576,231.797,593.618
532.167,968.604,509.852,799.649,246.195,737.325,231.583,593.525
532.060,968.515,509.683,799.913,246.136,736.887,231.944,594.309
531.986,968.371,509.758,799.877,246.337,736.986,231.525,595.786
532.030,968.425,509.685,799.696,246.098,736.891,231.569,596.142
532.018,968.631,509.555,799.917,246.014,736.757,231.972,596.138
531.739,968.085,509.533,799.765,246.084,736.572,231.724,596.494
532.131,968.545,509.577,799.971,246.084,736.663,231.659,596.543
532.115,968.535,509.679,799.975,246.211,736.148,231.546,596.564
531.994,968.668,509.848,799.566,246.187,736.457,231.512,595.566
531.949,968.698,509.710,799.894,245.709,734.841,230.779,594.797
532.148,968.634,509.687,799.892,246.298,736.010,231.406,594.475
532.250,968.655,509.673,800.025,246.300,735.802,231.033,595.756
532.008,968.595,509.672,800.073,245.664,734.609,230.857,595.841
532.217,968.729,509.724,799.977,246.018,736.458,230.594,595.315
532.267,968.800,509.675,799.916,246.233,736.334,231.132,595.631
532.072,968.650,509.690,799.775,245.806,734.808,231.431,595.407
532.106,968.532,509.665,799.709,245.764,734.830,231.720,595.032
531.849,968.548,509.774,799.705,246.032,736.094,232.449,594.999
532.042,968.675,509.588,800.044,246.117,736.379,232.162,595.080
532.004,968.453,509.629,799.661,246.176,735.560,232.443,595.113
532.177,968.595,509.566,799.875,246.277,735.976,232.371,593.658
532.052,968.512,509.540,799.738,246.088,737.999,232.668,592.390
532.010,968.484,509.666,799.750,246.229,736.764,232.747,594.077
531.843,968.536,509.587,799.952,246.262,735.891,232.403,594.289
532.040,968.349,509.738,799.804,245.983,733.923,232.400,594.118
531.877,968.410,509.709,799.820,246.230,735.792,232.226,593.155
531.993,968.475,509.742,800.074,246.209,735.834,232.635,594.477
532.034,968.552,509.611,800.200,246.280,735.986,232.851,595.191
531.803,968.427,509.630,800.351,246.408,736.989,232.749,595.263
532.029,968.527,509.637,800.059,246.347,736.641,232.791,595.392
532.019,968.589,509.598,799.879,246.334,736.618,232.439,594.917
532.014,968.508,509.741,799.682,246.363,736.594,232.483,595.075
532.084,968.500,509.601,800.000,246.410,735.945,232.656,595.535
531.938,968.526,509.525,800.173,246.315,735.940,232.564,595.546
531.997,968.444,509.670,800.025,245.929,734.387,232.663,595.319
531.956,968.517,509.604,800.084,246.371,736.185,231.594,595.922
532.180,968.605,509.847,799.630,246.245,736.588,231.765,594.777
532.084,968.623,509.684,800.004,245.742,734.632,231.308,595.042
532.171,968.454,509.790,799.936,246.115,736.382,231.772,595.151
532.201,968.645,509.782,799.822,246.286,736.479,232.694,595.448
532.222,968.642,509.759,799.845,246.092,737.309,232.923,595.108
532.082,968.528,509.499,800.054,246.477,736.199,232.865,594.795
531.974,968.552,509.540,799.966,246.340,736.322,232.995,594.606
531.988,968.559,509.670,799.917,246.145,736.804,232.856,594.329
532.062,968.536,509.600,799.837,246.164,736.300,232.890,594.302
532.084,968.556,509.748,799.789,246.263,736.847,233.624,594.200
532.179,968.672,509.571,800.212,246.275,736.001,233.452,594.710
532.158,968.478,509.574,800.277,245.844,734.627,233.497,593.268
531.994,968.556,509.635,800.198,246.059,736.258,233.441,593.199
531.982,968.623,509.699,799.915,246.230,735.854,233.211,593.528
532.245,968.646,509.610,799.854,246.332,736.725,233.101,593.891
532.233,968.759,509.752,799.838,246.338,736.266,233.240,593.803
532.042,968.388,509.600,799.892,246.403,736.393,233.035,593.609
532.062,968.415,509.682,799.771,246.418,736.054,233.393,593.962
532.481,968.975,509.577,800.206,246.465,736.780,233.484,593.879
532.307,968.996,509.656,799.789,246.436,736.925,233.839,594.175
532.027,968.753,509.629,800.154,246.391,736.755,234.066,594.589
531.932,968.667,509.619,799.934,246.401,736.626,234.670,594.017
532.152,968.514,509.810,799.659,246.380,736.489,234.061,594.138
531.944,968.547,509.734,799.876,246.395,736.127,234.295,593.581
532.016,968.396,509.587,800.405,246.253,735.988,234.130,593.566
532.099,968.517,509.695,800.047,246.394,736.369,234.101,593.675
532.139,968.581,509.663,800.353,246.453,736.667,233.807,593.699
532.292,968.753,509.744,800.179,246.454,736.229,233.937,593.599
532.182,968.642,509.747,799.903,246.468,736.521,234.056,593.776
532.057,968.592,509.486,800.545,245.902,734.587,234.045,593.190
532.094,968.576,509.672,799.897,246.024,734.817,233.997,593.157
532.441,969.028,509.592,800.168,246.461,736.046,234.083,593.456
532.272,968.917,509.489,800.233,246.443,736.136,233.912,593.260
532.092,968.639,509.710,800.083,246.127,735.488,234.023,593.783
532.057,968.439,509.740,800.019,245.948,734.817,233.949,593.608
532.241,968.978,509.755,799.871,245.887,735.229,233.930,593.696
532.298,968.919,509.777,799.837,246.022,735.422,233.952,593.664
532.375,969.140,509.624,800.135,246.093,734.609,233.847,593.839
532.285,969.123,509.687,800.209,246.169,734.675,233.844,593.717
532.513,969.003,509.690,800.090,245.801,734.803,234.010,594.028
532.277,968.653,509.785,799.950,246.066,735.187,234.008,593.652
532.303,968.728,509.613,799.797,246.436,736.096,234.246,594.124
532.172,968.833,509.769,799.572,245.947,734.995,234.418,593.943
532.034,968.790,509.963,799.462,246.018,734.300,234.451,593.849
532.162,968.817,509.661,800.015,246.217,736.422,234.142,593.612
532.105,968.912,509.743,799.732,246.179,735.956,234.185,593.318
532.325,968.600,509.593,800.232,246.339,736.304,234.257,593.818
532.263,968.583,509.686,800.077,246.408,736.262,234.246,593.903
532.061,968.659,509.435,800.503,246.414,735.927,234.278,594.152
532.109,968.620,509.581,800.174,246.275,736.580,234.073,593.982
532.395,968.995,509.664,800.087,246.240,736.218,233.989,593.695
532.260,968.671,509.632,800.068,246.272,735.963,233.949,593.351
532.318,968.733,509.647,800.343,246.051,734.553,234.229,594.097
532.262,968.750,509.776,800.110,245.854,734.690,234.360,593.980
532.094,968.720,509.807,800.037,245.864,735.145,234.475,593.978
532.495,969.094,509.606,799.930,246.464,736.264,234.209,593.541
532.510,968.835,509.661,799.875,245.949,735.667,234.163,593.782
532.270,968.807,509.625,799.834,246.483,736.841,234.248,593.403
532.347,968.777,509.556,799.987,246.398,736.945,234.089,593.339
532.418,969.214,509.570,800.212,246.070,736.814,234.111,593.142
532.374,969.466,509.546,800.151,246.089,736.519,233.950,593.760
532.534,969.647,509.588,800.328,246.259,735.695,234.312,593.467
532.815,969.715,509.639,800.097,246.230,736.054,233.999,593.145
532.895,969.985,509.572,800.075,246.466,736.683,233.915,593.445
532.992,969.949,509.540,799.951,246.446,736.294,233.981,593.216
532.963,970.046,509.427,800.087,245.951,735.408,233.763,593.262
532.961,970.046,509.530,800.179,246.463,736.770,233.773,593.396
532.826,969.850,509.621,800.119,246.135,735.128,233.798,593.416
532.834,969.728,509.615,799.828,246.344,736.085,234.023,593.533
532.791,969.599,509.603,800.009,246.338,736.208,233.975,593.025
532.942,969.995,509.627,800.094,246.337,736.518,233.944,593.397
532.942,969.767,509.664,799.985,246.359,736.492,234.105,593.506
532.761,969.715,509.527,800.106,246.367,736.750,234.355,593.708
532.627,969.616,509.496,799.958,246.300,736.551,234.332,593.790
532.687,969.761,509.537,799.989,246.357,736.065,233.806,593.716
532.761,969.965,509.612,800.031,246.397,736.100,233.654,593.704
532.746,969.754,509.641,799.850,246.300,736.067,233.719,593.341
532.672,969.672,509.632,799.759,246.327,736.393,234.045,593.174
532.491,969.516,509.573,800.277,246.395,736.380,234.047,593.193
532.742,969.557,509.629,800.084,246.485,736.192,233.860,592.994
532.634,969.613,509.567,800.364,246.279,736.011,233.826,592.951
532.642,969.577,509.767,799.834,246.410,736.064,233.998,593.104
532.766,969.489,509.771,799.916,246.160,736.081,234.066,592.977
532.874,969.675,509.477,800.327,246.548,735.891,234.491,592.848
532.645,969.480,509.587,800.125,246.470,736.093,234.130,592.854
532.758,969.676,509.574,799.975,246.360,736.440,234.222,593.070
532.757,969.598,509.342,800.548,246.418,736.502,234.301,592.944
532.773,969.743,509.562,800.244,246.405,736.132,234.128,593.336
532.683,969.739,509.698,800.058,246.431,736.198,234.612,593.226
532.903,969.758,509.734,800.041,246.319,736.549,234.430,592.996
532.835,969.621,509.653,800.161,246.322,736.706,233.859,592.986
532.763,969.654,509.602,799.802,246.266,736.689,233.706,593.283
532.870,969.611,509.575,800.322,246.294,736.266,233.579,592.925
532.872,969.710,509.584,800.194,246.363,736.967,233.492,592.794
532.661,969.632,509.628,800.177,246.441,735.879,233.474,593.076
532.654,969.699,509.752,799.823,246.439,736.329,233.703,593.338
532.621,969.323,509.631,799.862,246.463,737.050,233.515,593.264
532.828,969.603,509.627,800.005,246.436,736.581,233.311,593.157
532.724,969.672,509.504,800.214,246.340,736.257,233.234,593.323
532.760,969.633,509.651,800.158,246.390,737.031,233.416,593.156
532.634,969.481,509.669,799.962,246.549,736.694,233.560,593.289
532.781,969.589,509.617,800.038,246.610,736.576,233.464,593.304
532.444,969.474,509.735,799.915,246.414,736.913,233.187,593.320
532.633,969.504,509.662,800.188,246.423,736.990,233.347,593.172
532.358,969.243,509.834,799.739,246.354,736.819,233.776,593.619
532.470,969.379,509.694,800.114,246.411,736.844,233.750,593.581
532.702,969.610,509.648,800.084,246.513,735.880,233.803,593.489
532.581,969.548,509.739,799.976,246.425,736.537,234.097,593.353
532.605,969.672,509.716,800.122,246.445,736.691,234.038,592.903
532.652,969.689,509.717,799.816,246.379,736.414,233.528,593.112
532.785,969.729,509.754,799.840,246.345,736.971,233.489,592.980
532.663,969.496,509.798,800.088,246.301,737.374,233.579,592.876
532.646,969.511,509.571,800.165,246.232,736.729,233.456,592.852
532.661,969.382,509.563,800.321,246.338,736.822,233.599,592.850
532.517,969.395,509.631,800.336,246.350,736.386,233.401,592.821
532.794,969.644,509.557,800.406,246.376,735.675,233.521,592.852
532.774,969.641,509.632,800.283,246.321,736.707,233.563,592.939
532.682,969.386,509.600,800.374,246.173,736.550,233.668,593.115
532.617,969.473,509.619,800.242,246.272,736.882,233.286,593.094
532.554,969.568,509.736,799.982,246.482,736.239,233.242,593.064
532.625,969.505,509.717,800.017,246.484,735.904,233.539,593.177
532.781,969.658,509.756,799.981,246.458,735.819,233.505,592.978
532.864,969.656,509.509,800.156,246.509,736.118,233.460,592.961
532.669,969.450,509.625,800.023,246.377,736.442,233.285,593.117
532.575,969.495,509.679,800.229,246.214,736.607,233.196,593.075
532.735,969.558,509.620,800.303,246.242,736.281,233.244,592.934
532.685,969.560,509.652,800.178,246.284,736.184,233.355,592.945
532.623,969.666,509.678,800.241,246.431,736.010,233.474,592.974
532.611,969.644,509.555,800.211,246.510,736.379,233.616,593.071
532.844,969.787,509.614,800.324,246.548,735.919,234.005,593.088
532.815,969.473,509.586,800.164,246.266,735.645,234.136,593.179
532.524,969.457,509.861,799.774,246.258,736.384,233.618,593.084
532.650,969.264,509.833,799.539,246.218,735.328,233.799,593.092
532.600,969.336,509.633,799.866,246.358,735.667,233.772,593.125
532.529,969.348,509.715,799.877,246.465,735.415,233.655,593.088
532.504,969.672,509.567,799.887,246.036,734.141,233.513,592.968
532.557,969.663,509.660,799.740,246.390,736.460,233.463,592.906
532.696,969.701,509.762,799.539,246.019,734.967,233.444,592.966
532.755,969.742,509.685,799.725,246.459,736.157,233.518,592.897
532.626,969.445,509.755,799.516,246.349,735.927,233.218,592.677
532.608,969.479,509.680,799.878,246.335,736.115,233.204,592.619
532.584,969.618,509.769,799.547,246.229,736.445,233.487,592.802
532.703,969.629,509.831,799.129,246.418,736.080,233.472,592.853
532.493,969.691,509.767,799.838,246.169,735.980,233.186,592.538
532.574,969.557,509.796,799.668,246.278,735.977,233.503,593.092
532.636,969.607,509.795,799.879,246.178,736.618,233.315,592.854
532.615,969.883,509.777,799.805,246.022,734.493,233.351,592.900
532.665,969.719,509.681,799.865,245.990,735.373,233.254,593.185
532.509,969.554,509.757,799.998,246.147,736.292,233.465,592.930
532.514,969.379,509.731,799.868,246.376,736.034,233.451,593.088
532.664,969.543,509.731,799.998,246.365,735.608,233.384,592.959
532.765,969.447,509.718,799.860,246.387,735.620,233.465,593.152
532.724,969.618,509.714,799.712,246.439,736.065,233.576,593.036
532.702,969.650,509.650,800.001,246.465,736.098,233.636,593.045
532.651,969.554,509.598,799.952,246.414,736.081,233.645,593.155
532.621,969.597,509.553,799.905,246.391,736.329,233.598,592.991
532.668,969.632,509.706,799.891,246.478,735.783,233.669,593.182
532.487,969.745,509.707,799.862,246.372,735.986,233.640,593.163
532.551,969.715,509.711,800.115,246.512,736.326,233.699,592.991
532.601,969.606,509.640,800.068,246.370,735.966,233.779,592.929
532.760,969.729,509.735,799.907,246.506,736.504,233.802,592.993
532.572,969.685,509.672,799.810,246.520,736.491,233.555,592.830
532.624,969.686,509.714,800.036,246.394,736.594,233.637,592.973
532.659,969.642,509.721,799.850,246.452,736.526,233.176,592.319
532.690,969.614,509.800,800.071,246.400,736.563,233.765,592.913
532.631,969.638,509.770,799.784,246.391,736.882,233.986,592.946
532.727,969.611,509.772,799.740,246.009,735.432,233.712,592.975
532.582,969.887,509.840,799.708,246.300,736.928,233.605,592.504
532.479,969.518,509.677,799.708,246.259,736.775,233.709,592.427
532.376,969.729,509.631,799.947,245.957,734.505,233.903,592.404
532.462,969.584,509.597,799.858,245.765,734.229,234.262,592.201
532.576,969.795,509.766,799.718,245.713,734.568,234.244,592.027
532.745,969.604,509.758,799.747,245.913,735.423,234.190,591.396
532.621,969.666,509.726,799.746,245.932,735.098,234.310,591.285
532.791,969.872,509.762,800.030,246.390,736.292,234.284,591.654
532.788,969.652,509.813,799.889,246.300,735.724,234.206,591.632
532.562,969.557,509.763,799.837,246.397,735.733,233.919,591.869
532.500,969.504,509.756,799.857,246.362,735.752,234.373,591.925
532.738,969.770,509.540,799.870,246.435,736.362,234.070,591.532
532.752,969.657,509.582,799.965,246.364,736.109,234.262,592.174
532.756,969.726,509.746,799.617,245.949,734.610,235.384,592.082
532.555,969.331,509.632,799.660,245.823,734.825,235.810,590.396
532.743,969.877,509.691,799.590,245.624,735.202,234.299,590.986
532.732,969.690,509.702,799.892,245.736,734.900,233.955,590.671
532.754,969.644,509.771,799.980,245.905,734.909,233.864,590.593
532.596,969.737,509.484,800.137,245.847,734.926,234.066,590.838
532.703,969.697,509.642,800.197,245.756,734.944,234.138,591.116
532.746,969.674,509.721,799.857,245.865,735.262,234.590,591.100
532.706,969.633,509.735,800.003,245.831,735.122,234.413,591.327
532.621,969.725,509.606,800.189,245.776,734.833,234.037,591.174
532.627,969.690,509.668,799.787,245.838,734.644,234.092,591.135
532.476,969.505,509.639,799.902,245.953,735.070,233.833,591.189
532.520,969.565,509.641,800.041,245.668,734.991,233.668,591.276
532.675,969.673,509.702,799.622,245.780,734.955,233.249,591.072
532.745,969.756,509.744,799.666,245.837,734.842,233.613,591.208
532.519,969.579,509.715,799.979,245.954,735.151,233.629,590.859
532.392,969.352,509.745,799.921,245.855,735.031,234.028,590.660
532.545,969.504,509.725,800.071,245.869,734.816,234.011,590.982
532.624,969.582,509.601,799.837,246.349,736.180,233.557,591.051
532.608,969.739,509.641,799.882,246.412,735.925,233.880,590.791
532.527,969.570,509.772,799.724,246.049,736.022,234.070,590.796
532.637,969.595,509.742,799.699,246.322,736.312,233.677,590.895
532.987,969.948,509.613,799.767,246.293,735.799,233.741,590.803
532.798,969.685,509.603,799.885,246.444,735.774,233.980,590.725
532.746,969.796,509.516,800.384,246.320,736.305,234.155,591.021
532.701,969.794,509.500,800.327,246.411,736.220,233.911,590.818
532.684,969.537,509.451,800.393,246.340,735.980,234.184,590.634
532.811,969.733,509.523,800.311,246.455,736.319,234.148,590.791
532.829,969.925,509.748,799.672,246.280,735.913,234.106,590.969
532.729,969.821,509.850,799.614,246.387,735.766,234.198,590.877
532.590,969.614,509.666,799.596,246.303,736.173,234.168,590.918
532.854,970.009,509.770,799.895,246.380,736.220,234.063,590.937
532.851,969.918,509.756,799.914,246.290,736.437,233.908,591.189
532.752,969.835,509.569,800.288,246.363,736.630,234.038,590.975
532.786,969.864,509.654,800.143,246.166,736.993,234.315,590.968
532.683,969.792,509.743,799.806,246.224,735.831,233.944,591.222
532.766,969.834,509.554,799.972,246.275,735.984,234.196,590.929
532.443,969.682,509.467,799.982,246.149,735.959,234.481,590.764
532.588,969.793,509.643,800.067,246.250,735.245,234.766,590.900
532.692,969.917,509.799,799.833,246.305,736.027,234.058,591.340
532.565,969.871,509.749,799.946,246.352,735.630,234.013,590.950
532.843,969.776,509.625,799.934,246.341,735.688,233.784,591.049
532.637,969.750,509.566,800.033,246.336,736.584,234.004,591.192
532.667,969.703,509.755,799.912,246.218,736.628,233.970,590.739
532.595,969.632,509.580,799.841,246.338,736.116,234.024,590.844
532.812,969.692,509.650,799.956,246.403,736.280,233.964,590.512
532.818,969.737,509.718,799.778,246.510,736.117,233.644,590.577
532.668,969.685,509.743,799.883,246.288,736.132,233.731,590.642
532.943,969.858,509.705,799.970,246.391,736.161,233.950,590.525
532.900,969.662,509.549,799.912,246.366,736.572,234.204,590.859
532.686,969.654,509.547,800.093,245.964,734.999,234.168,590.859
532.723,969.708,509.578,800.094,246.105,737.242,234.094,590.369
532.613,969.560,509.677,800.162,246.459,736.444,235.139,591.212
532.748,969.644,509.604,800.117,246.296,736.611,237.335,593.993
532.733,969.757,509.557,800.019,246.260,736.744,236.325,591.126
532.843,969.889,509.652,800.146,246.517,737.031,233.976,589.766
533.047,969.795,509.730,800.009,246.254,736.778,234.226,590.037
532.941,969.881,509.769,799.907,246.391,736.092,234.571,589.501
533.000,969.912,509.820,799.930,246.313,736.614,234.704,589.403
532.779,969.721,509.581,800.147,246.306,736.643,233.992,589.569
532.789,969.702,509.569,800.042,246.442,736.464,234.036,589.579
532.715,969.741,509.756,799.760,246.598,735.982,234.582,589.492
532.520,969.559,509.633,799.820,246.568,735.590,234.832,589.015
532.668,969.677,509.674,799.728,246.545,736.050,234.954,588.975
532.905,969.805,509.614,799.938,246.430,736.122,234.518,589.071
532.647,969.656,509.631,800.145,246.254,736.592,234.423,589.171
532.603,969.617,509.712,799.947,246.097,736.341,234.451,589.023
532.605,969.607,509.681,800.283,246.633,736.107,234.801,589.418
532.754,969.575,509.649,800.087,246.387,735.633,234.704,589.220
532.525,969.545,509.479,800.646,246.435,736.418,234.030,590.227
532.655,969.560,509.605,800.265,246.472,736.063,233.510,588.764
532.587,969.260,509.648,800.070,246.534,735.893,233.449,588.916
532.642,969.485,509.714,799.856,246.551,735.942,233.053,588.769
532.879,969.727,509.822,799.896,246.465,736.080,233.084,588.307
532.663,969.648,509.592,799.942,246.386,736.149,233.320,588.541
532.590,969.589,509.536,799.911,246.491,735.969,233.283,588.790
532.711,969.922,509.678,799.903,246.463,736.860,233.886,588.819
532.628,969.798,509.601,799.813,246.441,736.878,233.920,588.982
532.766,969.586,509.607,799.892,246.428,736.171,234.334,589.263
532.695,969.575,509.572,800.024,246.640,736.456,234.209,589.130
532.413,969.480,509.784,799.799,246.524,736.632,234.178,589.173
532.652,969.698,509.705,799.812,246.500,736.321,234.310,588.860
532.683,969.591,509.760,799.587,246.241,736.351,234.353,589.299
532.607,969.669,509.582,800.128,246.313,735.940,234.159,589.536
532.536,969.539,509.561,799.882,246.337,735.847,233.786,589.238
532.563,969.618,509.696,800.117,246.445,736.002,234.130,590.549
532.586,969.611,509.615,800.076,246.515,736.069,233.764,589.927
532.822,969.706,509.454,800.235,246.172,734.590,233.133,590.062
532.694,969.654,509.267,800.631,246.671,735.724,233.353,590.404
532.599,969.611,509.527,800.138,246.287,736.158,233.780,591.450
532.643,969.712,509.347,800.495,246.441,736.670,234.099,592.119
532.817,969.836,509.507,800.100,246.546,735.972,233.719,591.608
532.934,969.942,509.526,799.963,246.436,736.225,233.762,591.599
532.678,969.802,509.640,799.651,246.444,736.219,234.092,592.031
532.939,969.833,509.624,799.463,246.467,735.934,233.932,592.427
532.637,969.678,509.693,799.628,246.601,735.959,234.154,592.473
532.566,969.661,509.799,799.556,246.270,735.984,234.512,592.569
532.585,969.625,509.735,799.568,246.295,736.356,234.298,592.646
532.639,969.666,509.770,799.781,246.461,736.722,234.684,593.129
532.572,969.623,509.738,799.718,246.463,736.944,234.486,592.807
532.436,969.549,509.709,799.863,246.328,736.254,234.566,593.408
532.461,969.547,509.746,799.531,246.420,736.045,234.352,593.465
532.737,969.571,509.822,799.658,246.444,736.178,234.558,593.237
532.622,969.559,509.836,799.601,246.344,736.106,234.654,593.424
532.684,969.516,509.882,799.529,246.290,736.836,235.049,592.620
532.760,969.368,509.841,799.459,246.475,736.904,235.520,592.283
532.681,969.651,509.701,799.401,246.451,736.755,235.628,593.366
532.676,969.648,509.731,799.489,246.168,735.032,235.547,593.530
532.670,969.652,509.705,799.354,246.505,736.650,235.966,593.220
532.460,969.592,509.636,799.947,246.405,736.068,236.054,593.229
532.415,969.652,509.528,799.888,245.949,734.665,236.138,593.648
532.614,969.612,509.499,799.796,246.556,736.112,236.937,594.301
532.580,969.555,509.613,799.800,246.573,736.184,236.531,594.153
532.680,969.658,509.674,799.335,246.566,736.231,236.313,593.102
532.702,969.595,509.605,799.510,246.503,736.376,236.383,592.832
532.800,969.647,509.586,799.734,246.428,736.886,237.432,592.874
532.782,969.616,509.583,799.753,246.515,736.279,237.509,592.869
532.601,969.397,509.709,799.760,246.442,736.634,237.794,592.272
532.774,969.544,509.711,799.859,246.424,736.590,237.757,592.154
532.846,969.613,509.866,799.217,246.427,736.482,237.614,591.532
532.654,969.378,509.756,799.745,246.369,737.157,237.575,591.388
532.764,969.617,509.743,800.005,246.425,736.702,236.994,590.861
532.934,969.818,509.726,799.676,246.460,736.669,236.826,590.712
532.892,969.709,509.726,799.837,246.363,736.685,236.873,590.780
532.764,969.409,509.678,800.158,246.433,736.439,236.865,590.636
532.656,969.468,509.735,799.938,246.037,735.166,236.503,590.628
532.961,969.755,509.868,799.812,246.460,736.471,236.515,590.480
533.058,969.937,509.787,799.754,246.067,734.910,236.624,590.463
532.869,969.740,509.900,799.645,246.022,734.781,236.888,590.466
532.841,969.753,509.721,799.926,246.026,734.322,236.902,590.714
532.734,969.672,509.833,799.550,246.121,734.778,236.302,589.936
532.792,969.583,509.919,799.616,246.069,734.967,235.650,590.913
532.880,969.688,509.746,800.114,245.979,735.133,235.083,590.884
532.790,969.621,509.611,800.200,246.371,736.495,235.140,590.571
532.714,969.621,509.517,800.306,246.404,736.006,235.165,591.254
532.662,969.696,509.691,799.901,246.371,736.460,235.576,591.150
532.724,969.784,509.654,800.051,246.413,735.824,235.739,590.955
532.484,969.604,509.665,799.601,246.457,735.905,235.310,591.498
532.531,969.669,509.751,799.487,246.459,735.903,235.720,591.505
532.536,969.558,509.733,799.664,246.452,736.578,235.887,591.537
532.653,969.616,509.886,799.705,246.389,735.673,235.749,591.751
532.762,969.759,509.669,800.219,246.379,736.183,236.072,591.096
532.709,969.614,509.766,799.682,246.290,736.441,236.707,591.918
532.658,969.617,509.650,799.853,246.481,736.502,236.350,591.319
532.710,969.620,509.551,799.857,246.450,737.043,237.083,591.958
532.596,969.632,509.702,799.979,246.153,736.099,237.476,592.660
532.698,969.685,509.515,800.396,246.363,735.945,237.491,592.980
532.632,969.594,509.630,799.959,246.390,736.117,237.040,593.201
532.537,969.459,509.751,799.953,246.320,736.508,236.207,593.211
532.601,969.541,509.745,799.781,246.373,736.278,236.046,592.719
532.775,969.658,509.564,800.055,246.496,735.835,236.075,592.478
532.576,969.513,509.682,800.063,246.424,735.819,236.187,592.576
532.541,969.563,509.605,800.119,246.407,736.548,236.272,592.191
532.626,969.613,509.517,800.366,246.443,736.449,236.511,592.315
532.641,969.604,509.680,799.851,246.429,736.339,236.585,592.899
532.632,969.615,509.715,799.820,246.463,736.104,236.960,593.101
532.785,969.842,509.678,799.704,246.163,736.840,237.359,593.603
532.711,969.998,509.765,799.662,246.329,736.418,237.792,593.625
532.552,969.708,509.640,800.040,246.471,735.892,237.562,593.875
532.676,969.777,509.663,799.940,246.537,735.928,237.464,593.895
532.849,969.687,509.734,799.833,246.410,735.817,237.716,593.968
532.871,969.671,509.735,799.724,246.433,735.456,237.502,594.089
532.764,969.630,509.705,799.673,246.375,735.892,237.530,594.060
532.706,969.825,509.678,800.171,246.315,736.222,237.475,594.108
532.864,970.042,509.657,799.950,246.377,736.461,237.199,594.107
532.672,969.610,509.635,799.811,246.523,736.395,237.518,594.262
532.713,969.808,509.738,799.828,246.420,735.836,237.249,593.822
532.544,969.581,509.689,799.737,246.396,735.533,237.280,594.284
532.635,969.706,509.730,799.838,246.334,735.634,237.141,594.112
532.699,969.885,509.774,799.769,246.422,735.784,236.885,593.940
532.634,969.672,509.882,799.515,246.471,736.194,236.922,593.699
532.678,969.664,509.732,799.713,246.283,735.921,236.776,593.743
532.793,969.802,509.674,799.700,246.392,736.632,236.716,594.128
532.823,969.849,509.674,799.740,246.369,736.395,236.386,593.903
532.823,969.915,509.787,799.427,246.344,736.839,236.526,593.887
532.886,969.976,509.760,799.547,246.519,736.255,236.736,593.388
532.778,969.674,509.771,799.771,246.342,736.353,236.583,593.480
532.784,969.675,509.673,799.885,246.363,736.630,236.737,593.350
532.583,969.548,509.768,799.585,246.172,736.322,236.844,593.786
532.543,969.570,509.503,800.012,246.310,736.270,236.847,593.382
532.766,969.601,509.745,799.414,246.382,735.783,236.523,593.482
532.748,969.759,509.795,799.653,246.421,736.189,236.557,593.131
532.502,969.606,509.750,799.702,246.288,735.862,235.853,593.705
532.822,969.857,509.743,799.792,246.376,735.569,235.863,593.633
532.686,969.563,509.734,799.857,246.335,736.239,235.912,593.556
532.978,969.843,509.747,799.642,246.476,735.756,236.343,593.090
532.713,969.699,509.673,799.766,246.307,736.084,236.945,593.400
532.653,969.729,509.684,799.739,246.275,735.837,236.849,593.357
532.575,969.665,509.644,799.846,246.318,735.703,236.749,594.023
532.704,969.739,509.804,799.910,246.265,736.077,236.789,594.146
532.614,969.693,509.769,799.825,246.416,735.618,236.356,593.797
532.925,969.702,509.780,799.549,246.430,735.866,237.137,593.490
532.816,969.667,509.841,799.487,246.541,735.792,237.296,593.218
532.716,969.564,509.748,799.433,246.567,735.745,237.032,593.164
532.687,969.672,509.734,799.383,246.448,736.223,237.375,593.212
532.684,969.673,509.814,799.860,246.308,736.282,237.033,592.686
532.560,969.513,509.645,799.845,246.249,735.937,236.991,593.157
532.668,969.525,509.782,799.557,246.473,735.960,236.716,593.155
532.504,969.479,509.799,799.972,246.195,736.670,236.997,593.199
532.590,969.557,509.769,799.692,246.358,736.405,236.556,592.472
532.662,969.574,509.680,799.585,246.430,736.394,236.743,593.036
532.795,969.608,509.476,799.843,246.280,736.510,237.197,593.542
532.714,969.738,509.563,799.866,246.467,735.542,237.403,593.940
532.958,969.851,509.776,799.311,246.158,735.757,237.516,593.880
532.828,969.725,509.765,799.615,246.124,735.864,237.993,594.371
532.831,969.745,509.743,799.821,246.372,735.460,237.910,594.008
532.781,969.728,509.627,799.717,246.444,735.850,238.065,593.960
532.909,969.962,509.663,799.881,246.436,735.611,238.377,594.254
532.842,970.056,509.762,799.516,246.165,736.461,238.219,594.018
532.845,969.978,509.607,800.001,246.101,736.229,238.508,594.132
532.649,969.825,509.675,799.657,246.356,736.401,238.062,594.096
532.748,969.730,509.619,800.052,246.283,736.189,238.176,593.989
532.818,969.685,509.610,800.012,246.213,736.672,238.227,594.070
532.886,969.562,509.665,799.817,246.267,736.848,238.263,594.029
532.930,969.577,509.579,799.670,246.302,736.517,237.962,593.905
532.650,969.568,509.717,799.402,246.374,736.967,238.136,593.683
532.848,969.667,509.803,799.441,246.323,736.335,238.348,593.460
532.639,969.519,509.808,799.584,246.407,736.567,238.098,593.952
532.676,969.574,509.820,799.644,246.427,736.558,238.469,594.963
532.701,969.600,509.672,799.563,246.445,736.094,238.829,595.907
532.682,969.533,509.622,799.526,246.492,735.746,239.173,596.024
532.630,969.664,509.932,799.696,246.470,735.145,238.965,595.811
533.014,969.735,509.881,799.607,246.556,735.534,238.773,595.669
532.744,969.706,509.899,799.267,246.535,735.494,238.988,595.477
532.866,969.911,509.777,799.543,246.451,736.057,238.830,595.483
532.667,969.680,509.833,799.462,246.241,735.704,238.600,595.127
532.689,969.796,509.786,799.390,246.474,735.526,239.829,596.005
532.685,969.849,509.709,799.584,246.469,735.616,240.082,596.098
532.768,969.765,509.548,799.952,246.481,735.642,238.989,594.581
532.638,969.347,509.616,799.836,246.529,735.882,239.602,594.882
532.479,969.258,509.697,799.584,246.432,735.811,240.395,596.054
532.300,969.192,509.681,799.882,246.373,735.886,240.623,595.809
532.493,969.375,509.658,799.562,246.296,735.766,240.638,595.477
532.589,969.460,509.553,799.916,246.485,736.144,240.579,595.435
532.396,969.310,509.852,799.707,246.422,736.466,240.280,595.286
532.310,969.222,509.750,799.773,246.391,736.362,240.492,595.441
532.399,969.256,509.771,799.785,246.598,736.147,240.449,595.398
532.335,969.371,509.690,799.788,246.436,736.106,240.233,595.411
532.415,969.396,509.691,799.662,246.099,734.244,240.205,595.535
532.407,969.525,509.685,799.900,245.916,734.338,240.386,595.700
532.512,969.395,509.728,799.887,245.873,734.084,240.330,595.730
532.436,969.390,509.685,799.823,246.490,736.050,240.146,595.655
532.486,969.372,509.717,799.823,246.049,734.717,240.404,595.685
532.422,969.309,509.632,800.024,246.574,736.505,240.306,595.927
532.282,969.338,509.631,799.808,246.039,735.252,240.296,595.869
532.463,969.383,509.721,799.645,246.467,735.708,240.652,595.863
532.368,969.342,509.819,799.624,246.447,735.634,240.591,595.810
532.507,969.812,509.709,799.707,246.647,735.140,240.611,595.907
532.350,969.485,509.753,799.806,246.395,735.425,240.643,595.844
532.486,969.511,509.678,799.667,246.454,735.501,240.395,595.933
532.411,969.596,509.647,799.965,246.508,735.448,240.320,595.853
532.316,969.562,509.721,799.900,246.252,733.896,240.332,595.766
532.418,969.600,509.944,799.184,246.519,735.747,240.513,595.997
532.329,969.534,509.895,799.439,246.636,735.922,241.004,596.102
532.348,969.436,509.710,799.921,246.353,735.434,241.114,596.245
532.247,969.419,509.648,800.047,246.396,735.450,241.600,596.326
532.233,969.454,509.701,799.686,246.499,735.421,241.247,596.323
532.336,969.521,509.661,799.776,246.513,735.332,241.301,595.934
532.488,969.469,509.834,799.376,246.534,735.751,241.473,595.720
532.546,969.536,509.800,799.921,246.461,735.429,241.611,596.493
532.370,969.607,509.888,799.928,246.542,735.870,241.068,596.157
532.308,969.449,509.953,799.632,246.387,735.529,240.631,596.115
532.402,969.599,509.672,799.871,246.330,735.767,240.430,595.960
532.259,969.455,509.649,799.873,246.378,735.947,240.503,595.923
532.511,969.510,509.619,799.713,246.393,735.978,240.421,595.786
532.303,969.493,509.683,799.963,246.458,735.932,240.185,595.961
532.391,969.482,509.660,799.870,246.401,735.550,240.265,595.642
532.357,969.511,509.766,799.801,246.410,735.428,240.494,595.508
532.386,969.496,509.708,799.934,246.445,735.708,240.294,595.516
532.267,969.473,509.651,800.206,246.421,735.842,240.125,595.310
532.256,969.486,509.681,799.997,246.307,734.574,240.341,595.321
532.345,969.583,509.733,799.996,246.461,735.622,240.252,595.411
532.336,969.729,509.670,799.816,246.446,735.709,240.358,595.773
532.331,969.690,509.836,799.660,246.363,736.262,240.156,595.629
532.260,969.573,509.875,799.693,246.429,736.078,240.658,595.831
532.319,969.500,509.821,799.605,246.388,735.655,240.569,595.679
532.295,969.404,509.694,799.663,246.439,735.797,240.615,596.120
532.412,969.456,509.699,799.843,246.421,735.695,240.168,595.630
532.394,969.596,509.816,799.542,246.223,736.078,240.448,595.696
532.386,969.597,509.843,799.706,246.288,735.886,240.051,595.321
532.193,969.421,509.615,800.145,246.522,736.096,239.976,595.056
532.359,969.463,509.821,799.841,246.127,734.589,239.971,594.948
532.299,969.445,509.893,799.697,246.587,735.676,240.010,594.775
532.311,969.587,509.878,799.561,246.635,735.546,240.167,595.139
532.419,969.505,509.976,799.182,246.497,735.795,240.105,595.376
532.364,969.293,510.005,799.112,246.436,735.893,240.122,595.282
532.442,969.408,509.930,799.495,246.455,735.941,240.591,595.778
532.555,969.413,510.006,799.367,246.569,735.395,240.182,595.477
532.304,969.379,509.839,799.721,246.722,735.597,239.776,595.131
532.400,969.454,509.822,799.682,246.454,735.747,239.729,595.048
532.350,969.379,509.799,799.653,246.416,735.659,239.618,595.245
532.354,969.448,509.775,799.794,246.352,736.131,240.041,595.297
532.406,969.428,509.796,799.516,246.355,736.499,239.923,595.329
532.363,969.565,509.774,799.849,246.289,736.190,239.762,595.483
532.339,969.455,509.770,799.808,246.403,735.742,239.761,595.420
532.364,969.519,509.822,799.551,246.350,735.635,239.406,595.189
532.214,969.436,509.833,799.730,246.310,736.132,239.509,595.270
532.336,969.472,509.779,799.753,246.089,734.313,239.755,595.600
532.151,969.489,509.805,799.776,246.441,735.948,239.716,595.390
532.142,969.305,509.657,800.092,246.511,735.656,239.512,595.141
532.153,969.323,509.764,799.631,246.570,735.839,240.201,595.868
532.318,969.438,509.752,799.768,246.423,736.432,240.309,595.808
532.325,969.531,509.635,800.038,246.453,736.556,240.056,595.738
532.383,969.551,509.734,799.949,246.313,736.731,239.896,595.844
532.172,969.435,509.661,800.122,246.377,736.054,239.756,595.659
532.254,969.412,509.700,800.096,246.313,736.137,240.277,595.853
532.393,969.540,509.801,799.644,246.452,736.190,239.804,595.244
532.295,969.523,509.828,799.794,246.431,736.782,239.452,595.129
532.322,969.419,509.680,799.934,246.463,735.859,239.837,595.326
532.456,969.521,509.751,799.851,246.448,735.721,239.695,595.466
532.334,969.519,509.773,799.764,246.410,736.016,240.359,595.835
532.381,969.485,509.598,800.048,246.327,736.652,240.115,595.815
532.520,969.597,509.768,799.751,246.483,736.737,240.183,595.776
532.540,969.616,509.620,799.996,246.346,736.701,240.258,595.961
532.471,969.351,509.766,799.762,246.467,736.202,240.045,596.052
532.385,969.558,509.679,800.196,246.442,735.895,240.328,595.954
532.404,969.406,509.915,799.425,246.375,736.122,240.193,595.870
532.295,969.513,509.837,799.494,246.315,735.837,239.884,595.908
532.186,969.437,509.868,799.343,246.348,735.891,239.997,595.827
532.506,969.539,509.841,799.697,246.232,736.162,239.784,595.409
532.489,969.455,509.844,799.760,246.291,735.890,240.063,595.560
532.323,969.281,509.684,799.919,246.340,735.707,239.898,595.664
532.394,969.456,509.719,799.758,246.236,735.849,240.066,595.650
532.528,969.646,509.704,799.614,246.233,734.488,240.478,595.728
532.403,969.522,509.734,799.680,246.570,735.550,240.356,595.624
532.334,969.470,509.670,799.758,246.420,736.223,239.874,595.447
532.427,969.327,509.648,799.978,246.037,734.912,239.845,595.463
532.436,969.606,509.874,799.597,246.407,736.370,240.348,595.598
532.634,969.729,509.764,799.723,246.483,735.742,240.204,595.738
532.556,969.648,509.745,800.012,246.393,735.925,239.947,595.758
532.452,969.563,509.754,799.853,246.484,736.152,240.021,595.730
532.766,969.679,509.698,800.024,246.479,736.102,239.903,595.717
532.478,969.541,509.697,800.174,246.296,736.187,240.184,595.820
532.618,969.629,509.687,800.223,246.414,736.360,240.270,596.053
532.488,969.465,509.771,800.190,246.448,735.633,240.174,595.997
532.608,969.566,509.729,800.237,246.543,735.719,239.901,595.678
532.470,969.671,509.618,800.166,246.793,735.739,239.854,595.446
532.637,969.725,509.593,800.305,246.530,735.777,240.026,595.482
532.381,969.748,509.790,799.870,246.443,735.470,240.695,596.291
532.330,969.722,509.697,800.250,246.437,735.670,240.692,596.115
532.298,969.413,509.651,799.827,246.503,736.201,240.908,596.422
532.465,969.530,509.699,799.918,246.428,736.439,240.712,596.314
532.504,969.563,509.688,799.829,246.429,736.282,240.587,596.032
532.530,969.482,509.659,800.222,246.519,735.992,239.966,595.448
532.416,969.465,509.638,800.301,246.542,736.021,239.443,595.331
532.427,969.433,509.797,799.877,246.352,736.131,239.547,595.514
532.475,969.517,509.689,800.031,246.358,735.550,239.926,595.912
532.498,969.660,509.781,799.589,246.293,735.956,240.361,596.060
532.363,969.434,509.734,799.720,246.342,735.873,239.715,595.684
532.282,969.515,509.610,799.945,246.403,735.578,239.357,595.511
532.329,969.379,509.665,799.980,246.696,736.364,239.384,595.558
532.444,969.560,509.884,799.656,246.557,735.510,239.744,595.729
532.372,969.540,509.831,799.798,246.514,735.421,239.642,595.543
532.339,969.434,509.816,799.882,246.459,735.614,239.458,595.291
532.658,969.704,509.715,799.817,246.447,735.581,239.519,595.193
532.571,969.614,509.803,799.914,246.343,735.987,239.821,595.615
532.451,969.610,509.667,800.214,246.418,736.023,239.979,595.786
532.562,969.600,509.837,799.707,246.471,735.788,239.804,595.840
532.543,969.563,509.861,799.841,246.490,735.886,239.813,595.663
532.440,969.599,509.850,799.699,246.330,736.421,239.827,595.606
532.621,969.683,509.737,799.690,246.267,736.074,239.865,595.565
532.504,969.603,509.798,799.787,246.287,735.695,239.993,595.545
532.312,969.469,509.812,799.795,246.679,735.409,239.881,595.552
532.390,969.587,509.727,799.922,246.706,735.158,239.730,595.353
532.403,969.553,509.782,799.912,246.537,735.829,239.684,595.580
532.364,969.482,509.858,799.600,246.506,735.692,239.959,596.007
532.568,969.600,509.638,800.051,246.574,735.480,239.991,596.242
532.280,969.271,509.772,799.898,246.543,735.286,239.959,595.743
532.571,969.663,509.711,799.820,246.588,736.125,239.996,595.848
532.636,969.614,509.697,799.743,246.515,735.784,240.102,595.853
532.517,969.419,509.643,799.815,246.565,735.562,239.930,595.756
532.410,969.525,509.850,799.708,245.867,733.821,239.899,595.776
532.683,969.644,509.884,799.493,246.115,733.983,240.187,595.974
532.559,969.734,510.020,799.496,246.478,735.425,240.028,595.832
532.531,969.536,509.899,799.584,246.372,735.025,239.827,595.516
532.429,969.741,509.770,799.754,246.408,735.614,239.880,595.535
532.434,969.608,509.714,799.882,246.475,735.521,240.278,595.862
532.412,969.512,509.975,799.483,246.508,735.215,240.738,596.865
532.463,969.866,510.084,799.351,246.495,735.096,241.213,597.066
532.523,969.658,509.656,799.811,246.455,735.980,241.037,596.683
532.423,969.658,509.913,799.518,246.409,735.340,240.847,595.917
532.638,969.633,509.932,799.538,245.995,734.898,240.912,596.255
532.675,969.698,509.726,799.931,246.495,735.239,242.975,596.541
532.562,969.727,509.746,800.103,246.475,735.384,244.410,592.875
532.564,969.538,509.817,799.503,246.302,736.071,241.389,592.683
532.534,969.763,509.794,799.442,246.146,735.812,242.206,591.752
532.334,969.546,509.650,800.167,246.267,735.842,242.800,590.054
532.553,969.628,509.828,799.878,246.213,736.031,242.367,589.863
532.323,969.605,509.754,799.746,246.403,736.156,241.866,590.359
532.364,969.622,509.735,800.107,246.159,736.057,242.298,589.939
532.459,969.622,509.719,799.755,246.575,736.353,242.338,590.095
532.472,969.733,509.762,799.614,246.415,735.765,241.849,589.800
532.611,969.939,509.702,799.554,246.305,735.760,241.645,589.594
532.425,969.879,509.723,799.600,246.380,735.504,241.933,589.800
532.686,969.716,509.747,799.830,246.637,735.221,241.758,590.061
532.382,969.667,509.689,799.998,246.429,735.930,242.025,589.584
532.474,969.672,509.658,799.899,246.510,735.892,242.009,589.680
532.483,969.727,509.648,800.007,246.539,735.614,241.153,589.863
532.584,969.814,509.684,799.883,246.554,735.494,241.155,589.611
532.475,969.781,509.677,799.940,246.734,735.118,240.886,589.585
532.405,969.763,509.740,799.815,246.677,735.100,241.069,589.742
532.752,969.903,509.736,799.638,246.307,735.737,240.745,590.345
532.823,969.939,509.754,799.817,246.279,735.683,241.103,590.883
532.540,969.575,509.682,799.817,246.422,735.721,241.180,590.716
532.581,969.612,509.637,799.993,246.462,735.535,240.972,591.756
532.759,969.869,509.818,799.582,246.694,735.375,240.683,591.574
532.553,969.798,509.672,799.748,246.545,736.213,240.373,591.111
532.767,970.030,509.715,800.029,246.753,735.373,240.139,590.978
532.752,969.939,509.690,799.811,246.354,735.722,240.513,591.106
532.602,969.773,509.773,799.602,246.324,736.056,240.563,591.363
532.649,969.809,509.785,799.524,246.528,735.685,240.949,591.244
532.683,969.888,509.880,799.589,246.823,735.183,240.699,591.301
532.559,969.741,509.724,799.718,246.415,735.544,239.822,591.424
532.654,969.666,509.753,799.739,246.458,735.784,239.870,591.470
532.597,969.633,509.686,799.933,246.509,735.678,239.938,591.707
532.409,969.547,509.813,799.734,246.493,735.723,240.058,591.805
532.540,969.707,509.686,799.821,246.553,735.834,240.024,591.943
532.412,969.553,509.661,799.977,246.472,736.271,239.796,591.832
532.399,969.505,509.630,800.001,246.389,735.836,239.894,591.929
532.523,969.541,509.630,800.232,246.639,735.551,239.993,592.073
532.709,969.674,509.714,799.911,246.517,736.346,240.080,592.219
532.574,969.575,509.733,799.944,246.394,736.218,239.718,592.266
532.606,969.629,509.820,799.879,246.442,735.978,239.935,591.883
532.482,969.787,509.702,800.195,246.407,736.117,240.000,591.920
532.386,969.822,509.816,799.769,246.293,735.884,239.691,592.071
532.486,969.668,509.771,800.000,246.298,735.838,239.619,591.802
532.583,969.888,509.776,799.904,246.292,735.877,239.785,592.070
532.347,969.545,509.758,799.852,246.752,735.661,239.681,591.802
532.567,969.684,509.831,799.912,246.729,735.878,239.303,591.907
532.420,969.659,509.644,799.957,246.683,736.116,239.009,591.768
532.238,969.575,509.705,799.998,246.685,736.052,238.920,591.757
532.406,969.881,509.614,800.023,246.547,735.542,238.852,591.821
532.564,969.697,509.678,800.026,246.454,736.124,238.383,591.651
532.681,969.822,509.875,799.907,246.402,735.785,238.477,591.737
532.384,969.395,509.746,799.827,246.519,736.089,238.912,591.618
532.510,969.438,509.750,799.817,246.361,735.961,239.132,591.644
532.578,969.665,509.774,799.811,246.240,736.099,239.019,591.820
532.476,969.642,509.704,799.914,246.252,735.855,238.893,591.744
532.566,969.556,509.940,799.525,246.458,735.902,239.412,591.803
532.483,969.518,509.911,799.449,246.556,735.899,239.140,591.632
532.209,969.369,509.802,799.903,246.420,735.906,238.912,591.612
532.450,969.506,509.836,799.714,246.440,735.784,239.210,591.644
532.514,969.750,509.658,799.887,246.407,736.454,239.401,591.764
532.569,969.615,509.722,799.552,246.461,735.748,239.332,591.706
532.487,969.776,509.811,799.678,246.198,735.783,238.786,591.625
532.536,969.694,509.548,799.879,246.255,735.848,239.220,591.677
532.590,969.656,509.723,799.874,246.158,736.362,238.998,591.403
532.510,969.669,509.704,799.866,246.433,736.218,238.956,591.518
532.601,969.682,509.720,799.956,246.190,736.209,239.540,591.581
532.530,969.729,509.624,800.066,246.264,736.019,239.385,591.275
532.649,969.857,509.711,799.774,246.337,735.864,239.016,591.348
532.617,969.704,509.599,800.221,246.000,734.789,239.368,591.181
532.545,969.641,509.512,800.312,245.950,734.519,239.433,591.207
532.562,969.615,509.746,799.750,246.256,735.937,239.543,591.725
532.608,969.721,509.744,799.877,246.307,736.060,239.531,591.582
532.421,969.751,509.810,799.867,246.396,735.919,239.630,591.515
532.612,969.767,509.736,799.919,246.318,735.862,239.960,591.545
532.697,969.753,509.565,800.399,246.356,735.828,239.068,591.338
532.500,969.636,509.771,799.649,246.456,735.899,239.318,591.156
532.747,969.877,509.841,799.718,246.344,735.990,239.645,591.540
532.472,969.593,509.809,799.806,246.551,735.688,239.246,591.439
532.557,969.885,509.910,799.443,246.501,736.340,238.973,591.314
532.305,969.622,509.681,799.879,246.428,736.088,239.951,591.400
532.285,969.528,509.678,799.825,246.491,736.028,239.959,591.330
532.330,969.598,509.578,799.942,246.581,735.580,238.911,591.185
532.547,969.708,509.640,799.929,246.476,735.950,239.820,591.654
532.306,969.524,509.715,799.849,246.601,736.017,240.090,591.532
532.296,969.614,509.721,799.917,246.221,735.329,240.247,591.476
532.397,969.560,509.766,799.741,246.560,735.469,239.114,591.144
532.274,969.278,509.780,799.870,246.592,735.308,240.221,591.428
532.396,969.672,509.828,799.599,246.470,735.812,239.485,591.808
532.077,969.555,509.621,800.038,246.527,735.904,239.429,591.712
532.332,969.690,509.712,799.884,246.544,735.455,239.453,591.443
532.111,969.515,509.808,799.555,246.562,735.426,239.478,591.465
532.087,969.456,509.816,799.668,246.492,735.970,239.098,591.129
532.321,969.504,509.714,799.862,246.490,735.776,239.306,591.316
532.116,969.510,509.846,799.657,246.322,735.964,239.358,591.225
532.126,969.861,509.758,799.919,246.507,735.688,239.007,591.128
532.194,970.220,509.825,799.865,246.404,735.918,239.120,591.256
532.285,970.231,509.678,800.090,246.532,736.642,238.692,591.103
532.288,970.155,509.745,800.227,246.593,736.415,238.784,591.200
532.331,970.062,509.546,800.034,246.541,736.326,239.480,591.533
532.379,969.951,509.746,799.908,246.520,736.164,239.247,591.386
532.258,969.967,509.607,800.300,246.571,736.274,238.772,591.234
532.180,969.846,509.707,800.135,246.364,736.758,239.446,591.241
532.443,969.849,509.935,799.756,246.468,736.010,239.567,591.426
532.346,969.712,509.703,800.032,246.525,736.018,239.630,591.106
532.417,969.861,509.752,799.952,246.503,735.871,239.868,591.592
532.458,969.722,509.643,800.173,246.572,736.049,239.767,591.696
532.328,969.784,509.718,800.141,246.614,735.764,239.502,591.186
532.250,969.471,509.669,800.071,246.624,735.918,239.299,590.957
532.514,969.654,509.679,800.113,246.630,735.917,239.456,591.311
532.461,969.654,509.705,800.266,246.496,735.911,238.986,591.193
532.426,969.698,509.575,800.490,246.506,736.012,239.225,591.087
532.415,969.634,509.747,800.021,246.397,736.152,239.534,590.983
532.345,970.002,509.779,799.965,246.347,736.053,239.361,590.936
532.402,969.801,509.810,799.779,246.511,736.192,238.935,591.091
532.331,969.671,509.659,800.349,246.458,736.343,239.205,590.936
532.345,969.608,509.729,800.321,246.427,736.227,239.261,591.250
532.376,969.671,509.683,800.198,246.270,736.235,239.438,590.926
532.515,969.648,509.706,799.900,246.236,736.133,239.110,590.828
532.513,969.770,509.759,799.755,246.462,736.090,239.195,590.755
532.592,969.735,509.681,800.236,246.392,735.885,239.103,590.830
532.597,969.785,509.656,800.007,246.297,736.764,239.461,590.997
532.466,969.779,509.664,800.019,246.599,736.381,239.670,590.740
532.593,969.834,509.757,799.813,246.419,736.223,239.781,590.882
532.545,969.780,509.899,799.602,246.555,735.868,239.724,591.078
532.537,969.785,509.701,800.104,246.324,735.676,239.638,590.860
532.600,969.791,509.662,799.967,246.461,735.908,239.668,590.837
532.394,969.690,509.774,799.787,246.324,736.039,239.966,590.903
532.631,969.921,509.738,799.974,246.553,736.129,240.619,591.168
532.472,969.787,509.704,799.924,246.185,736.525,240.805,590.815
532.156,969.408,509.904,799.469,246.420,735.618,241.566,590.801
532.093,969.350,509.777,799.646,246.460,735.713,241.896,590.871
532.443,969.658,509.672,799.942,246.434,735.604,242.544,591.253
532.430,969.587,509.769,800.005,246.570,736.096,242.768,591.207
532.341,969.572,509.683,800.189,246.483,735.768,242.773,591.187
532.374,969.619,509.746,799.977,246.482,735.472,242.614,591.087
532.452,969.560,509.658,800.099,246.474,736.189,242.378,591.234
532.518,969.699,509.599,800.058,246.419,736.262,242.234,591.027
532.640,969.859,509.737,799.893,246.494,735.895,241.814,591.320
532.554,969.682,509.730,799.740,246.406,735.837,241.752,591.176
532.432,969.840,509.727,800.172,246.474,735.766,241.475,590.949
532.509,969.793,509.711,800.213,246.473,735.782,241.468,590.953
532.738,970.112,509.723,800.037,246.586,735.771,242.320,590.948
532.544,969.590,509.728,800.135,246.602,735.615,242.214,590.947
532.489,969.703,509.720,800.055,246.643,735.701,241.900,590.978
532.540,969.665,509.792,799.928,246.587,735.961,241.823,591.022
532.613,969.731,509.694,800.189,246.547,735.706,241.661,591.247
532.468,969.628,509.707,800.369,246.502,736.534,241.368,590.929
532.543,969.758,509.636,800.403,246.547,736.279,241.174,590.976
532.493,969.868,509.627,800.109,246.286,736.519,241.797,590.970
532.469,969.988,509.820,799.826,246.470,735.785,241.926,590.825
532.536,970.043,509.808,799.826,246.439,735.694,241.129,591.413
532.343,969.800,509.732,800.142,246.517,735.605,241.548,591.122
532.568,969.810,509.764,799.653,246.531,735.563,242.312,591.091
532.636,969.830,509.946,799.596,246.484,735.881,242.115,591.173
532.560,969.763,509.786,799.812,246.604,735.471,241.714,591.430
532.674,969.847,509.761,799.962,246.374,736.285,241.818,591.357
532.803,970.040,509.749,800.271,246.465,735.698,242.253,591.408
532.661,970.009,509.844,799.831,246.498,735.956,241.700,591.502
532.740,969.905,509.755,800.122,246.518,735.249,241.605,591.546
532.818,969.939,509.766,799.722,246.542,735.748,241.974,591.795
532.837,969.875,509.794,799.716,246.497,735.952,242.145,591.743
532.367,969.582,509.938,800.100,246.420,736.139,242.374,591.780
532.844,969.982,509.816,800.101,246.419,735.818,242.358,591.793
532.590,969.826,509.724,800.022,246.447,735.772,241.937,591.536
532.583,969.904,509.682,800.324,246.452,736.283,241.818,591.631
532.501,969.974,509.731,799.903,246.505,736.325,242.347,591.801
532.376,969.624,509.666,799.898,246.494,735.825,242.574,591.752
532.581,969.824,509.845,799.744,246.560,735.366,242.755,591.834
532.540,969.794,509.674,800.031,246.360,735.406,242.128,591.834
532.655,969.851,509.786,799.864,246.497,735.558,242.158,591.721
532.789,969.935,509.789,799.748,246.489,736.429,242.121,591.719
532.413,969.856,509.734,799.824,246.407,736.382,242.036,591.819
532.476,969.767,509.793,800.013,246.381,735.898,241.954,591.788
532.472,969.694,509.775,799.938,246.509,735.350,241.891,591.735
532.614,969.906,509.641,800.210,246.486,736.086,241.578,591.619
532.489,969.863,509.656,800.105,246.421,736.031,241.294,591.783
532.596,969.962,509.706,799.600,246.398,735.879,241.867,591.496
532.646,969.897,509.629,800.107,246.376,735.802,241.615,591.353
532.482,969.688,509.605,799.814,246.457,735.455,241.878,591.351
532.613,969.780,509.611,800.444,246.455,735.535,241.692,591.423
532.541,969.880,509.742,800.094,246.541,735.369,242.026,591.564
532.522,969.862,509.687,800.094,246.472,736.015,241.850,591.309
532.478,969.760,509.666,800.136,246.491,735.333,241.716,591.277
532.704,969.940,509.857,799.856,246.738,735.883,241.451,591.158
532.666,969.705,509.745,799.910,246.715,735.834,240.962,591.125
532.574,969.982,509.866,799.715,246.519,735.793,240.970,591.073
532.641,970.063,509.840,799.948,246.571,735.953,240.923,591.009
532.568,970.165,509.876,799.704,246.420,735.432,240.796,591.059
532.710,969.998,509.752,799.983,246.322,735.868,240.801,590.852
532.518,969.708,509.849,799.809,246.356,735.958,239.947,590.739
532.723,969.870,509.757,799.905,246.348,735.857,240.585,591.120
532.767,969.866,509.793,799.777,246.437,736.341,241.030,590.890
532.434,969.664,509.701,799.973,246.445,735.886,240.980,590.951
532.777,969.843,509.855,799.644,246.419,736.219,241.124,590.510
532.895,969.905,509.652,799.879,246.445,736.127,241.683,590.910
532.703,969.816,509.778,799.679,246.481,735.659,241.435,591.028
532.728,969.974,509.803,799.621,246.360,735.684,240.851,590.766
532.590,969.971,509.828,799.732,246.476,735.644,240.692,590.719
532.485,969.797,509.776,799.793,246.415,735.652,241.550,591.012
532.472,969.672,509.686,799.966,246.606,735.635,241.642,591.001
532.548,969.702,509.735,799.988,246.447,735.641,241.690,590.949
532.277,969.571,509.781,799.610,246.439,735.787,241.326,590.866
532.583,969.739,509.837,799.982,246.632,735.621,241.012,591.114
532.530,969.558,509.724,799.788,246.507,735.684,241.210,591.195
532.542,969.736,509.748,799.849,246.415,735.743,240.829,590.795
532.627,969.968,509.824,799.782,246.288,734.359,240.969,590.885
532.383,969.528,509.755,799.917,246.698,735.794,241.316,591.204
532.454,969.624,509.976,799.465,246.477,735.935,240.750,590.720
532.507,969.824,509.886,799.610,246.531,735.906,240.840,590.922
532.477,969.656,509.682,799.933,246.459,735.549,241.198,591.082
532.605,970.040,509.609,799.984,246.555,735.549,240.826,590.772
532.702,969.914,509.948,799.457,246.465,736.542,240.363,590.698
532.671,969.864,509.781,799.597,246.544,735.996,241.032,590.920
532.540,969.520,509.788,799.520,246.477,735.626,241.338,590.748
532.616,969.894,509.754,799.766,246.731,735.683,241.048,590.607
532.663,969.603,509.748,800.058,246.434,735.832,240.769,590.791
532.513,969.643,509.873,800.071,246.657,735.298,241.107,590.762
532.379,969.405,509.745,800.118,246.153,734.476,241.260,590.767
532.512,969.634,509.707,800.069,246.198,735.694,241.234,590.910
532.385,969.378,509.721,800.342,246.483,735.653,241.243,590.994
532.457,969.623,509.709,800.158,246.714,735.324,241.716,591.078
532.448,969.655,509.792,799.994,246.674,735.360,241.046,590.819
532.572,969.681,509.748,799.693,246.148,734.765,241.034,590.563
532.494,969.743,509.765,799.687,246.494,735.940,241.379,590.853
532.644,969.816,509.827,799.895,246.528,735.668,240.488,590.685
532.626,969.849,509.748,800.058,246.680,735.689,241.027,590.816
532.593,969.796,509.679,799.741,246.733,735.607,241.402,591.143
532.591,969.751,509.828,799.604,246.596,735.587,240.535,590.712
532.630,969.719,509.789,799.884,246.567,736.126,240.869,590.921
532.675,969.761,509.882,799.531,246.662,735.660,241.083,590.965
532.688,969.736,509.659,799.785,246.444,736.113,240.915,590.562
532.449,969.583,509.813,799.760,246.336,736.026,240.515,590.594
532.220,969.584,509.601,800.092,245.997,735.421,240.802,591.031
532.377,969.595,509.453,800.264,246.431,736.455,240.594,590.760
532.551,969.692,509.542,800.103,246.561,735.991,240.918,591.090
532.678,969.806,509.644,800.003,246.250,736.178,240.720,590.682
532.680,969.870,509.608,800.110,246.180,736.383,241.166,590.956
532.715,969.832,509.769,799.701,246.316,736.436,240.758,590.927
532.673,969.771,509.816,799.696,245.905,735.216,240.708,590.693
532.746,969.802,509.790,799.830,246.378,735.812,240.530,590.488
532.717,969.679,509.818,799.786,246.326,735.908,240.381,590.709
532.522,969.591,509.807,799.483,246.363,735.952,239.992,590.842
532.559,969.652,509.775,799.585,246.423,735.672,240.230,590.779
532.541,969.588,509.631,800.032,246.303,735.840,241.417,590.909
532.482,969.818,509.550,800.188,246.447,735.936,240.666,590.735
532.586,969.779,509.516,800.134,246.298,736.158,240.903,590.847
532.424,969.437,509.644,799.791,245.894,734.639,240.930,590.690
532.649,969.692,509.701,799.963,246.361,735.720,241.294,590.939
532.443,969.650,509.702,799.705,246.592,736.064,241.512,590.968
532.400,969.682,509.698,799.809,246.515,735.930,241.022,590.564
532.591,969.712,509.608,800.015,246.362,735.691,240.801,590.846
532.411,969.664,509.633,800.280,246.600,735.726,240.975,590.927
532.364,969.918,509.666,799.738,246.580,735.632,240.881,590.783
532.236,969.826,509.667,799.946,246.509,735.802,240.478,590.595
532.408,969.690,509.813,799.938,246.231,734.508,240.780,590.820
532.548,969.541,509.752,800.009,246.542,735.303,240.699,590.762
532.412,969.570,509.796,799.687,246.513,735.834,240.223,590.620
532.599,969.759,509.899,799.748,246.566,735.768,240.563,590.713
532.445,969.686,510.004,799.371,246.497,736.099,240.895,590.730
532.496,969.716,509.852,799.694,246.574,736.475,240.980,590.686
532.475,969.665,509.872,799.695,246.618,736.102,240.904,590.779
532.455,969.636,509.868,799.814,246.411,736.286,240.709,590.618
532.507,969.567,509.828,799.792,246.532,736.209,240.591,590.849
532.505,969.714,509.736,799.624,246.227,735.951,240.544,590.468
532.334,969.547,509.700,799.506,246.201,735.733,239.994,590.372
532.416,969.538,509.811,799.761,246.457,735.614,241.362,590.835
532.492,969.633,509.735,799.901,246.339,735.801,239.891,590.293
532.401,969.520,509.768,799.682,246.235,735.819,240.953,590.547
532.451,969.670,509.683,799.783,246.295,736.031,241.290,590.647
532.501,969.711,509.670,800.023,246.300,735.868,239.865,590.576
532.518,969.650,509.798,799.679,246.482,735.545,240.660,590.773
532.527,969.701,509.823,799.724,246.508,735.128,240.252,590.726
532.253,969.821,509.658,800.082,246.601,735.664,239.445,591.203
532.419,969.594,509.722,799.912,246.555,735.916,239.166,590.108
532.415,969.643,509.783,799.975,246.667,735.708,239.080,590.337
532.476,969.750,509.700,799.907,246.529,735.950,238.872,590.230
532.361,969.751,509.756,799.917,246.232,736.098,239.810,590.439
532.383,969.749,509.675,799.926,246.433,736.233,238.987,590.213
532.422,969.795,509.780,799.666,246.407,735.865,238.965,590.010
532.356,969.842,509.857,799.593,246.451,735.270,239.298,590.469
532.321,969.552,509.859,799.638,246.465,735.829,239.070,589.557
532.234,969.676,509.668,799.861,246.477,736.018,240.048,590.445
532.320,969.780,509.876,799.639,246.458,736.030,238.746,590.045
532.321,969.388,509.968,799.314,246.380,735.842,238.766,589.919
532.507,969.823,509.861,799.519,246.288,735.367,239.380,590.545
532.393,969.894,509.940,799.304,246.269,735.498,239.139,590.195
532.622,970.066,509.996,799.335,246.225,736.119,238.561,590.123
532.540,969.917,509.871,799.667,246.471,735.430,238.951,589.863
532.534,969.798,509.784,799.708,246.437,735.441,238.921,590.254
532.433,969.608,509.753,799.735,246.334,735.251,239.601,590.016
532.661,969.758,509.616,800.072,246.527,735.515,238.844,590.140
532.657,969.889,509.759,799.537,246.638,735.659,239.958,590.935
532.569,969.768,509.749,799.503,246.503,735.417,240.200,590.870
532.758,969.895,509.689,799.835,246.610,735.324,240.264,590.556
532.600,969.944,509.827,799.532,246.679,735.527,240.126,590.455
532.595,969.780,509.762,799.648,246.427,735.666,240.408,590.487
532.573,969.768,509.756,799.510,246.435,735.220,240.309,590.492
532.494,969.540,509.721,799.753,246.321,735.426,240.481,590.349
532.485,969.792,509.709,799.690,246.546,735.894,240.443,590.419
532.483,969.757,509.670,799.812,246.379,735.648,240.561,590.378
532.617,969.809,509.736,799.716,246.380,735.680,240.455,590.486
532.639,969.831,509.773,800.082,246.380,735.558,240.169,590.427
532.669,969.833,509.773,799.811,246.391,735.637,240.162,590.323
532.568,969.794,509.722,799.836,246.296,735.767,240.469,590.688
532.586,969.700,509.762,799.597,246.385,735.854,240.583,590.606
532.741,969.773,509.709,799.739,246.502,735.939,240.534,590.663
532.795,969.836,509.655,799.798,246.329,736.358,240.855,590.568
532.798,969.901,509.701,799.727,246.375,736.214,240.651,590.575
532.716,970.085,509.806,799.895,246.620,735.570,240.453,590.727
532.862,970.087,509.774,799.707,246.702,735.702,240.753,590.781
532.604,969.905,509.809,800.034,246.527,735.610,240.839,590.660
532.581,969.707,509.702,800.112,246.364,735.580,240.816,590.303
532.591,969.857,509.719,799.998,246.419,735.976,239.946,590.221
532.432,969.672,509.678,799.995,246.437,735.746,239.696,590.330
532.454,969.508,509.768,799.836,246.504,735.754,239.930,590.233
532.320,969.549,509.856,800.031,246.499,735.999,238.996,589.847
532.485,969.716,509.756,800.241,246.510,735.639,239.663,589.955
532.549,969.569,509.710,799.934,246.469,736.325,239.420,589.794
532.553,969.623,509.791,799.800,246.440,736.744,239.497,590.223
532.650,969.672,509.715,799.905,246.560,735.805,239.429,589.882
532.537,969.683,509.696,799.935,246.506,735.425,238.370,589.396
532.492,969.467,509.690,800.006,246.451,735.429,239.498,589.984
532.518,969.612,509.707,799.890,246.437,735.742,238.416,589.319
532.608,969.856,509.831,799.596,246.476,736.068,238.780,589.967
532.433,969.587,509.700,799.875,246.516,735.966,239.724,590.031
532.461,969.576,509.754,799.922,246.450,736.215,238.234,589.210
532.461,969.592,509.656,799.969,246.302,735.663,239.029,589.961
532.652,970.027,509.788,799.939,246.290,735.720,239.149,589.632
532.813,969.934,509.709,799.973,246.345,735.181,238.481,589.157
532.722,969.858,509.755,799.926,246.359,735.441,238.960,589.473
532.476,969.983,509.972,799.748,246.165,735.761,239.771,589.528
532.533,969.878,509.769,800.111,246.357,735.901,239.503,589.793
532.558,969.731,509.760,799.776,246.528,735.855,239.805,590.102
532.616,969.873,509.919,799.661,246.554,735.866,240.623,590.258
532.641,969.663,509.825,799.541,246.473,735.493,240.681,590.445
532.699,969.934,509.730,799.641,246.489,735.690,240.380,590.857
532.684,969.865,509.865,799.504,246.323,735.256,240.681,590.082
532.783,969.851,509.723,799.600,246.122,733.762,240.428,589.854
532.667,969.833,509.775,799.414,246.134,733.861,241.117,590.217
532.663,969.943,509.677,799.867,246.456,735.946,240.552,590.036
532.698,969.831,509.709,799.768,246.517,735.996,240.756,589.927
532.708,969.945,509.700,800.009,246.472,735.416,240.742,589.616
532.617,969.934,509.714,799.824,246.334,735.318,241.052,589.770
532.063,969.592,509.704,799.718,246.474,735.665,240.946,590.044
532.231,969.669,509.848,799.616,246.400,735.839,240.961,589.549
532.212,969.838,509.755,799.579,246.393,735.899,240.592,590.080
532.387,969.959,509.696,799.575,246.450,735.599,241.330,590.220
532.496,969.980,509.654,799.794,246.368,736.086,239.897,589.649
532.518,970.024,509.771,799.462,246.472,736.033,240.872,589.800
532.456,969.801,509.881,799.777,246.547,735.862,241.377,590.024
532.741,970.044,509.697,800.107,246.367,733.980,239.856,589.404
532.583,969.765,509.776,799.946,246.828,735.281,240.630,589.798
532.468,969.619,509.733,799.787,246.567,735.394,240.466,589.680
532.452,969.603,509.862,799.648,246.426,735.603,240.571,589.687
532.539,969.973,509.687,799.727,246.610,735.252,240.532,589.747
532.676,970.053,509.703,799.660,246.549,735.851,240.576,589.719
532.637,969.832,509.773,799.535,246.493,735.544,240.709,589.834
532.545,969.791,509.765,799.683,246.485,735.883,240.620,589.780
532.525,969.557,509.803,799.634,246.453,735.944,240.936,589.890
532.492,969.699,509.687,799.742,246.463,736.002,240.932,589.801
532.576,969.771,509.914,799.550,246.450,735.715,240.979,590.039
532.503,969.644,509.856,799.822,246.451,735.440,240.938,589.910
532.592,969.680,509.801,799.599,246.226,735.719,240.724,589.886
532.599,969.726,509.861,799.550,246.390,736.276,240.674,589.927
532.595,969.792,509.963,799.549,246.457,736.367,240.894,589.761
532.628,969.738,509.885,799.482,246.475,735.991,240.618,589.893
532.628,969.740,509.803,799.811,246.466,736.169,240.785,589.938
532.642,969.688,509.626,799.595,246.525,736.099,240.794,589.846
532.538,969.639,509.727,799.806,246.573,736.116,240.705,590.036
532.602,969.629,509.694,799.792,246.412,735.762,241.043,590.073
532.720,969.710,509.808,799.650,246.492,735.588,240.784,589.821
532.582,969.701,509.873,799.545,246.489,735.897,240.935,589.905
532.637,969.768,509.801,799.685,246.562,735.656,240.726,590.488
532.693,969.790,509.844,799.828,246.603,736.170,240.648,590.006
532.664,969.687,509.949,799.740,246.578,735.694,240.775,589.947
532.572,969.738,509.818,799.709,246.527,736.034,240.985,589.499
532.754,969.703,509.787,799.647,246.123,734.124,240.479,589.121
532.643,969.678,509.850,799.701,246.580,735.309,240.432,588.993
532.749,969.739,509.931,799.511,246.696,734.901,240.618,588.813
532.540,969.685,509.777,799.728,246.585,735.230,240.896,588.922
532.506,969.746,509.789,799.506,246.571,735.524,240.517,588.982
532.706,969.830,509.775,799.608,246.632,735.041,240.790,589.156
532.650,969.821,509.937,799.469,246.426,734.975,240.880,589.454
532.551,969.832,510.036,799.339,246.589,735.478,240.359,588.842
532.671,969.805,509.796,799.500,246.740,736.069,240.694,588.953
532.676,969.742,509.812,799.433,246.749,735.891,240.588,588.763
532.710,969.778,509.859,799.620,246.626,735.818,240.511,588.496
532.658,969.844,510.072,799.305,246.667,736.070,240.210,588.457
532.588,969.750,510.103,799.176,246.607,735.640,240.280,588.446
532.364,969.390,509.779,799.706,246.496,735.799,239.413,588.424
532.722,969.554,509.850,799.729,246.725,735.952,239.876,588.943
532.843,969.911,509.784,799.821,246.637,735.690,240.487,589.420
532.691,969.758,509.798,799.760,246.666,735.678,240.765,589.802
532.714,969.877,509.787,799.522,246.654,735.686,240.953,589.246
532.747,969.746,509.714,799.939,246.666,735.807,241.475,590.000
532.394,969.660,509.807,799.861,246.572,735.545,240.839,589.069
532.637,969.629,509.805,799.793,246.550,735.769,240.581,588.888
532.587,969.725,509.778,799.783,246.704,734.797,240.572,589.196
532.521,969.648,509.743,799.917,246.544,735.127,240.734,589.317
532.564,969.856,509.751,799.898,246.496,736.075,240.517,588.731
532.478,969.827,509.814,799.976,246.671,734.955,241.100,589.385
532.570,969.727,509.829,799.828,246.551,736.379,241.036,589.227
532.721,969.834,509.798,799.635,246.702,735.708,240.266,588.912
532.671,969.673,509.864,799.617,246.656,735.452,240.235,588.961
532.656,969.638,509.747,799.633,246.713,735.422,240.905,589.281
532.424,969.526,509.807,799.637,246.746,735.467,241.893,589.823
532.534,969.728,509.876,799.665,246.686,735.567,240.596,589.242
532.786,969.835,509.841,799.688,246.709,735.915,240.652,589.352
532.665,969.697,509.868,799.834,246.584,736.022,241.020,589.291
532.786,969.822,509.891,799.706,246.540,735.394,240.409,589.093
532.653,969.748,509.856,799.589,246.624,735.422,240.264,588.766
532.740,969.745,509.789,799.611,246.518,735.105,240.869,589.137
532.432,969.705,509.900,799.581,246.496,735.597,239.970,588.823
532.652,969.652,509.812,799.690,246.539,735.735,240.199,588.766
532.464,969.657,509.756,799.781,246.711,735.810,240.308,588.961
532.510,969.530,509.804,799.724,246.637,735.625,240.421,588.793
532.597,969.572,509.844,799.587,246.550,735.802,240.881,588.881
532.162,969.246,509.834,799.722,246.563,735.792,240.495,588.617
532.137,969.220,509.779,799.843,246.568,735.651,240.708,588.712
532.267,969.429,509.698,800.021,246.746,735.644,241.117,588.672
532.441,969.615,509.702,800.054,246.702,735.632,241.152,588.882
532.502,969.541,509.809,799.721,246.675,736.013,241.452,588.885
532.484,969.546,509.806,799.683,246.508,736.050,241.358,588.864
532.224,969.509,509.705,800.003,246.422,735.841,241.612,588.818
532.437,969.670,509.712,799.933,246.578,735.949,241.877,588.716
532.379,969.542,509.757,799.740,246.593,735.140,242.032,588.480
532.435,969.537,509.954,799.358,246.602,735.713,242.668,588.676
532.581,969.574,509.789,799.817,246.687,735.503,242.762,588.579
532.418,969.740,509.847,799.537,246.733,735.413,243.474,588.695
532.350,969.804,509.743,800.063,246.720,735.454,244.431,588.841
532.558,969.907,509.780,799.876,246.662,735.843,244.981,589.065
532.476,969.696,509.727,800.091,246.689,736.097,245.361,589.160
532.307,969.652,509.965,799.441,246.609,735.404,244.908,589.289
532.349,969.665,509.918,799.740,246.693,735.304,245.000,589.309
532.245,969.611,509.767,799.888,246.587,735.423,245.010,589.480
532.263,969.716,509.822,799.763,246.439,735.708,245.383,589.574
532.398,969.581,509.706,799.941,246.666,735.780,245.683,589.544
532.371,969.622,509.912,799.618,246.652,735.795,245.249,589.087
532.773,969.710,509.758,799.813,246.467,735.631,245.354,588.948
532.695,970.019,509.815,799.733,246.435,734.993,245.432,589.080
532.413,969.615,509.793,799.723,246.350,733.745,245.674,589.180
532.628,969.852,509.837,799.633,246.521,734.971,245.958,589.966
532.384,969.568,509.668,799.684,246.385,735.708,246.290,590.458
532.513,969.632,509.686,800.102,246.557,735.807,246.429,590.605
532.393,969.597,509.952,799.667,246.641,735.636,246.336,590.587
532.688,969.692,509.656,799.786,246.402,735.940,246.352,590.651
532.770,969.743,509.769,799.669,246.514,735.794,246.186,590.554
532.483,969.608,509.653,800.318,246.418,736.204,246.283,590.767
532.318,969.323,509.736,800.133,246.474,735.406,246.595,590.701
532.411,969.748,509.752,799.940,246.303,735.353,245.814,590.634
532.387,969.472,509.913,800.084,246.127,735.640,246.207,590.516
532.739,969.683,509.847,800.056,246.437,735.903,246.084,590.273
532.659,969.608,509.679,800.048,246.465,735.819,245.996,590.177
532.568,969.632,509.759,799.696,246.500,735.883,246.171,590.262
532.754,969.441,509.853,799.546,246.224,736.083,246.659,589.960
532.422,969.263,509.787,799.907,246.364,736.174,246.595,589.762
532.425,969.300,509.736,799.976,246.262,735.826,246.027,589.614
532.274,969.306,509.692,799.962,246.270,736.065,246.127,589.601
532.408,969.323,509.695,800.104,246.411,736.535,245.827,589.394
532.407,969.205,509.820,799.929,246.460,736.067,245.884,589.339
532.161,969.157,509.831,799.627,246.515,736.473,246.053,589.296
532.244,969.246,509.876,799.719,246.571,736.537,245.855,589.356
532.504,969.645,509.723,799.995,246.646,735.777,245.362,589.306
532.401,969.633,509.762,799.809,246.602,735.467,245.342,589.362
532.540,969.541,509.806,799.940,246.355,736.358,245.376,589.404
532.436,969.472,509.911,799.928,246.670,736.008,245.554,589.340
532.666,969.401,509.873,800.115,246.564,735.875,245.386,589.401
532.526,969.329,509.883,799.916,246.327,734.519,245.350,589.323
532.565,969.299,509.771,799.824,246.199,734.319,245.874,589.189
532.483,969.397,509.740,800.021,246.614,735.685,246.111,589.157
532.360,969.317,509.902,799.935,246.636,735.554,245.933,589.478
532.596,969.465,509.782,799.966,246.647,735.880,245.764,589.513
532.511,969.572,509.774,800.132,246.696,735.865,245.781,589.366
532.589,969.450,509.817,799.781,246.637,735.676,245.505,589.450
532.580,969.518,509.690,799.973,246.645,736.159,245.377,589.482
532.553,969.417,509.686,800.027,246.271,735.880,245.602,589.458
532.580,969.448,509.673,800.065,246.464,735.550,245.663,589.564
532.497,969.436,509.932,799.335,246.789,735.472,245.652,589.679
532.433,969.510,509.747,799.674,246.699,735.472,245.727,589.704
532.453,969.583,509.977,799.630,246.455,735.874,245.477,589.624
532.720,969.638,509.856,799.553,246.578,736.458,245.568,589.635
532.492,969.389,509.836,799.758,246.459,735.981,245.515,589.534
532.587,969.425,509.774,800.086,246.629,735.606,245.685,589.758
532.513,969.350,509.829,799.897,246.534,735.502,245.642,589.607
532.822,969.433,509.800,799.960,246.507,735.887,245.762,589.825
532.740,969.550,509.775,800.179,246.480,735.665,245.836,589.731
532.543,968.841,509.751,800.092,246.566,735.973,245.708,589.755
532.453,968.615,509.798,799.788,246.698,735.582,245.708,589.720
532.548,969.017,509.720,800.101,246.474,735.903,245.715,589.611
532.329,968.811,509.685,800.098,246.475,735.935,245.831,589.650
532.460,968.832,509.803,799.891,246.586,735.396,245.557,589.482
532.576,969.005,509.703,800.062,246.483,736.032,245.657,589.554
532.463,968.844,509.869,799.929,246.280,735.433,245.751,589.772
532.638,969.085,509.809,799.898,246.435,735.879,245.525,589.588
532.606,969.348,509.899,799.841,246.481,735.766,245.566,589.545
532.319,968.710,509.836,799.848,246.242,736.183,245.587,589.558
532.562,969.070,509.936,799.589,246.509,735.899,245.513,589.636
532.448,968.971,509.908,799.520,246.358,735.420,245.744,589.747
532.779,969.250,509.728,799.596,246.436,735.167,245.787,589.697
532.460,969.235,509.865,799.845,246.369,735.956,245.853,589.675
532.547,969.168,509.757,799.675,246.312,736.214,245.740,589.409
532.636,969.249,509.712,799.698,246.618,735.920,245.675,589.637
532.608,969.259,509.771,799.764,246.584,736.164,245.657,589.681
532.601,969.447,509.750,799.694,246.516,735.419,245.800,589.738
532.622,969.335,509.847,799.600,246.589,735.942,245.628,589.594
532.618,969.170,509.773,799.692,246.582,735.753,245.781,589.484
532.425,969.182,509.847,799.611,246.508,735.093,245.958,589.694
532.469,969.263,509.849,799.616,246.483,735.456,246.017,589.721
532.438,969.268,509.598,800.154,246.547,736.059,245.753,589.858
532.652,969.279,509.685,800.003,246.562,735.609,245.660,589.709
532.504,969.299,509.789,799.695,246.643,736.338,245.844,589.740
532.474,969.316,509.759,799.969,246.681,736.342,245.884,589.698
532.429,969.217,509.747,800.080,246.622,735.807,246.051,589.860
532.624,969.424,509.737,800.063,246.560,736.336,246.042,589.847
532.765,969.603,509.730,799.680,246.572,735.755,245.496,589.574
532.530,969.361,509.642,799.886,246.652,736.139,245.653,589.628
532.622,969.177,509.733,799.874,246.674,735.496,245.877,589.819
532.477,969.225,509.836,799.927,246.495,735.665,245.903,589.673
532.445,969.173,509.813,799.825,246.480,735.547,246.113,589.650
532.448,969.010,510.013,799.402,246.527,735.847,246.043,589.670
532.344,969.152,509.975,799.556,246.519,735.743,245.955,589.749
532.661,969.434,509.942,799.326,246.420,736.008,245.895,589.573
532.540,969.540,509.838,799.806,246.512,735.848,245.767,589.559
532.578,969.267,509.922,799.675,246.482,735.983,245.929,589.664
532.626,969.336,509.770,799.795,246.648,736.197,245.878,589.655
532.462,969.416,509.775,799.944,246.615,736.363,246.023,589.707
532.529,969.301,509.771,799.720,246.567,736.289,245.909,589.720
532.529,969.351,509.761,799.600,246.494,736.031,245.818,589.749
532.701,969.417,509.768,799.727,246.640,735.882,246.053,589.660
532.470,969.247,509.816,799.620,246.525,735.777,245.975,589.719
532.599,969.316,509.936,799.747,246.570,735.629,246.057,589.802
532.643,969.282,509.937,799.746,246.551,736.114,245.828,589.765
532.652,969.342,509.723,799.856,246.496,736.073,245.722,589.685
532.806,969.694,509.737,799.759,246.567,735.972,245.752,589.640
532.799,969.528,509.829,799.841,246.380,736.411,245.758,589.675
532.741,969.407,509.852,799.694,246.506,736.253,245.769,589.738
532.713,969.519,509.862,799.615,246.671,735.768,245.828,589.574
532.738,969.574,509.860,799.458,246.726,735.545,245.820,589.640
532.688,969.299,509.838,799.833,246.467,736.486,245.807,589.583
532.867,969.466,509.881,799.846,246.481,736.258,245.809,589.593
532.657,969.476,509.801,799.726,246.463,736.542,245.992,589.747
532.814,969.519,509.798,799.854,246.679,735.992,245.964,589.735
532.446,969.505,509.941,799.601,246.481,736.441,246.013,589.627
532.756,969.424,509.781,799.977,246.568,735.687,246.058,589.707
532.544,969.306,509.769,799.884,246.345,736.741,246.376,589.915
532.485,969.229,509.822,799.660,246.350,736.629,246.142,589.738
532.560,969.254,509.794,800.012,246.390,736.349,245.950,589.648
532.334,969.313,509.874,799.833,246.320,736.297,245.976,589.632
532.634,969.421,509.871,799.892,246.349,736.233,245.896,589.599
532.580,969.409,509.661,799.911,246.434,735.519,246.142,589.634
532.513,969.346,509.730,799.636,246.507,735.955,246.032,589.756
532.349,969.280,509.771,799.864,246.450,736.009,246.064,589.730
532.518,969.439,509.837,799.817,246.548,736.063,245.963,589.814
532.373,969.203,509.625,800.114,246.551,735.145,245.836,589.745
532.422,969.428,509.688,799.966,246.582,735.092,245.851,589.739
532.152,969.582,509.717,799.916,246.589,735.301,245.974,589.896
531.830,969.546,509.797,800.019,246.458,735.185,246.031,589.787
531.998,969.130,509.678,800.009,246.563,735.963,246.003,589.972
532.022,968.922,509.736,800.211,246.649,736.076,245.898,589.859
532.175,969.066,509.755,800.119,246.591,736.161,245.751,589.799
532.173,969.302,509.848,799.939,246.666,736.078,245.981,589.696
531.966,969.243,509.871,799.852,246.745,735.907,246.201,589.975
531.476,969.184,509.744,799.972,246.619,735.753,246.121,589.748
531.643,969.162,509.735,799.920,246.612,736.093,246.268,589.782
531.554,969.372,509.871,799.810,246.555,735.616,246.189,589.754
531.660,969.431,509.821,799.796,246.589,735.637,246.074,589.666
531.744,969.462,509.810,799.869,246.532,735.336,246.027,589.782
531.576,969.682,509.673,800.130,246.498,735.316,245.971,589.745
531.358,969.243,509.687,800.009,246.436,735.631,245.894,589.746
531.453,968.881,509.797,799.728,246.416,735.653,245.992,589.770
531.407,968.578,509.675,800.199,246.595,735.514,246.022,589.849
531.405,968.331,509.815,800.252,246.246,735.814,245.892,589.601
531.230,968.333,509.855,800.083,246.487,735.515,245.924,589.451
531.511,969.548,509.592,800.460,246.395,735.796,245.992,589.828
531.390,970.046,509.719,800.314,246.417,735.449,245.921,589.763
531.472,970.078,509.645,800.361,246.511,735.502,246.028,589.650
531.398,969.879,509.775,800.296,246.389,735.645,246.015,589.548
531.678,969.829,509.996,799.381,246.486,735.249,245.986,589.804
531.594,969.275,509.722,799.945,246.380,736.091,246.178,589.685
531.656,969.331,509.687,799.890,246.551,736.208,245.730,589.660
531.542,969.235,509.688,800.055,246.433,735.457,245.800,589.511
531.480,969.098,509.753,799.929,246.429,735.322,246.632,589.693
531.303,968.903,509.838,800.052,246.322,736.155,246.571,589.747
531.200,969.127,509.719,800.138,246.363,735.735,246.327,589.928
530.767,968.603,509.683,800.202,246.409,735.725,246.365,589.937
530.540,968.277,509.652,800.326,246.391,735.720,246.337,589.927
530.579,968.385,509.866,800.008,246.422,736.094,246.090,589.844
530.745,968.163,509.916,799.962,246.410,736.136,246.085,589.764
530.696,968.015,509.871,799.955,246.576,736.019,245.908,589.618
530.590,967.885,509.779,800.189,246.593,735.714,245.875,589.745
530.587,968.697,509.916,799.855,246.494,735.362,246.341,590.060
530.394,968.526,509.901,800.064,246.516,735.038,246.249,589.955
530.487,968.456,509.744,799.864,246.537,735.822,246.035,590.050
530.454,968.437,509.737,799.943,246.361,735.906,246.068,590.115
530.535,968.407,509.741,799.990,246.469,735.608,246.327,589.985
530.564,968.412,509.805,799.785,246.423,736.012,246.191,589.873
530.623,968.225,509.732,799.909,246.543,735.807,246.205,589.802
530.294,968.241,509.740,800.011,246.356,735.819,246.361,589.878
530.583,968.299,509.801,799.899,246.394,735.983,246.336,589.853
530.427,968.323,509.867,799.706,246.523,736.256,245.972,589.733
530.555,968.404,509.776,799.717,246.599,735.407,245.870,589.603
530.577,968.323,509.810,799.562,246.438,735.665,246.087,589.742
530.641,968.355,509.961,799.419,246.511,735.292,245.985,589.823
530.269,967.816,509.866,799.669,246.449,735.800,246.045,589.737
530.396,968.212,509.882,799.546,246.411,736.022,246.021,589.678
530.380,968.027,509.781,799.999,246.425,735.751,245.879,589.967
530.404,968.309,509.762,799.966,246.370,735.627,245.782,589.957
530.436,967.963,509.697,800.102,246.601,735.658,246.168,589.936
530.541,968.490,509.757,799.871,246.716,735.422,246.019,589.930
530.402,967.721,509.885,799.714,246.595,735.430,246.317,589.724
530.308,967.759,509.749,799.988,246.652,735.339,246.172,589.755
530.363,967.919,509.746,800.024,246.728,735.600,246.101,589.926
530.360,967.766,509.686,799.803,246.732,735.766,246.187,589.989
530.460,967.922,509.615,799.936,246.425,735.760,246.230,589.807
530.397,967.994,509.649,800.061,246.546,735.622,246.236,589.878
530.714,967.918,509.752,800.021,246.598,735.856,246.127,589.799
530.469,968.026,509.723,799.997,246.614,735.632,246.382,589.865
530.350,968.038,509.685,800.074,246.674,735.956,246.386,589.895
530.468,968.153,509.731,799.912,246.518,735.516,246.174,589.933
530.409,967.722,509.817,799.737,246.594,735.458,246.188,589.896
530.546,968.109,509.654,800.170,246.753,735.995,245.995,589.747
530.413,967.935,509.859,799.659,246.691,735.222,246.216,589.794
530.529,968.019,509.920,799.498,246.912,734.994,245.732,589.612
530.380,967.915,509.729,800.107,246.531,735.542,246.211,589.884
530.412,967.983,509.835,799.962,246.542,735.733,246.101,589.854
530.408,968.025,509.771,799.810,246.402,735.811,246.048,589.719
530.398,967.934,509.710,800.003,246.500,735.363,246.067,589.761
530.233,968.177,509.815,799.866,246.576,735.490,246.348,589.799
530.446,968.129,509.766,799.680,246.519,735.228,246.174,589.712
530.244,967.946,509.802,799.918,246.665,735.555,246.168,589.804
530.401,968.251,509.765,799.794,246.768,735.597,246.041,589.752
530.426,968.349,509.765,799.768,246.594,735.763,245.941,589.773
530.329,968.074,509.799,799.775,246.668,735.211,246.034,589.832
530.540,968.124,509.783,799.607,246.434,735.253,246.124,589.653
530.598,968.300,509.857,799.506,246.754,735.682,245.843,589.547
530.766,968.701,509.812,799.862,246.492,735.573,245.923,589.707
530.561,968.308,509.860,799.675,246.673,735.960,246.028,589.729
530.301,968.470,509.901,799.793,246.611,735.723,246.059,589.893
530.810,968.596,509.796,799.540,246.562,735.193,245.956,589.818
530.702,968.804,509.849,799.718,246.620,735.455,246.048,589.755
530.603,968.414,509.768,799.905,246.247,735.569,245.943,589.743
530.731,968.384,509.771,800.075,246.090,735.833,245.775,589.664
530.167,968.057,509.836,800.107,245.975,736.527,245.949,589.940
530.281,968.094,509.778,799.974,246.025,736.094,246.003,589.786
530.505,967.961,509.741,799.912,246.644,735.570,246.188,590.035
530.169,967.919,509.714,800.052,246.654,735.943,246.166,589.974
530.411,967.896,509.836,799.846,246.481,736.039,246.229,589.944
530.647,968.069,509.742,800.288,246.622,735.948,246.067,589.931
530.878,968.262,509.731,800.230,246.500,736.186,246.268,589.717
530.248,968.157,509.864,800.078,246.539,736.027,246.036,589.544
530.488,968.227,509.771,800.123,246.528,736.278,246.050,589.648
530.579,968.481,509.760,800.000,246.448,736.483,245.939,589.622
530.508,968.356,509.714,800.128,246.542,736.709,246.062,589.772
530.338,967.866,509.932,799.711,246.430,736.380,246.208,589.859
530.386,968.046,509.779,800.062,246.503,736.002,246.149,589.829
530.277,967.686,509.686,799.965,246.730,735.494,246.122,589.646
530.330,968.048,509.734,799.893,246.813,735.661,246.088,589.705
530.213,967.793,509.658,800.314,246.705,735.387,246.129,589.659
530.303,968.169,509.728,799.838,246.816,735.793,246.082,589.638
530.384,968.054,509.924,799.334,246.634,735.705,246.369,589.799
530.263,967.911,509.789,799.711,246.983,735.651,246.228,589.723
530.468,968.151,509.764,799.517,246.426,735.429,246.810,589.944
530.445,967.788,509.760,799.798,246.613,735.857,246.265,589.827
530.355,967.738,509.813,799.813,246.661,736.008,246.126,589.783
530.389,968.273,509.729,799.896,246.686,736.007,246.612,589.850
530.527,968.069,509.686,799.935,246.704,735.595,246.630,589.928
530.339,967.931,509.900,799.789,246.780,735.838,246.130,589.734
530.405,967.959,509.759,800.040,246.624,735.673,246.167,589.657
530.610,968.117,509.731,799.883,246.485,734.511,246.445,589.803
530.369,968.055,509.778,799.571,246.505,734.250,246.450,589.809
530.180,967.716,509.735,799.971,246.471,734.204,246.480,589.643
530.241,967.811,509.791,799.746,246.202,734.692,246.346,589.621
530.255,967.665,509.761,799.836,246.680,735.839,246.174,589.625
530.467,967.919,509.772,799.966,246.748,735.772,246.224,589.672
530.262,967.904,509.780,799.832,246.713,736.130,246.369,589.950
530.402,967.766,509.921,799.534,246.372,735.935,246.297,589.826
530.344,967.783,509.906,799.553,246.587,735.972,246.327,589.804
530.243,967.743,509.810,799.817,246.552,735.755,246.308,589.789
530.227,967.647,509.790,799.836,246.568,735.786,246.271,589.753
530.198,967.771,509.775,799.565,246.632,735.519,246.234,589.714
530.310,967.968,509.789,799.581,246.538,735.925,246.323,589.718
530.270,967.640,509.827,799.957,246.449,735.876,246.256,589.642
530.076,967.724,509.716,799.969,246.617,735.914,246.313,589.745
530.294,967.715,509.853,799.981,246.607,735.876,246.327,589.528
530.097,967.719,509.851,799.800,246.497,735.949,246.322,589.466
530.375,967.708,509.946,799.678,246.163,734.626,246.012,589.944
530.078,967.622,509.827,799.857,246.154,734.630,246.266,589.892
530.047,967.637,509.797,800.126,246.069,734.672,246.066,589.638
530.361,967.635,510.035,799.642,246.544,735.948,246.162,589.889
530.110,967.579,509.722,800.294,246.630,735.729,246.199,589.965
530.032,967.710,509.800,799.907,246.449,736.057,246.390,589.960
530.086,967.538,509.873,799.856,246.356,736.115,246.153,589.824
530.224,967.679,509.778,799.964,246.636,736.033,246.351,589.702
530.419,967.524,509.809,799.930,246.714,735.690,246.433,589.890
529.985,967.478,509.931,799.556,246.668,735.338,246.428,589.896
530.159,967.480,509.683,800.294,246.978,735.067,246.405,589.918
530.329,967.642,509.828,800.041,246.576,735.375,246.356,590.020
530.270,967.700,509.843,799.726,246.713,735.264,246.445,589.980
530.215,967.821,509.611,800.302,246.540,736.085,246.559,589.660
530.433,967.916,509.718,800.112,246.522,735.853,246.580,589.859
530.214,967.660,509.905,800.002,246.640,736.159,246.424,589.687
530.226,967.493,509.737,799.943,246.563,735.713,246.434,589.652
530.284,967.437,509.764,799.733,246.544,735.554,246.380,589.725
530.227,967.552,509.725,799.922,246.677,735.468,246.510,589.747
530.367,967.648,509.717,800.124,246.744,735.650,246.461,589.825
530.288,967.589,509.692,799.777,246.613,735.603,246.488,589.850
530.263,967.524,509.737,799.958,246.541,735.696,246.201,589.799
530.137,967.674,509.777,799.717,246.691,735.990,246.427,589.948
530.238,967.682,509.721,800.142,246.561,736.429,246.347,589.891
530.057,967.536,509.809,800.044,246.614,736.079,246.555,589.697
530.050,967.482,509.727,800.245,246.696,735.742,246.499,589.818
530.134,967.528,509.722,799.997,246.592,735.538,246.425,589.910
529.945,967.419,509.643,800.194,246.610,735.728,246.485,589.732
530.401,967.689,509.792,799.892,246.785,735.693,246.335,589.782
530.142,967.608,509.784,799.783,246.675,736.048,246.525,589.919
530.341,967.673,509.804,799.788,246.804,735.860,246.342,589.821
530.139,967.494,509.658,800.316,246.713,736.099,246.389,589.794
530.162,967.416,509.691,800.249,246.709,735.298,246.188,589.727
529.882,967.205,509.814,799.877,246.497,735.983,246.271,589.768
529.964,967.366,509.752,799.853,246.572,735.824,246.191,589.847
529.949,967.432,509.886,799.681,246.551,736.190,246.731,589.990
529.988,967.521,509.756,799.831,246.451,736.130,246.580,589.911
530.186,967.552,509.883,799.866,246.468,735.781,246.306,589.904
530.155,967.449,509.838,799.699,246.273,736.106,246.227,589.898
529.850,967.438,509.750,799.698,246.454,735.430,246.432,589.707
530.006,967.501,509.799,799.660,246.454,736.037,246.459,589.788
529.871,967.288,509.740,800.073,246.307,735.672,246.661,589.993
529.883,967.564,509.792,799.742,246.204,736.263,246.452,589.940
529.852,967.405,509.857,799.734,246.221,736.229,246.547,590.019
530.025,967.543,509.801,799.909,246.260,735.749,246.279,589.714
530.035,967.554,509.812,799.675,246.351,735.676,246.350,589.781
530.114,967.587,509.973,799.598,246.362,735.851,246.295,589.723
530.139,967.749,509.920,799.698,246.405,735.900,246.390,589.819
529.944,967.414,509.863,799.946,246.534,735.769,246.560,589.729
529.619,966.864,509.887,799.842,246.561,735.654,246.652,589.902
529.030,966.044,510.046,799.496,246.510,736.136,246.409,589.904
528.994,966.241,509.791,799.889,246.451,735.838,246.356,589.887
529.137,966.085,509.762,799.665,246.537,735.431,246.550,589.866
529.166,966.433,509.881,799.482,246.485,735.637,246.473,589.749
529.458,966.187,509.785,800.003,246.289,735.829,246.631,589.908
529.252,966.132,509.878,799.679,246.372,735.693,246.538,589.801
528.937,966.138,509.869,799.835,246.350,735.940,246.628,589.877
529.153,966.347,509.790,800.062,246.257,735.637,246.528,589.872
528.650,965.919,509.756,800.178,246.314,735.809,246.234,589.679
529.209,966.279,509.903,799.894,246.655,735.658,246.330,589.766
529.230,966.341,509.772,800.007,246.533,735.997,246.397,589.786
529.116,966.294,509.746,800.443,246.659,736.343,246.367,589.803
529.304,966.312,509.703,800.282,246.662,735.736,246.440,589.825
529.041,966.211,509.701,800.016,246.693,735.790,246.558,589.584
529.779,966.899,509.722,800.114,246.680,735.885,246.571,589.642
530.047,967.238,509.810,800.079,246.031,734.723,246.447,589.589
529.850,967.185,509.809,800.154,246.427,736.390,246.384,589.760
529.828,967.285,509.875,799.690,246.507,735.888,246.636,589.735
529.700,967.071,509.760,799.671,246.618,735.465,246.460,589.929
529.504,967.118,509.856,799.695,246.607,735.737,246.490,589.957
529.727,967.014,509.720,800.125,246.526,735.903,246.586,589.954
529.552,967.011,509.770,799.771,246.590,736.282,246.612,590.082
529.394,966.838,509.592,800.269,246.565,736.335,246.846,589.730
529.499,967.086,509.647,800.209,246.580,735.986,246.882,589.824
529.533,967.147,509.652,800.237,246.433,736.372,246.503,589.808
529.488,967.113,509.608,800.109,246.400,736.930,246.606,589.824
529.759,967.097,509.710,800.126,246.241,735.723,246.568,589.716
529.607,967.223,509.670,799.880,246.443,735.935,246.632,589.680
529.471,966.959,509.613,800.310,246.422,735.854,246.725,589.660
529.989,967.468,509.601,800.467,246.484,735.694,246.642,589.703
529.568,966.772,509.715,800.146,246.577,736.149,246.641,589.685
529.877,967.237,509.803,799.715,246.594,735.206,246.524,589.718
530.141,967.057,509.825,799.789,246.519,735.825,246.727,589.915
529.771,967.000,509.812,799.967,246.550,735.834,246.632,589.783
529.773,967.190,509.700,800.126,246.503,735.877,246.698,589.809
529.788,967.057,509.922,799.862,246.604,735.713,246.507,589.856
529.677,967.086,509.847,799.931,246.594,735.690,246.635,589.939
530.191,967.253,509.787,799.918,246.424,736.035,246.580,589.811
529.943,967.004,509.737,800.096,246.464,735.807,246.478,590.048
529.684,966.507,509.857,799.915,246.551,735.381,246.568,590.028
529.241,965.998,509.892,799.850,246.561,735.780,246.692,590.068
529.770,966.537,509.864,799.619,246.352,735.855,246.411,589.762
529.040,966.088,509.827,799.978,246.524,736.052,246.351,589.793
529.710,966.377,509.843,799.700,246.295,736.022,247.523,589.775
528.796,965.818,509.814,799.705,246.553,735.750,246.720,589.833
528.705,965.709,509.855,799.813,246.577,735.686,246.574,589.871
529.123,965.834,509.830,799.753,246.665,735.687,246.796,589.782
528.702,965.640,509.797,799.791,246.455,735.965,246.981,589.964
529.125,965.979,509.779,799.836,246.521,735.756,246.624,589.763
528.974,965.917,509.795,799.870,246.544,735.690,246.714,589.817
528.546,965.591,509.724,799.862,246.339,734.692,246.683,589.800
529.118,966.414,509.677,800.157,246.627,735.543,246.651,589.693
528.816,965.948,509.735,799.975,246.630,735.706,247.519,589.884
529.423,966.489,509.639,800.070,246.582,735.358,246.419,589.908
529.427,966.758,509.823,799.852,246.270,735.451,246.501,590.032
529.584,966.752,509.762,800.127,246.465,735.609,246.647,590.122
529.906,967.134,509.945,799.914,246.467,735.765,246.851,590.005
529.662,966.998,509.906,799.911,246.315,736.005,246.607,589.866
529.622,966.849,509.871,800.074,246.411,735.524,246.706,589.830
529.533,966.715,509.866,800.299,246.353,736.089,246.511,589.774
529.663,966.738,509.952,800.132,246.460,735.631,246.642,589.937
529.496,966.867,509.620,801.067,246.479,735.823,246.503,589.908
529.587,966.832,509.618,800.749,246.443,735.392,246.423,589.919
529.534,966.832,509.547,800.851,246.748,734.963,246.731,589.910
529.543,967.036,509.577,800.811,246.616,735.710,246.521,589.774
529.497,966.877,509.567,801.124,246.673,735.411,246.541,589.816
529.374,966.802,509.661,801.021,246.627,735.389,246.372,589.811
529.385,966.769,509.843,800.353,246.694,735.721,246.464,589.761
529.528,966.777,509.699,800.726,246.613,735.264,246.311,589.774
529.466,966.594,509.560,801.169,246.732,735.846,246.929,590.086
529.537,966.610,509.677,800.853,246.524,736.288,247.157,590.041
529.575,966.816,509.761,800.387,246.542,736.101,247.100,590.009
529.678,966.830,509.621,800.399,246.647,735.696,247.277,590.032
529.519,966.698,509.609,800.625,246.688,735.604,247.223,590.038
529.006,965.935,509.790,800.458,246.697,735.529,247.037,590.033
528.682,965.597,509.774,800.211,246.759,735.491,247.176,590.130
528.890,965.611,509.637,800.653,246.657,735.633,246.743,590.003
528.594,965.461,509.690,800.547,246.559,735.687,246.775,590.046
529.126,965.542,509.594,800.729,246.414,736.255,246.853,589.993
528.840,965.550,509.593,800.719,246.603,735.945,246.852,590.041
528.734,965.424,509.683,800.592,246.474,735.875,246.709,590.053
529.311,965.647,509.773,800.343,246.524,735.888,247.578,590.033
528.400,965.402,509.910,799.995,246.537,735.072,246.749,589.830
528.877,965.637,509.628,800.340,246.461,735.659,246.578,589.609
529.163,965.655,509.762,800.287,246.488,735.470,246.837,589.839
528.874,965.748,509.699,800.680,246.475,735.793,246.559,589.908
528.965,965.678,509.666,800.412,246.358,735.835,246.546,589.806
528.873,965.621,509.722,800.433,246.725,735.527,246.521,589.830
528.427,965.499,509.754,800.410,246.648,735.588,246.627,589.886
528.777,966.191,509.813,800.236,246.602,735.673,246.630,589.857
529.456,966.588,509.800,800.413,246.656,735.617,246.690,589.872
529.474,966.854,509.696,800.177,246.545,735.423,246.436,589.810
529.559,966.808,509.739,800.059,246.625,735.550,246.481,589.827
529.361,966.516,509.666,800.275,246.562,735.447,246.824,589.956
529.294,966.675,509.837,800.309,246.558,736.089,247.616,589.885
529.376,966.514,509.641,800.453,247.033,735.138,246.774,589.872
529.273,966.437,509.760,800.249,246.744,736.069,246.655,589.667
529.579,966.709,509.721,800.178,246.749,735.857,246.619,589.867
529.355,966.620,509.751,800.549,246.552,736.276,246.849,589.844
529.321,966.501,509.641,800.691,246.729,736.012,246.780,589.993
529.657,966.765,509.712,800.327,246.578,736.467,246.693,590.209
529.548,966.556,509.573,800.681,246.596,736.005,246.887,590.234
529.226,966.553,509.858,799.936,246.716,735.611,246.742,589.958
529.534,966.531,509.769,800.267,246.776,735.180,246.864,590.124
529.334,966.624,509.818,800.166,246.561,736.013,246.885,589.992
529.551,966.626,509.679,800.164,246.703,735.535,246.805,589.939
529.345,966.408,509.829,799.792,246.753,735.099,247.105,589.756
529.151,966.438,509.816,799.944,246.611,735.851,247.035,590.145
529.554,966.708,509.897,799.943,246.608,734.945,246.756,589.866
529.201,966.422,509.920,800.119,246.673,735.620,247.883,589.974
529.488,966.792,509.924,800.159,246.697,735.429,247.844,589.977
529.174,966.461,509.861,800.215,246.657,735.806,246.579,589.892
529.104,966.046,509.850,800.155,246.675,735.571,246.676,589.878
529.095,965.661,509.800,800.099,246.513,735.176,246.717,589.922
528.808,965.714,509.793,800.088,246.719,735.747,247.619,589.892
529.182,966.078,509.898,799.882,246.531,735.942,246.782,589.881
528.507,965.706,509.822,800.016,246.548,735.628,246.813,589.943
528.622,965.882,509.717,800.271,246.613,735.742,247.874,590.236
528.524,965.940,509.746,800.141,246.542,735.728,247.894,590.174
528.423,965.703,509.823,800.223,246.595,735.041,246.551,589.962
529.228,966.066,509.772,800.264,246.708,734.932,246.761,589.945
528.282,965.412,509.841,799.880,246.542,734.765,247.201,589.947
528.537,965.417,509.866,800.132,246.714,735.150,246.620,590.050
528.995,965.904,509.970,799.978,246.424,735.034,246.782,590.030
528.706,965.604,509.878,799.562,246.583,735.097,246.546,589.900
529.049,965.962,509.927,799.768,246.322,735.316,246.592,589.990
529.078,966.167,509.936,799.682,246.785,735.404,246.765,589.911
529.088,965.982,509.805,800.004,246.752,735.675,246.694,589.879
528.842,965.945,509.706,800.267,246.523,735.534,246.744,589.938
528.920,965.881,509.810,800.315,246.345,735.161,246.584,589.897
529.279,965.929,509.809,800.122,246.429,735.526,246.576,590.034
528.916,965.886,510.005,799.741,246.357,735.330,246.679,590.108
529.477,966.044,509.970,800.006,246.541,735.828,246.993,590.065
529.446,966.148,509.771,800.501,246.345,736.016,246.943,590.053
529.246,966.190,509.810,800.117,246.764,735.768,247.929,590.179
529.064,966.021,509.955,800.297,246.751,736.054,247.854,590.293
529.215,966.260,509.991,800.192,246.658,736.040,247.839,590.322
529.410,966.379,509.929,800.038,246.601,736.439,247.824,590.215
529.253,966.247,509.862,800.399,246.680,735.847,247.839,590.189
529.275,966.004,509.954,799.851,246.601,735.633,246.932,589.970
529.502,966.236,509.834,800.017,246.588,735.919,246.950,589.907
529.586,965.975,510.027,799.796,246.442,735.961,246.940,589.967
529.419,966.003,510.003,799.763,246.623,736.036,247.957,590.109
529.594,965.763,509.986,800.028,246.650,735.746,247.148,590.175
529.157,965.622,509.942,800.043,246.664,736.172,247.096,590.098
529.140,965.377,509.971,799.695,246.656,735.630,246.984,590.033
529.301,965.480,509.972,800.119,246.679,735.432,246.971,590.013
528.894,964.949,510.026,800.002,246.750,735.247,246.838,590.012
528.716,964.655,509.947,799.879,246.597,734.911,246.851,589.978
528.889,964.727,510.028,800.082,246.588,735.143,247.931,590.095
528.758,964.693,510.026,799.993,246.538,735.115,247.826,590.233
528.541,964.690,509.991,799.947,246.672,734.857,247.727,590.183
529.093,964.943,509.960,799.615,246.442,735.897,247.926,590.215
529.108,964.731,509.841,800.106,246.406,735.822,247.890,590.229
528.946,964.852,509.776,800.265,246.675,735.813,246.692,589.816
528.836,964.827,509.889,799.841,246.706,735.778,247.860,589.838
528.934,965.182,509.841,800.157,246.504,735.628,246.948,589.954
528.681,964.623,509.839,800.062,246.492,735.494,246.850,589.905
529.135,965.222,509.807,800.265,246.695,735.317,246.724,589.974
528.902,965.310,509.819,800.092,246.601,735.118,246.993,589.889
528.693,965.011,509.935,800.000,246.290,733.754,246.821,589.942
529.129,965.361,509.957,800.227,246.745,735.186,246.595,589.804
529.115,965.622,509.829,800.334,246.575,735.771,246.509,589.627
529.432,965.774,509.865,800.134,246.811,735.131,246.723,589.650
529.319,965.720,509.944,799.986,246.702,735.668,246.730,589.862
529.131,965.594,509.904,800.128,246.459,735.678,246.689,589.821
529.228,965.589,509.892,800.003,246.730,735.080,247.182,590.032
529.218,966.106,509.841,800.483,246.563,735.657,246.999,589.788
529.091,965.841,509.861,800.239,246.702,735.666,246.897,589.790
529.081,966.058,510.049,799.476,246.405,735.394,247.151,589.766
529.256,966.245,509.966,799.749,246.411,735.142,247.189,589.777
529.300,966.220,509.952,800.029,246.565,735.009,247.518,589.590
529.219,966.206,509.827,800.304,246.671,735.052,247.455,589.522
529.294,966.392,509.830,800.254,246.589,735.509,247.451,589.781
529.451,966.527,509.667,800.398,246.708,735.490,247.360,589.608
529.260,966.267,509.702,800.509,246.537,735.425,247.308,589.637
529.192,966.256,509.809,800.176,246.553,736.181,247.422,589.738
529.417,966.544,509.803,800.317,246.668,735.811,247.401,589.509
529.496,966.392,509.729,800.330,246.427,735.651,247.616,589.549
529.182,966.203,509.816,800.128,246.444,735.648,247.963,589.660
529.365,966.272,509.963,800.141,246.469,736.062,247.438,589.402
529.491,966.332,509.892,799.919,246.578,735.320,247.667,589.354
529.064,966.142,509.824,800.159,246.843,735.946,247.839,589.704
529.243,966.345,509.883,799.701,246.474,736.254,247.849,589.702
529.074,965.944,509.806,799.875,246.532,735.606,247.782,589.692
528.998,966.053,509.802,799.787,246.484,735.727,247.768,589.712
529.281,966.124,509.832,799.872,246.573,735.583,248.052,589.997
529.310,966.131,509.813,800.253,246.567,735.335,247.856,589.677
529.144,966.388,509.780,800.381,246.598,735.453,247.890,589.589
529.689,966.329,509.780,800.371,246.599,735.489,249.282,590.087
529.342,966.039,509.858,800.164,246.670,735.426,249.359,590.187
529.326,966.022,509.642,800.479,246.646,735.572,249.168,589.943
528.829,965.902,509.704,800.430,246.571,735.736,249.318,590.270
529.234,965.671,510.011,799.851,246.668,735.316,249.482,589.929
529.285,965.757,509.984,799.740,246.630,735.450,250.167,590.054
529.019,965.896,509.881,800.022,246.616,735.518,250.381,589.472
529.050,965.810,509.900,799.970,246.659,735.862,250.922,589.426
528.512,965.321,509.694,800.594,246.571,735.298,251.176,589.702
528.723,965.625,509.706,800.358,246.579,735.971,250.989,589.463
529.006,965.626,509.836,800.524,246.478,735.284,251.148,589.691
528.796,965.533,509.885,800.234,246.421,735.859,251.030,589.656
528.748,965.479,509.844,800.209,246.574,735.968,251.385,589.756
529.004,965.765,509.722,800.709,246.463,736.142,251.405,589.387
528.747,965.446,509.736,800.189,246.462,736.071,251.609,589.453
529.025,965.601,509.831,800.241,246.686,736.210,251.798,589.307
529.609,966.188,509.694,800.603,246.565,735.893,251.880,589.256
528.793,965.786,509.766,800.275,246.646,735.832,252.123,589.169
528.823,965.918,509.819,800.194,246.675,736.065,252.555,589.391
529.294,966.075,509.761,800.395,246.609,736.270,252.382,589.574
529.359,966.042,509.775,800.378,246.595,736.372,252.552,589.674
528.983,965.925,510.161,799.914,246.689,735.376,252.439,589.392
529.419,965.778,509.988,799.998,246.483,735.650,252.005,588.835
529.312,965.621,510.041,800.127,246.641,735.326,251.672,588.778
529.409,965.826,509.739,800.476,246.367,734.570,251.160,588.963
529.078,965.659,509.736,800.571,246.501,734.885,250.873,589.109
529.358,965.805,509.747,800.323,246.638,735.880,250.926,588.735
529.052,965.618,509.835,800.003,246.550,735.883,251.159,588.489
529.206,965.900,509.914,800.140,246.606,735.778,251.043,588.579
529.606,966.159,509.752,800.247,246.688,736.339,250.018,588.630
528.700,965.720,509.884,800.086,246.527,735.501,251.086,589.111
528.794,965.680,509.736,800.417,246.479,735.614,251.378,589.461
529.258,965.769,509.886,800.109,246.586,735.533,252.150,590.045
528.898,965.801,509.884,800.015,246.522,735.444,252.354,590.049
528.715,965.500,509.853,800.202,246.590,735.761,252.441,589.926
528.894,965.425,509.875,800.291,246.608,735.734,252.153,589.914
529.218,965.412,509.871,800.042,246.464,735.999,252.656,590.065
529.165,965.721,509.795,800.139,246.357,735.630,252.879,590.140
529.087,965.740,509.906,800.133,246.382,735.702,252.966,589.499
529.096,965.726,509.822,800.425,246.517,735.465,252.276,589.342
528.923,965.803,509.868,800.551,246.491,735.750,251.612,588.857
528.959,965.978,509.735,800.489,246.150,734.703,250.576,589.274
528.784,965.779,509.685,800.612,246.393,735.784,250.669,589.443
528.885,966.347,509.787,800.125,246.426,735.725,249.943,589.676
528.806,966.171,509.750,800.414,246.509,735.596,250.548,589.550
529.100,966.587,509.809,800.304,246.412,735.515,250.733,589.518
528.847,966.396,509.781,800.259,246.516,735.548,250.277,589.439
529.059,967.100,509.887,800.001,246.489,735.746,250.496,589.663
528.831,966.958,509.765,800.297,246.477,735.507,249.902,589.310
528.819,966.909,509.847,800.050,246.536,735.993,250.397,589.767
529.201,967.382,509.760,800.430,246.620,735.829,250.398,589.875
529.119,967.417,509.793,800.436,246.363,735.893,250.291,589.994
529.891,968.375,509.618,800.621,246.613,735.779,251.590,591.374
529.716,968.417,509.749,800.428,246.552,735.841,251.383,591.342
530.267,968.987,509.677,800.536,246.704,735.685,253.431,591.481
532.155,969.375,509.764,800.132,246.696,735.868,253.582,591.491
532.355,969.432,509.665,800.404,246.551,735.905,253.652,591.383
532.383,969.580,509.732,800.246,246.640,735.957,254.152,591.363
532.428,969.471,509.714,800.629,246.684,736.251,254.293,591.175
533.293,969.385,509.610,800.770,246.538,736.433,254.410,591.248
534.752,969.181,509.742,800.366,246.794,735.812,254.243,591.174
535.623,969.293,509.664,800.633,246.794,735.837,253.891,590.793
536.293,969.866,509.702,800.360,246.642,735.875,253.824,590.750
536.474,970.173,509.697,800.500,246.658,735.469,254.034,590.872
536.123,970.869,509.609,800.566,246.578,735.726,253.875,591.183
536.039,970.780,509.798,800.316,246.595,735.839,254.079,590.900
536.551,970.532,509.675,800.576,246.531,735.812,254.098,590.884
537.861,970.995,509.770,800.205,246.630,735.903,254.160,590.697
538.667,971.460,509.862,800.003,246.615,735.769,254.032,590.873
538.490,971.539,509.657,800.204,246.594,736.003,254.068,590.447
538.898,971.860,509.735,800.325,246.584,736.208,253.874,590.172
539.612,971.789,509.740,800.153,246.729,735.943,252.874,589.231
539.416,971.043,509.736,800.470,246.558,735.710,252.804,588.477
538.026,970.633,510.111,799.529,246.657,735.249,252.309,587.726
538.026,970.227,509.733,800.139,246.540,735.848,252.728,588.002
538.080,970.270,509.828,800.151,246.401,735.945,253.032,587.887
538.781,970.073,509.734,800.477,246.426,735.795,253.671,587.365
539.829,969.292,510.032,799.817,246.456,735.978,253.018,586.614
540.674,969.279,509.728,800.265,246.511,735.653,252.866,586.488
541.978,969.895,509.705,800.394,246.741,735.649,252.516,586.734
543.813,971.259,509.816,800.241,246.719,736.270,252.920,587.416
545.679,973.010,509.844,800.165,246.736,736.042,252.869,587.333
546.762,974.097,509.750,800.305,246.646,735.644,252.492,586.952
547.193,974.537,509.750,800.266,246.685,735.918,252.604,586.915
547.057,974.929,509.713,800.243,246.725,735.756,252.133,587.006
547.022,974.952,509.732,800.425,246.423,735.531,252.277,587.465
547.140,974.956,509.812,800.105,246.398,735.819,252.568,588.188
547.935,974.934,509.745,800.171,246.464,735.959,253.022,589.214
548.597,974.888,509.834,800.333,246.770,736.370,253.036,589.786
549.496,975.444,509.706,800.584,246.611,735.747,253.162,589.493
548.768,975.203,509.705,800.319,246.342,736.175,253.114,589.441
548.331,975.603,509.809,800.235,246.590,736.057,253.984,589.800
548.442,975.678,509.797,800.187,246.519,735.713,253.692,589.897
549.103,976.070,509.770,800.380,246.284,735.918,253.000,590.051
549.713,976.049,509.760,800.319,246.639,736.171,251.394,589.848
550.916,976.279,509.638,800.530,246.653,735.967,252.596,589.281
552.088,976.785,509.723,800.471,246.651,736.073,252.325,588.941
552.241,977.008,509.847,800.152,246.655,735.555,252.277,588.943
551.313,976.979,509.678,800.333,246.584,735.736,252.302,588.830
551.773,977.165,509.855,800.070,246.533,735.579,252.932,588.689
551.886,977.368,509.750,800.172,246.501,735.681,252.843,588.755
552.378,977.178,509.855,799.741,246.612,736.091,252.856,588.416
554.010,977.781,509.934,799.579,246.733,735.736,253.144,588.014
555.770,978.122,509.926,799.655,246.609,735.721,251.981,588.144
557.066,978.387,509.813,800.249,246.415,736.073,251.878,588.673
558.160,978.948,509.792,800.057,246.480,735.925,251.814,588.562
559.166,979.610,509.625,800.551,246.507,736.272,251.713,588.750
558.863,979.611,509.633,800.333,246.582,736.232,252.254,588.763
558.151,979.571,509.871,799.791,246.618,735.934,252.438,588.807
557.259,978.883,509.722,800.288,246.615,736.084,251.963,588.090
556.644,978.671,509.932,799.871,246.532,736.171,251.526,588.300
555.448,979.378,509.744,800.143,246.567,736.160,251.342,588.191
553.712,979.788,509.759,800.181,246.438,735.653,250.907,588.283
553.203,980.008,509.823,800.237,246.454,735.647,250.938,588.165
552.289,979.610,509.662,800.750,246.663,735.659,251.669,588.126
551.492,979.168,509.772,800.364,246.606,736.394,251.655,588.742
551.138,979.382,509.794,800.066,246.663,736.035,251.879,587.976
550.858,980.685,509.808,800.425,246.044,734.858,251.484,587.818
552.401,982.990,509.701,800.607,246.184,735.290,251.544,587.702
553.185,984.247,509.801,800.296,246.683,736.540,251.618,588.597
554.246,985.322,509.778,800.291,246.794,736.398,251.931,588.750
554.667,984.956,509.652,800.525,246.603,736.121,251.625,588.215
554.455,984.657,509.689,800.492,246.344,734.794,251.891,588.900
554.214,984.469,509.770,800.451,246.562,735.866,252.447,589.445
554.178,984.382,509.824,800.393,246.701,736.085,252.260,587.768
554.813,984.621,509.792,800.593,246.622,735.846,252.207,587.772
554.803,984.650,509.815,800.325,246.596,736.070,252.097,587.692
555.115,984.243,509.633,800.677,246.476,735.569,252.520,588.053
554.760,983.206,509.882,800.150,246.620,735.767,252.531,588.343
555.415,983.583,509.992,799.738,246.686,735.802,252.302,588.481
556.609,984.002,509.843,800.003,246.568,735.098,252.413,587.693
558.052,984.365,509.860,800.063,246.596,735.226,252.600,588.299
559.225,984.484,509.638,800.545,246.693,735.479,253.174,587.978
559.592,984.598,509.712,800.586,246.655,736.040,252.822,587.744
559.168,983.904,509.691,800.441,246.366,735.875,252.838,588.250
559.002,983.360,509.770,800.405,246.606,736.168,252.568,588.110
559.096,983.101,509.668,800.860,246.642,735.613,252.489,588.094
558.895,982.443,509.737,800.466,246.688,735.830,252.756,588.115
559.841,983.435,509.579,800.635,246.573,735.581,252.870,588.008
559.125,982.712,509.636,800.594,246.638,735.549,252.744,587.836
558.904,983.478,509.893,799.870,246.698,735.680,252.579,587.774
558.710,984.358,509.907,799.902,246.805,735.400,252.646,587.832
557.653,984.225,509.905,799.858,246.780,735.959,252.800,587.389
557.871,985.344,509.659,800.504,246.849,735.620,252.485,587.981
558.162,985.858,509.720,800.434,246.865,735.609,252.753,587.997
558.271,987.036,509.916,799.601,246.919,736.087,252.479,587.981
559.332,987.829,509.722,800.220,246.937,735.902,252.574,587.484
559.912,988.824,509.771,799.949,246.946,736.172,252.924,587.428
559.611,988.948,509.841,799.882,246.827,736.030,252.300,587.521
559.020,989.060,509.629,800.456,246.766,735.724,252.521,587.804
559.067,988.965,509.671,800.307,246.758,735.893,252.483,588.126
559.004,988.851,509.740,800.282,246.671,735.931,252.703,587.604
559.411,988.680,509.804,800.310,246.790,735.694,253.364,587.580
559.622,989.119,509.931,800.226,246.735,735.696,252.991,588.051
559.688,989.021,509.804,800.451,246.560,735.664,253.060,588.255
559.085,988.630,509.770,800.505,246.613,735.629,252.785,588.379
557.807,987.558,509.767,800.638,246.727,736.129,252.329,588.442
556.597,987.210,509.640,800.746,246.700,736.279,252.581,588.841
556.231,987.233,509.782,800.226,246.622,735.814,252.229,587.256
555.954,987.061,509.766,800.093,246.616,736.067,252.549,587.399
555.343,987.822,509.754,800.346,246.637,735.805,252.889,587.706
554.776,988.210,509.676,800.441,246.576,735.654,252.837,587.606
554.681,989.451,509.705,800.507,246.665,736.181,252.484,588.107
554.629,990.060,509.811,800.120,246.688,736.014,252.695,587.366
554.870,991.361,509.819,800.260,246.698,735.460,252.321,587.473
556.200,993.138,509.995,799.987,246.716,735.656,252.680,587.753
557.671,994.232,509.842,799.969,246.738,735.909,252.846,588.420
557.485,994.467,509.751,800.536,246.555,736.435,252.651,587.944
557.085,994.096,509.791,800.813,246.583,735.974,253.050,587.466
557.106,994.376,509.784,800.437,246.627,735.501,252.485,587.744
556.985,994.340,509.811,800.507,246.761,735.368,252.649,587.950
557.469,994.519,509.760,800.064,246.789,735.636,251.261,587.580
557.606,994.396,509.683,800.564,246.555,735.647,252.311,587.570
557.331,994.347,509.823,800.176,246.673,735.653,252.479,587.731
557.240,993.753,509.895,800.123,246.641,735.708,252.359,587.790
556.675,992.903,509.878,800.193,246.667,735.561,252.040,587.694
556.570,992.589,509.913,800.178,246.646,735.321,251.852,587.746
557.789,992.980,509.857,800.207,246.913,735.651,252.668,587.622
558.001,993.377,509.752,800.236,247.016,734.977,252.256,587.916
557.684,993.158,509.981,799.917,246.669,735.589,252.670,587.362
557.149,992.733,509.862,800.388,246.696,734.880,252.884,587.404
557.062,992.584,509.983,800.111,246.776,735.365,252.960,587.698
557.510,992.859,509.861,800.519,246.544,735.793,252.927,587.936
557.694,993.019,509.788,800.520,246.539,735.821,252.836,587.793
558.216,993.129,509.946,800.266,246.647,735.241,252.934,588.493
558.549,993.243,509.907,800.422,246.771,736.126,252.880,587.600
558.651,993.346,509.841,800.329,246.762,735.608,252.984,587.535
558.439,993.254,509.936,800.196,246.613,735.647,253.057,587.804
558.447,993.223,509.997,799.855,246.696,735.928,253.019,587.899
558.636,993.305,509.932,799.946,246.711,735.877,252.961,587.415
558.450,993.476,509.828,800.326,246.706,735.875,252.673,588.058
558.317,993.588,509.815,800.390,247.125,735.355,253.175,589.129
558.761,995.476,509.835,800.247,246.937,735.166,252.829,587.158
559.943,996.874,509.822,800.148,246.505,736.100,252.852,587.337
560.486,997.816,509.835,799.996,246.592,736.007,253.016,587.271
560.298,998.140,509.925,800.103,246.584,735.546,252.822,587.305
560.120,998.312,509.918,799.965,246.627,735.864,252.681,587.218
559.827,997.760,509.895,800.007,246.730,735.681,252.796,587.349
560.089,998.023,509.891,799.990,246.677,735.484,252.537,587.195
559.724,997.810,509.724,800.453,246.811,735.952,252.847,587.271
559.834,997.780,509.715,800.503,246.880,736.126,252.609,587.299
560.162,998.662,509.957,800.171,246.800,735.411,252.640,587.157
559.778,998.858,509.889,800.147,246.779,735.765,252.376,586.999
559.163,999.212,509.985,800.074,246.815,735.043,252.512,587.226
558.697,999.538,510.067,799.849,246.872,735.374,253.103,587.086
558.399,1000.126,509.901,799.956,246.903,735.594,252.953,587.181
558.593,1000.661,509.893,799.647,246.821,735.348,252.700,587.321
558.478,1000.027,509.973,799.518,246.823,735.876,252.778,587.168
558.354,1000.639,509.817,800.009,246.795,736.227,252.747,587.263
557.938,1000.498,509.837,799.880,246.686,735.591,253.045,587.091
557.908,1000.393,509.958,799.881,246.731,736.088,252.874,587.020
557.936,999.589,509.967,799.643,246.606,735.980,252.330,587.382
558.743,1000.303,509.926,800.275,246.731,735.705,252.537,587.426
559.256,1000.464,509.932,799.743,246.667,735.994,252.623,587.442
559.944,1000.788,509.990,799.828,246.729,736.001,252.555,587.481
559.832,1000.389,509.965,799.834,246.643,735.793,252.549,587.367
559.757,1000.242,509.861,800.049,246.840,736.366,252.334,587.556
559.892,999.753,510.031,799.957,246.870,736.562,252.545,587.415
560.434,1000.246,509.887,800.191,246.674,736.338,252.444,587.518
560.448,1000.348,509.823,800.304,246.848,736.045,253.192,587.787
560.436,1000.439,509.919,800.245,246.691,736.331,252.901,587.666
560.729,1000.648,509.786,800.404,246.723,736.345,253.141,587.330
560.476,1000.415,509.836,800.316,246.666,736.143,253.266,587.901
560.838,999.976,509.837,800.342,246.701,736.045,253.298,588.173
560.693,999.408,509.851,800.061,246.663,735.986,253.378,588.318
560.883,999.105,509.852,800.114,246.602,736.437,252.955,588.443
560.673,999.264,509.820,799.968,246.615,736.373,253.117,588.063
561.015,999.642,509.802,800.103,246.743,736.058,252.783,588.165
560.842,999.922,509.838,800.148,246.768,735.704,252.861,588.811
560.964,999.046,509.730,800.340,246.702,736.155,252.038,589.150
561.248,999.972,509.850,800.356,246.748,735.980,252.848,588.650
561.370,998.931,509.828,800.345,246.806,735.822,252.718,587.739
561.472,999.186,509.860,800.362,246.884,735.420,253.445,587.389
561.474,999.057,509.823,800.293,246.864,735.346,253.355,587.375
561.738,999.546,509.921,800.012,246.817,735.066,253.032,587.109
561.824,999.422,509.818,800.441,246.751,735.724,252.963,587.350
562.104,1000.058,509.897,800.237,246.802,735.825,252.966,587.199
562.584,1000.599,509.984,799.830,246.760,735.901,253.096,587.219
562.986,1000.605,509.912,800.282,246.798,735.560,252.780,586.676
562.917,1000.595,509.961,799.852,246.797,735.717,252.236,586.587
562.655,1000.998,509.805,800.450,246.922,735.703,252.060,586.475
562.485,1000.212,509.786,800.515,246.833,735.843,252.083,586.410
562.639,1000.752,509.963,800.309,246.774,735.677,252.999,586.753
562.750,1000.966,510.028,800.171,246.795,735.858,253.077,586.872
562.519,1001.239,509.802,800.378,246.755,735.680,253.039,586.711
562.578,1000.839,509.708,800.612,246.674,735.709,252.863,586.873
562.590,1000.970,509.663,800.635,246.507,735.521,251.973,586.489
562.535,1000.369,509.787,800.353,246.774,735.955,252.845,586.906
562.396,1000.267,509.794,800.521,246.550,735.851,252.579,586.570
562.354,1000.169,509.947,800.193,246.801,735.956,253.219,587.297
561.823,1000.069,509.945,799.924,246.807,736.152,253.137,587.084
561.941,1000.087,509.821,800.203,246.784,735.568,252.967,587.426
561.936,1000.083,509.853,800.070,246.620,735.712,253.068,587.265
561.839,1000.862,509.858,800.239,246.513,735.887,253.099,587.242
561.783,1000.844,509.808,800.281,246.524,736.033,253.182,587.314
561.824,1001.023,509.789,800.581,246.798,735.659,253.324,587.130
561.575,999.720,509.708,800.793,246.748,735.813,253.447,587.005
561.981,1000.901,509.737,800.634,246.827,735.724,253.540,587.266
562.016,1000.966,509.855,800.356,246.618,736.581,253.346,587.255
562.013,1000.740,509.670,800.513,246.572,736.066,253.434,587.234
561.864,1000.814,509.828,799.989,246.848,736.056,253.213,587.146
561.735,999.996,509.908,800.220,246.820,735.993,253.734,587.326
561.693,1000.880,509.935,800.185,246.604,735.590,253.049,587.138
561.584,1001.028,509.653,800.532,246.673,735.875,253.236,587.112
561.593,1000.600,509.836,800.565,246.713,735.862,253.283,586.888
561.771,1000.209,509.994,800.072,246.533,735.854,253.085,586.830
561.954,1000.963,509.744,800.329,246.650,734.400,253.133,586.852
561.536,1000.730,509.833,800.069,246.818,735.794,253.367,587.032
561.334,1000.728,510.059,799.781,247.016,735.465,253.146,587.228
561.744,1000.942,509.910,800.121,246.566,735.826,253.057,587.088
561.749,1000.862,509.957,800.059,246.924,735.173,253.237,587.172
562.003,1001.260,509.987,800.464,246.630,735.264,253.494,587.341
561.869,1001.038,509.917,800.416,246.611,735.588,253.674,587.234
561.938,1001.374,509.858,800.407,246.562,735.918,253.838,587.000
562.015,1001.370,509.880,800.370,246.923,735.587,254.268,587.130
561.935,1001.044,509.974,799.825,246.966,735.054,254.182,587.179
561.891,1000.329,509.917,800.131,246.892,735.761,254.355,587.224
561.783,1001.374,509.835,800.451,246.497,735.801,254.631,587.383
561.822,1001.375,509.743,800.435,246.518,736.049,254.364,587.314
561.978,1001.154,509.852,800.274,246.604,735.808,254.158,587.146
561.946,1001.208,509.772,800.507,246.590,735.495,255.235,587.681
561.972,1001.455,509.871,800.266,246.758,736.235,255.489,587.948
561.819,1001.001,509.872,800.134,246.694,736.098,255.732,587.731
561.881,1001.077,509.872,800.285,246.819,736.351,255.749,587.832
561.721,1000.905,509.912,799.832,246.619,736.303,255.794,587.852
561.572,1000.994,509.889,799.991,246.543,736.493,255.625,587.792
561.553,1000.808,509.949,800.050,246.937,736.344,255.672,587.651
561.833,1001.238,509.854,800.056,246.795,735.955,255.755,587.255
561.844,1001.141,509.837,800.252,246.674,735.640,255.642,587.677
561.909,1001.207,509.927,800.080,246.675,736.031,255.699,587.759
561.950,1000.565,509.922,800.331,246.712,735.713,255.873,587.886
562.053,1001.196,509.894,800.160,246.885,735.665,255.912,587.562
562.001,1000.739,509.874,800.430,246.504,736.148,255.614,587.793
561.813,1001.340,509.958,799.895,246.591,735.935,255.866,587.807
561.477,1000.928,509.913,800.301,246.762,736.176,256.089,587.427
561.483,1001.178,509.886,800.454,246.741,736.225,256.208,587.485
561.839,1001.202,510.042,800.254,246.720,736.220,255.962,587.334
562.184,1001.499,509.967,799.888,246.738,736.102,256.122,587.718
562.008,1001.559,509.930,799.810,246.903,736.168,255.981,587.500
561.879,1001.269,509.805,800.361,246.843,735.752,255.957,587.816
561.941,1001.342,509.721,800.589,246.772,736.512,256.052,587.938
561.877,1001.319,509.703,800.676,246.712,736.937,255.933,587.606
561.928,1001.260,509.719,800.376,246.810,736.006,256.082,587.674
561.837,1001.486,509.911,799.935,246.618,735.735,256.280,587.960
561.687,1001.482,509.908,800.079,246.764,735.997,256.090,587.706
561.786,1001.595,509.896,800.263,246.572,735.158,255.927,587.632
561.764,1000.719,509.831,800.478,246.808,735.424,255.946,587.721
561.916,1001.775,509.849,800.379,246.586,735.949,256.219,587.875
561.806,1001.502,509.722,800.620,246.749,735.522,256.427,587.861
561.967,1000.746,509.728,800.472,246.617,736.022,256.587,587.805
561.801,1000.317,509.577,800.731,246.650,736.014,256.417,587.994
561.810,1000.546,509.631,800.674,246.592,736.047,256.449,587.924
561.890,1001.387,510.024,799.915,246.641,736.180,256.399,587.918
561.700,1001.145,509.923,799.988,246.565,735.997,256.485,587.750
562.122,1001.373,509.748,800.337,246.786,736.070,256.592,588.027
562.115,1001.373,509.748,800.617,246.671,736.268,256.465,587.709
562.052,1001.559,509.804,800.284,246.881,736.110,256.573,587.817
562.210,1001.545,509.758,800.410,246.844,735.827,256.560,587.485
561.861,1000.886,509.651,800.456,246.800,735.909,256.602,587.344
561.863,1001.019,509.759,800.299,246.777,736.136,256.732,587.407
561.811,1001.316,509.663,800.663,246.470,736.068,256.526,587.291
561.711,1000.950,509.841,800.437,246.692,736.191,256.568,587.435
561.878,1001.220,510.072,799.788,246.722,735.349,256.602,587.617
562.014,1001.256,509.895,800.164,246.782,735.828,256.631,587.362
561.912,1001.330,509.924,800.058,246.775,735.654,256.304,587.937
562.020,1001.401,509.826,800.188,246.810,735.653,256.772,587.559
561.924,1001.276,509.738,800.589,246.769,735.869,256.895,587.667
562.116,1001.495,509.933,800.012,246.740,735.900,256.686,587.946
562.124,1001.570,509.923,800.253,246.738,736.002,256.816,587.694
561.816,1001.272,509.951,799.940,246.626,736.065,256.694,588.097
561.963,1001.322,509.850,799.957,246.646,735.570,256.826,587.804
562.185,1001.743,509.617,800.733,246.665,736.274,256.699,587.853
562.093,1001.594,509.751,800.348,246.762,735.864,256.722,587.806
561.852,1001.412,509.917,800.220,246.752,735.766,256.592,587.649
561.911,1001.284,509.800,800.175,246.777,735.847,256.458,587.887
561.991,1001.415,509.728,800.541,246.832,736.096,256.685,587.824
561.951,1001.310,509.816,800.281,246.590,735.734,256.710,587.581
561.968,1001.378,509.841,800.241,246.629,735.733,256.631,587.413
561.988,1001.179,509.887,800.196,246.908,736.104,256.907,587.794
561.881,1001.125,509.740,800.610,246.891,735.800,256.863,587.770
562.095,1000.515,509.957,799.789,246.954,736.038,256.856,587.633
561.981,1000.373,509.869,800.084,246.887,736.080,256.671,587.761
562.060,1001.608,509.709,800.456,246.737,736.001,256.833,587.845
561.913,1001.400,509.762,800.378,246.955,736.109,256.739,587.853
562.001,1001.476,509.906,800.078,246.889,736.006,256.664,587.611
562.126,1001.587,509.834,800.107,246.863,736.093,256.787,587.662
562.136,1001.775,509.877,800.377,246.853,736.461,256.725,587.641
561.776,1001.291,509.935,800.327,246.926,735.610,256.688,587.573
562.046,1001.614,509.859,800.410,246.803,735.639,256.579,587.552
562.266,1001.314,509.924,800.318,246.910,735.991,256.618,587.426
562.212,1001.577,509.907,800.417,246.873,735.863,256.728,587.483
561.880,1001.461,510.027,800.263,246.863,735.606,256.734,587.744
561.974,1001.696,509.940,800.364,246.781,735.902,256.557,587.806
561.956,1001.282,509.858,800.508,246.854,735.705,256.785,587.754
561.943,1001.400,509.824,800.558,246.817,735.730,256.605,588.158
561.990,1001.254,509.925,799.954,246.536,736.310,256.971,587.237
561.915,1001.198,509.862,800.236,246.443,736.292,257.192,587.488
561.959,1000.460,509.809,800.191,246.551,736.503,256.806,587.484
561.972,1000.537,509.924,800.087,246.640,736.344,256.850,587.523
562.093,1000.502,509.899,800.104,246.768,735.384,257.126,587.891
562.157,1000.732,509.865,800.135,246.836,735.984,256.936,587.824
561.980,1001.561,509.715,800.379,246.548,736.091,256.766,587.994
562.000,1000.520,509.927,799.669,246.696,736.039,256.902,587.631
561.933,1001.142,509.815,800.288,246.904,736.249,256.905,587.899
561.894,1001.476,509.945,799.760,246.919,735.837,257.030,587.757
561.972,1001.253,509.849,800.012,246.838,735.867,256.912,587.647
561.890,1001.201,509.866,799.967,246.716,735.616,256.774,587.836
561.831,1001.095,509.852,799.859,246.813,735.617,256.924,587.571
561.838,1001.356,509.789,800.181,246.887,735.614,256.723,587.694
561.983,1001.612,509.887,799.924,246.911,736.048,256.990,587.705
561.671,1001.135,509.975,799.941,246.846,736.306,256.842,587.677
561.846,1001.165,509.840,800.093,246.907,736.184,256.630,587.527
561.808,1001.085,509.690,800.422,246.913,735.344,256.968,587.775
561.860,1001.147,509.699,800.509,246.928,735.617,256.662,587.782
561.607,1000.799,509.772,800.816,246.822,735.475,256.721,588.024
562.002,1001.172,509.655,800.550,246.888,735.508,256.726,587.663
561.844,1001.202,509.782,800.392,246.915,735.472,256.682,587.983
561.900,1001.185,509.891,800.108,246.961,735.724,256.999,588.009
562.016,1001.386,509.859,800.206,246.928,735.476,257.006,587.860
561.792,1001.292,509.719,800.253,246.828,736.404,256.856,587.850
561.857,1001.163,509.742,800.341,246.740,736.140,256.798,587.998
561.858,1001.163,509.859,800.001,246.693,735.692,256.967,587.975
561.922,1001.193,509.808,800.171,246.760,735.930,256.980,588.056
561.509,1001.148,509.717,800.511,246.944,735.864,257.017,587.998
561.774,1001.083,509.741,800.546,246.897,736.059,256.832,587.229
561.604,1000.523,509.792,800.252,246.818,735.597,257.240,587.313
561.709,1000.840,509.825,800.138,246.960,735.623,256.982,587.113
561.704,1001.077,509.849,800.165,246.923,735.069,257.062,586.961
561.849,1001.320,509.872,800.288,246.915,736.067,257.088,587.788
561.980,1001.243,509.683,800.331,247.012,735.336,257.052,587.768
561.971,1001.205,509.756,800.280,246.943,735.864,257.049,587.982
561.918,1001.299,509.764,800.224,246.870,736.151,256.981,588.168
562.091,1000.400,509.744,800.268,246.874,736.393,256.966,587.464
561.796,1000.391,509.755,800.356,246.904,736.021,257.124,587.255
561.802,1000.407,509.768,800.208,246.856,735.999,256.896,587.717
561.843,1000.573,509.739,800.404,246.649,735.935,257.007,587.949
562.085,1001.293,509.735,800.243,246.744,735.944,257.085,587.694
562.012,1001.269,509.913,799.904,246.758,736.128,256.890,587.717
561.918,1001.102,509.760,800.170,246.778,735.497,256.957,587.961
561.945,1000.435,509.813,800.024,246.761,736.089,256.970,587.632
561.809,1001.426,509.756,800.552,246.744,735.568,256.861,587.331
561.773,1001.155,509.745,800.300,246.785,735.095,256.873,587.985
562.001,1001.285,509.731,800.365,246.822,735.620,256.656,587.935
561.744,1001.066,509.689,800.539,246.840,736.080,256.852,587.645
561.927,1000.484,509.793,800.393,246.832,735.633,256.794,587.200
562.003,1001.226,509.953,799.779,246.949,735.499,256.747,587.133
561.845,1001.042,509.893,799.805,246.953,735.171,256.952,587.596
561.923,1001.209,509.752,800.498,246.989,735.537,256.838,587.826
562.004,1001.283,509.768,800.211,246.654,735.209,256.838,587.649
561.767,1000.422,509.767,800.951,246.931,735.311,256.835,587.547
561.929,1001.364,509.732,800.713,246.882,735.236,256.867,587.706
561.879,1001.164,509.813,800.513,246.953,735.404,256.647,587.639
561.988,1001.265,509.731,800.449,246.920,735.593,257.127,587.656
561.874,1001.320,509.827,800.135,246.970,735.312,256.966,587.428
562.102,1001.359,509.921,800.277,246.894,735.054,257.162,587.802
561.797,1001.163,509.795,800.290,246.973,735.083,257.062,587.680
561.236,1000.407,509.914,799.977,246.933,735.399,257.052,587.882
561.396,1000.757,509.838,800.116,246.931,735.730,256.827,587.852
561.781,1001.023,509.853,800.197,246.869,735.824,256.843,588.374
561.796,1000.869,509.817,800.147,246.985,735.651,257.144,587.964
561.758,1000.893,509.942,799.760,246.805,735.782,256.765,588.133
561.757,1000.902,509.894,800.013,246.849,735.300,257.091,587.979
561.746,1000.316,509.909,800.066,246.851,735.819,257.178,588.068
561.786,1000.276,509.874,800.287,246.842,735.793,257.270,588.183
561.523,1000.679,509.801,800.232,246.964,736.034,257.323,588.277
561.632,1001.010,509.917,800.247,246.942,735.276,256.901,588.480
561.799,1000.995,510.022,800.181,247.000,735.452,256.945,588.336
561.922,1000.579,509.979,800.208,246.905,736.086,257.511,588.345
561.957,1001.314,510.005,800.161,246.824,735.630,257.039,589.066
561.792,1001.208,509.760,800.648,246.765,735.193,256.926,588.530
561.844,1001.106,509.772,800.755,246.692,735.481,256.842,588.596
561.727,1001.064,510.039,800.098,246.773,735.869,257.065,588.503
561.933,1001.200,509.893,800.354,246.611,735.694,257.130,588.382
561.736,1000.298,509.863,800.456,246.620,735.622,257.239,588.258
561.722,1000.340,509.850,800.453,246.628,735.768,256.921,588.516
561.983,1000.407,509.884,800.007,246.844,735.663,256.723,588.312
561.872,1000.324,509.854,800.032,246.855,735.858,257.008,587.988
561.851,1001.156,509.957,799.921,246.678,735.803,257.120,587.997
561.855,1001.138,509.872,800.241,246.573,735.784,257.171,588.402
562.080,1001.386,509.939,800.051,246.665,735.724,256.512,588.100
561.867,1001.216,509.866,800.273,246.804,735.630,256.899,588.222
561.375,1000.910,509.909,800.025,246.691,735.624,256.789,588.436
561.958,1000.460,509.809,800.391,246.760,735.583,256.703,587.789
561.593,1000.174,509.925,800.018,246.650,735.588,256.724,587.884
562.058,1000.498,510.022,799.900,246.925,735.680,256.680,588.297
562.002,1000.427,509.886,800.075,246.885,735.793,256.523,588.224
561.902,1001.167,509.988,799.803,246.823,735.783,256.479,588.035
561.853,1001.147,509.880,800.149,246.835,735.972,256.435,588.173
561.916,1001.003,509.865,800.240,246.932,735.918,256.517,588.050
562.012,1001.157,509.815,800.435,246.826,736.015,256.486,588.249
562.255,1000.912,509.729,800.454,246.655,735.929,256.524,588.251
562.017,1001.592,509.888,800.336,246.649,736.358,256.353,588.049
561.977,1000.581,509.846,800.092,246.565,736.090,256.313,587.970
561.832,1000.430,509.995,799.835,246.728,735.841,256.420,587.979
562.022,1000.648,509.897,800.076,246.801,735.650,256.381,587.858
561.881,1001.340,509.853,800.430,246.659,735.717,256.170,587.762
561.861,1001.301,509.868,800.354,246.677,735.515,256.265,587.741
561.914,1000.607,509.862,800.138,246.763,735.528,256.230,587.637
562.058,1001.071,509.978,800.010,246.775,735.824,256.151,587.559
562.109,1001.267,509.802,800.365,246.832,735.608,256.058,587.370
562.106,1001.086,509.917,800.050,246.730,735.588,255.932,586.708
562.099,1001.363,510.064,799.944,246.909,735.305,255.469,586.344
562.077,1001.147,509.908,800.318,246.616,735.620,255.219,586.209
561.951,1001.410,509.869,800.254,246.471,734.224,255.103,586.317
561.946,1000.452,509.941,800.295,246.827,735.380,255.094,586.544
561.916,1001.389,509.751,800.017,246.636,735.710,255.281,586.885
562.166,1001.477,509.744,800.602,246.661,735.303,255.299,586.750
561.996,1001.359,509.733,800.388,246.684,735.262,255.020,586.658
561.948,1001.260,509.857,800.323,246.886,736.272,254.980,586.849
562.047,1001.443,509.854,800.396,246.905,735.798,254.960,586.967
561.994,1001.240,509.825,800.261,246.954,735.421,254.094,586.565
562.003,1001.400,509.768,800.282,246.955,735.847,254.167,586.628
561.968,1001.140,509.746,800.273,246.593,735.633,254.790,586.844
562.020,1000.607,509.817,800.408,246.623,735.855,254.622,586.721
561.972,1001.428,509.998,799.996,246.863,735.608,254.927,586.970
561.872,1001.280,510.088,799.975,246.812,735.813,254.622,586.835
562.096,1001.387,509.900,800.390,246.961,735.449,254.653,586.629
562.008,1001.108,509.880,800.272,246.912,735.684,254.816,586.693
562.148,1001.416,509.954,800.152,246.670,735.569,254.392,586.333
561.930,1000.347,509.855,800.194,246.693,735.324,254.591,586.471
562.157,1000.450,509.877,800.189,246.696,735.227,254.566,586.441
561.815,1000.858,509.974,800.024,246.929,735.431,254.769,586.702
561.954,1001.123,509.875,800.050,246.763,735.551,254.543,586.598
562.008,1000.385,509.961,799.885,246.810,735.538,254.570,586.657
561.914,1000.431,509.958,799.902,246.866,735.549,254.509,586.558
562.041,1001.285,510.090,799.718,247.001,735.158,254.386,586.242
561.853,1000.982,510.046,799.745,246.993,735.315,254.610,586.351
561.991,1001.026,509.827,800.380,246.831,735.631,254.574,586.546
561.915,1001.306,509.861,800.211,246.800,736.036,254.858,586.632
561.981,1001.529,509.995,799.895,246.978,735.663,254.808,586.606
561.980,1001.393,509.872,800.367,246.840,735.843,254.745,586.500
561.736,1000.843,509.833,800.337,246.698,735.673,254.743,586.433
562.157,1001.524,509.819,800.498,246.877,735.448,254.828,586.478
561.863,1001.233,509.946,800.158,246.813,735.472,254.840,586.469
561.775,1001.180,510.093,800.079,246.651,736.366,254.561,586.414
561.722,1001.095,509.992,800.076,246.577,735.702,253.806,586.216
561.894,1001.345,510.095,799.783,246.872,736.118,254.067,586.238
561.674,1001.246,510.255,799.665,246.788,735.913,254.265,586.323
561.737,1001.165,509.751,800.552,246.864,735.933,253.540,586.039
561.749,1001.328,509.873,800.585,246.866,735.938,254.035,586.203
561.966,1001.338,509.901,800.074,246.482,734.741,254.787,586.337
561.768,1001.169,509.850,800.335,246.787,735.568,254.726,586.481
561.902,1001.202,509.954,800.533,246.663,735.543,254.782,586.466
561.650,1000.976,509.826,800.566,246.576,735.102,254.673,586.589
562.014,1001.383,509.965,800.312,246.712,735.824,254.857,586.657
561.710,1001.061,509.766,800.885,246.706,735.996,254.675,586.498
561.821,1001.157,509.893,800.650,246.761,735.839,254.794,586.452
561.762,1001.147,509.834,800.298,246.765,735.292,254.620,586.422
561.874,1001.219,509.842,800.478,246.794,735.642,254.845,586.343
561.858,1001.286,509.898,800.275,247.065,735.339,254.507,586.394
561.785,1001.126,509.999,799.877,246.994,735.768,254.635,586.372
561.922,1001.261,509.861,800.076,246.901,735.573,254.288,586.320
561.957,1001.249,509.792,800.370,246.908,735.084,254.437,586.313
561.984,1001.091,509.874,800.025,247.021,735.318,254.535,586.653
561.840,1000.990,509.913,799.895,246.908,735.162,254.475,586.483
561.739,1000.999,509.981,799.746,246.688,734.621,254.515,586.394
561.771,1001.020,509.833,799.876,246.603,734.162,254.333,586.294
561.964,1000.797,509.730,800.134,246.685,735.879,254.824,586.528
562.122,1001.268,509.874,799.830,246.777,735.949,254.557,586.483
562.272,1001.419,509.749,800.161,246.716,735.745,254.755,586.445
562.172,1000.713,509.816,800.082,246.858,735.395,254.667,586.477
562.195,1000.809,509.757,800.377,246.793,735.937,254.714,586.445
561.888,1001.151,509.804,800.403,246.665,735.627,254.538,586.433
561.982,1000.530,509.843,800.063,246.738,735.730,254.429,586.379
561.684,1001.003,509.951,800.039,246.939,736.070,254.699,586.541
561.885,1001.264,509.852,800.171,246.833,735.916,254.723,586.563
562.064,1001.245,509.825,800.442,246.833,735.879,254.508,586.413
562.077,1001.513,509.706,800.739,246.719,735.664,254.728,586.474
561.889,1000.997,509.811,800.490,246.646,736.314,254.744,586.348
561.853,1001.241,509.846,800.409,246.720,735.788,254.754,586.477
561.990,1001.857,509.859,800.257,247.100,734.850,255.177,586.752
561.631,1001.199,509.945,799.973,246.785,735.066,255.293,587.071
561.998,1000.785,509.905,800.114,246.935,735.043,254.738,586.706
561.998,1000.779,509.989,800.223,246.953,735.536,254.626,586.747
561.950,1001.293,509.945,799.990,246.744,735.178,254.842,586.611
561.860,1000.553,509.909,800.157,246.899,735.344,254.712,586.500
561.965,1001.361,509.946,799.851,246.947,735.265,254.781,586.567
561.904,1001.316,509.711,800.513,246.912,736.077,254.485,586.424
561.923,1001.308,509.746,800.448,246.909,736.068,254.525,586.484
561.881,1000.506,509.631,800.597,246.941,735.321,254.840,586.674
562.064,1000.745,509.922,799.974,246.704,735.460,254.921,586.873
562.046,1000.555,509.968,799.892,246.825,735.416,254.606,586.347
561.968,1001.389,509.931,799.819,246.857,735.321,254.546,586.500
561.918,1001.358,509.992,799.863,246.659,735.383,254.421,586.529
561.930,1001.415,509.848,800.297,246.639,735.582,254.630,586.446
562.074,1000.754,510.006,799.650,246.614,735.558,254.463,586.375
561.805,1001.205,509.757,800.384,246.693,735.450,254.643,586.271
562.075,1000.710,509.716,800.331,246.741,735.216,254.579,586.454
562.195,1001.596,509.964,800.137,246.827,735.351,254.728,586.397
561.983,1001.238,509.862,800.135,246.792,735.303,254.414,586.276
561.926,1001.322,509.870,800.322,246.806,735.800,254.865,586.415
561.765,1001.104,509.891,800.223,246.786,735.740,254.845,586.446
562.236,1001.723,509.814,800.402,246.726,735.574,254.384,586.442
562.089,1001.317,510.025,799.871,246.756,735.588,254.643,586.684
561.966,1001.434,509.749,800.379,246.575,735.465,254.240,586.678
561.922,1001.164,509.917,800.104,246.856,735.523,254.212,587.113
561.732,1001.115,509.833,800.272,246.764,735.460,254.360,587.090
561.866,1000.656,509.918,800.338,246.653,735.819,254.254,586.923
561.963,1000.631,510.053,800.041,246.701,735.807,255.059,586.304
562.000,1001.228,509.787,800.425,246.708,735.729,255.274,586.404
562.008,1001.363,509.796,800.371,246.754,735.420,255.004,586.225
562.082,1001.627,509.873,800.280,246.956,735.773,255.326,586.411
561.990,1001.666,509.914,800.220,246.799,735.395,255.262,586.377
561.879,1000.822,509.964,800.041,246.545,735.604,255.091,586.413
561.948,1001.425,509.933,800.498,246.613,735.871,255.243,586.385
561.853,1001.305,510.010,800.097,246.656,735.588,255.162,586.413
561.752,1001.283,509.997,800.389,246.821,735.554,255.405,586.600
561.644,1001.167,509.866,800.381,246.757,735.468,255.213,586.331
561.828,1001.510,510.100,799.759,246.698,735.715,255.333,586.468
561.811,1001.224,509.768,800.445,246.602,735.915,255.249,586.438
561.818,1001.201,509.862,800.090,246.820,735.364,255.074,586.051
561.635,1000.977,509.900,799.919,246.826,735.372,254.854,586.045
561.927,1001.205,509.823,800.126,246.838,736.029,255.472,586.201
561.823,1000.718,509.845,799.985,246.800,735.561,255.296,586.039
561.966,1001.302,509.870,800.056,246.638,735.532,255.312,586.586
561.913,1000.659,509.984,799.830,246.753,735.663,255.320,586.505
561.543,1000.866,510.027,800.268,246.651,735.654,255.458,586.371
561.662,1001.089,510.007,799.841,246.633,735.615,255.479,586.255
561.985,1000.767,509.777,800.355,246.592,735.723,255.285,586.187
561.805,1000.600,509.880,800.297,246.732,735.649,255.342,586.340
561.518,1000.312,509.843,800.612,246.557,735.455,255.009,586.088
562.015,1000.627,509.758,800.501,246.588,735.508,254.986,586.111
562.126,1001.467,509.927,800.053,246.688,735.485,254.881,586.115
561.856,1000.648,509.892,800.297,246.323,736.190,255.177,586.349
561.477,1001.127,509.894,800.140,246.243,736.908,255.501,586.390
561.719,1001.408,509.951,800.059,246.212,736.337,255.386,586.345
561.938,1001.516,509.973,799.912,246.365,736.366,255.520,586.275
561.975,1001.447,509.820,800.139,246.334,736.154,255.597,586.119
561.761,1001.436,509.941,799.781,246.399,736.099,255.355,585.986
561.987,1000.722,509.811,800.509,246.484,735.849,255.862,586.252
561.731,1001.357,509.864,800.591,246.487,736.076,256.167,586.339
561.860,1001.135,509.748,800.444,246.610,736.172,256.063,586.860
561.958,1001.349,509.774,800.486,246.618,735.955,256.488,586.627
561.889,1001.405,509.861,800.357,246.670,735.849,256.552,586.593
562.006,1001.356,509.861,800.368,246.664,735.389,256.384,586.444
561.945,1001.424,509.770,800.156,246.662,735.657,256.450,586.526
562.191,1001.725,509.679,800.533,246.607,735.968,256.279,586.477
561.925,1001.495,509.855,800.285,246.581,736.008,255.949,586.336
561.843,1001.365,509.906,799.999,246.774,735.958,256.330,586.774
561.893,1001.396,509.866,800.028,246.639,735.869,256.220,586.605
561.861,1000.654,509.939,800.131,246.788,735.941,256.193,587.091
561.815,1001.563,509.977,799.903,246.851,735.622,256.128,586.879
561.787,1001.267,509.853,800.086,246.819,736.027,256.145,586.515
561.883,1001.185,509.952,800.298,246.648,735.706,256.178,586.580
561.705,1001.315,509.812,800.373,246.730,736.015,256.179,586.292
561.818,1001.395,509.894,800.510,246.785,736.207,255.583,586.160
561.669,1001.101,509.953,800.120,246.750,736.417,255.176,585.953
561.579,1001.141,509.809,800.321,246.581,735.394,255.000,586.187
561.456,1000.914,509.678,800.767,246.444,735.615,254.823,585.859
561.831,1001.397,509.827,799.907,246.811,735.936,254.926,585.864
562.155,1001.333,509.907,799.965,246.834,735.481,254.993,585.971
561.656,1001.030,509.870,800.212,246.616,735.623,254.871,586.335
561.716,1000.459,509.797,800.354,246.615,735.851,254.714,586.806
561.784,1001.162,509.970,799.965,246.643,735.577,254.509,586.458
561.462,1001.028,509.930,800.061,246.560,735.681,254.506,586.683
561.766,1001.124,509.807,800.462,246.560,735.881,254.982,586.366
561.776,1000.694,509.930,800.037,246.448,735.675,255.002,586.241
561.924,1001.199,509.710,800.688,246.680,735.691,255.124,586.072
561.894,1000.802,509.838,800.400,246.418,735.960,255.189,586.177
561.844,1000.640,509.918,800.286,246.508,735.811,254.660,585.741
561.774,1001.563,509.735,800.525,246.419,735.775,255.080,586.223
561.975,1000.755,509.990,800.073,246.696,735.832,254.891,586.196
561.954,1001.550,509.920,800.285,246.431,735.739,254.864,586.297
562.109,1001.551,509.905,800.255,246.584,735.669,254.559,586.196
561.986,1001.406,509.803,800.448,247.052,735.503,254.214,586.005
562.136,1001.556,509.824,800.383,246.990,735.449,254.193,585.943
562.030,1001.218,509.902,800.053,246.554,735.491,254.531,585.894
562.007,1001.226,509.843,800.232,246.520,735.647,254.604,586.248
561.929,1001.266,509.903,800.247,246.402,735.527,254.724,586.357
561.885,1001.270,509.907,800.355,246.451,735.783,254.935,586.281
562.159,1000.798,509.992,800.070,246.652,735.746,254.904,586.364
562.022,1000.549,509.960,800.156,246.638,735.594,254.890,586.364
561.911,1000.563,509.870,800.219,246.572,736.249,254.854,586.480
561.748,1001.360,509.881,800.180,246.620,736.152,255.020,586.545
561.941,1001.561,509.898,800.180,246.681,735.622,254.781,586.531
561.888,1001.391,509.891,800.451,246.589,736.034,254.898,586.546
562.009,1001.452,509.875,800.233,246.654,736.798,254.867,586.488
561.603,1000.373,509.901,800.133,246.601,735.878,254.877,586.456
561.783,1001.158,509.858,800.008,246.446,735.507,254.872,586.394
562.017,1001.457,509.917,800.128,246.504,735.929,254.882,586.426
562.079,1001.416,509.945,800.139,246.511,736.087,254.877,586.318
561.946,1001.461,509.826,800.237,246.605,735.955,254.428,586.233
562.063,1000.759,509.917,799.968,246.537,736.074,254.385,586.205
561.871,1001.338,509.943,800.084,246.703,735.683,254.924,586.315
561.969,1001.649,509.876,800.119,246.600,735.736,254.999,586.528
561.822,1001.197,509.900,799.977,246.285,736.238,255.084,586.401
561.723,1001.193,509.911,800.151,246.377,735.870,255.192,586.441
561.952,1000.686,509.812,800.255,246.413,735.736,255.227,586.264
561.780,1001.372,509.739,800.407,246.673,736.000,255.359,586.368
561.731,1001.012,509.836,800.378,246.506,736.041,255.445,586.326
561.900,1000.618,509.869,800.503,246.727,735.814,255.373,586.405
561.863,1001.183,509.761,800.340,246.688,735.779,255.358,586.297
561.532,1000.756,509.947,800.243,246.575,735.692,255.750,586.151
561.874,1000.366,509.930,800.511,246.574,736.079,255.675,586.215
561.621,1001.342,509.993,799.901,246.453,735.707,255.389,586.111
561.675,1001.220,509.913,800.125,246.619,735.588,255.452,585.893
561.935,1001.374,509.907,800.597,246.567,735.934,255.423,585.925
561.859,1001.346,509.801,800.582,246.394,735.558,255.446,585.925
561.825,1000.502,510.072,799.861,246.359,735.827,255.623,586.320
561.705,1001.181,509.891,800.387,246.292,735.790,255.408,586.363
561.763,1001.469,509.915,800.065,246.454,735.694,255.113,586.221
561.711,1001.433,509.861,800.227,246.611,735.824,255.016,586.115
561.991,1001.461,509.971,800.141,246.520,735.767,254.550,586.215
561.699,1001.192,509.759,800.794,246.792,736.100,254.935,586.595
561.721,1001.416,509.856,800.377,246.737,736.076,254.786,586.858
561.960,1001.425,509.852,800.564,246.591,736.435,254.669,587.463
561.951,1001.478,509.887,800.351,246.639,736.057,254.745,587.302
561.879,1001.306,509.760,800.635,246.426,736.289,254.775,586.734
561.716,1001.109,509.805,800.491,246.466,736.399,254.968,587.164
562.036,1001.423,509.859,800.442,246.521,735.921,255.240,587.043
562.015,1001.416,509.930,800.304,246.473,735.861,255.860,587.074
561.832,1001.210,509.879,800.349,246.561,735.932,255.318,587.049
562.106,1001.398,510.007,800.173,246.690,736.075,255.127,587.102
562.003,1001.522,509.994,799.911,246.482,736.095,255.651,587.262
562.093,1001.489,510.029,799.910,246.654,736.352,255.711,587.332
562.123,1001.535,510.160,799.536,246.625,736.250,255.915,587.466
561.859,1001.398,509.831,800.225,246.502,736.003,255.989,587.954
561.912,1001.705,509.866,800.029,246.514,736.355,256.169,587.741
561.739,1001.432,509.860,800.095,246.531,736.492,256.263,587.979
561.977,1001.465,509.878,800.064,246.535,736.671,256.293,587.364
561.848,1001.187,509.688,800.601,246.559,736.288,255.675,587.174
561.733,1001.307,509.713,800.782,246.443,736.134,255.595,586.958
562.008,1001.417,509.800,800.278,246.530,736.215,255.434,586.958
562.049,1001.408,509.877,800.347,246.271,736.336,255.881,586.976
562.084,1001.443,509.928,800.360,246.380,736.047,255.496,586.682
562.084,1001.513,509.975,800.441,246.553,736.214,256.447,587.462
562.019,1001.544,509.855,800.469,246.356,736.137,256.692,587.244
561.923,1001.307,509.674,800.621,246.509,736.364,257.050,587.366
561.916,1001.344,509.845,800.376,246.553,736.299,257.029,587.107
562.111,1001.285,509.751,800.255,246.869,735.506,257.003,586.636
561.841,1001.298,509.873,800.058,246.641,735.834,256.861,586.810
561.867,1001.623,509.778,800.401,246.548,736.381,256.601,587.576
561.866,1001.631,509.838,800.194,246.515,736.155,256.778,587.790
561.979,1001.309,510.016,799.942,246.606,735.994,257.228,587.635
561.812,1001.199,509.910,800.086,246.681,735.971,257.880,587.113
561.945,1001.343,509.850,799.960,246.647,736.025,257.720,586.979
561.802,1001.301,510.170,799.546,246.575,736.499,257.506,586.888
561.838,1001.208,509.818,800.175,246.578,736.588,257.252,587.343
561.508,1000.899,510.020,800.004,246.575,736.621,256.906,586.961
561.698,1001.012,509.821,800.227,246.617,735.831,257.084,587.102
561.649,1001.208,509.982,799.646,246.709,735.964,257.321,588.033
561.659,1001.167,509.911,799.725,246.701,735.990,257.609,587.804
561.808,1001.358,509.743,800.482,246.642,735.609,257.855,587.799
561.807,1001.500,509.941,799.844,246.957,735.395,257.497,586.970
561.725,1001.439,509.814,800.210,246.742,735.462,257.451,587.443
561.589,1001.271,509.781,800.172,246.717,735.319,257.092,587.305
561.700,1001.137,509.869,800.322,246.664,736.151,257.279,587.696
561.800,1000.577,509.903,800.418,246.660,736.038,257.593,587.903
561.593,1001.238,509.778,800.694,246.630,736.555,258.100,588.605
561.747,1001.539,509.788,800.389,246.379,736.261,258.427,589.446
561.961,1001.537,509.828,800.480,246.255,736.048,258.579,589.529
561.683,1001.163,509.851,800.190,246.386,736.393,258.678,589.163
561.985,1001.477,509.861,800.450,246.473,736.594,259.008,589.212
561.765,1000.758,509.967,800.064,246.434,736.602,258.710,589.122
561.620,1001.241,509.895,799.942,246.343,736.434,258.787,588.951
561.695,1001.385,510.019,799.866,246.259,736.570,259.116,589.096
561.730,1001.507,509.848,799.988,246.238,736.565,258.947,588.947
561.952,1000.800,509.898,800.300,246.364,736.388,259.059,589.283
561.959,1000.668,509.964,800.112,246.293,736.647,258.700,589.264
561.776,1001.161,509.945,799.797,246.414,736.156,259.074,589.128
561.732,1000.980,510.032,799.884,246.393,736.274,259.427,589.719
561.773,1001.088,510.002,799.730,246.456,736.178,259.019,590.061
561.740,1001.157,509.811,800.217,246.472,736.435,259.859,589.633
561.692,1001.183,509.805,800.235,246.641,735.867,259.652,590.120
561.638,1000.431,509.837,800.217,246.476,735.911,259.651,590.662
561.836,1001.432,509.755,800.242,246.575,736.080,259.866,590.725
561.669,1000.654,509.796,800.298,246.680,735.790,259.440,591.083
561.720,1001.432,510.040,799.988,246.630,735.951,259.349,590.805
561.413,1001.143,509.762,800.626,246.470,736.023,259.405,591.019
561.655,1000.435,509.729,800.728,246.648,735.874,259.531,591.244
561.834,1000.672,509.843,800.341,246.527,736.203,259.392,591.208
561.610,1000.496,509.864,800.099,246.647,736.124,259.680,591.244
561.618,1001.233,510.027,799.533,246.716,735.612,259.697,591.786
561.711,1001.422,509.759,800.317,246.729,735.998,259.437,591.919
561.575,1001.034,509.769,800.308,246.719,735.762,259.157,591.827
561.759,1001.221,509.731,800.501,246.741,735.944,259.648,591.000
561.829,1001.430,509.722,800.400,246.723,735.690,259.147,591.456
561.735,1001.232,509.787,800.594,246.480,735.775,259.079,591.167
561.658,1000.402,509.909,800.353,246.439,735.976,259.234,590.914
561.624,1001.260,509.958,800.155,246.724,736.290,259.428,590.726
561.637,1001.457,510.071,800.052,246.568,735.985,259.532,591.464
561.745,1000.589,509.793,800.265,246.254,736.652,259.246,590.860
561.641,1001.168,509.770,800.594,246.508,736.522,259.390,590.167
561.739,1001.231,509.684,800.746,246.457,735.796,259.301,590.792
561.640,1001.197,509.842,799.989,246.637,735.554,259.634,590.537
561.389,1000.942,509.824,800.485,246.712,735.516,259.150,590.390
561.504,1001.194,509.761,800.498,246.652,735.262,258.907,590.388
561.294,1000.945,509.712,800.354,246.447,735.352,259.438,590.926
561.659,1001.207,509.744,800.255,246.449,735.409,259.236,591.192
561.629,1001.240,509.841,800.125,246.446,735.628,258.980,591.079
561.537,1001.041,510.023,800.159,246.454,735.202,258.593,590.539
561.423,1000.907,509.833,800.135,246.655,735.692,259.107,591.172
561.747,1001.114,509.837,799.987,246.640,735.769,258.920,590.392
561.484,1001.036,510.025,799.671,246.644,735.778,259.034,591.003
561.520,1001.215,509.995,799.834,246.538,736.848,258.811,591.253
561.457,1001.221,509.894,800.040,246.591,736.327,258.662,591.079
561.587,1001.139,509.722,800.392,246.403,735.892,258.389,591.171
561.544,1001.287,509.772,800.394,246.422,735.901,258.156,590.922
561.752,1001.380,509.645,800.686,246.449,735.758,256.147,590.264
561.663,1001.318,509.704,800.426,246.663,735.932,255.823,590.408
561.747,1001.619,509.703,800.695,246.440,735.607,255.371,589.913
561.838,1000.733,509.617,800.979,246.468,735.577,255.058,589.945
561.680,1000.555,509.892,800.453,246.413,735.518,255.330,590.144
561.776,1001.499,509.918,800.262,246.580,735.557,255.544,590.321
561.520,1001.095,509.907,800.197,246.414,736.173,255.823,590.320
561.655,1001.136,510.045,800.062,246.399,736.000,256.046,590.703
561.348,1001.088,510.073,799.894,246.321,735.992,255.932,590.386
561.418,1001.108,509.932,800.163,246.551,735.686,256.043,590.637
561.612,1001.021,509.716,800.591,246.468,735.617,256.115,590.764
561.701,1000.953,509.902,800.150,246.603,735.807,256.278,590.671
561.689,1001.259,509.941,799.973,246.626,735.448,256.191,590.634
561.793,1001.389,509.709,800.564,246.560,734.950,255.880,590.873
561.788,1001.451,509.843,800.309,246.431,735.819,255.886,590.843
561.758,1001.461,509.716,800.387,246.360,736.029,256.063,590.711
561.859,1001.286,509.897,800.055,246.333,735.977,255.882,590.656
561.519,1001.071,509.857,800.147,246.778,736.236,256.118,590.929
561.678,1001.566,510.140,799.779,246.599,736.814,256.152,591.019
561.731,1001.491,509.816,800.572,246.786,736.364,256.096,591.038
561.534,1000.774,509.879,800.204,246.679,735.761,255.610,590.532
561.634,1000.978,509.698,800.398,246.598,735.613,255.219,590.437
561.475,1000.016,509.931,800.171,246.714,735.717,256.097,591.013
561.694,1000.353,509.894,800.181,246.787,735.696,256.539,590.707
561.923,1001.078,509.783,800.124,246.988,735.213,256.881,591.251
561.883,1000.303,509.929,799.965,246.795,735.404,256.141,590.948
561.626,999.967,509.967,799.837,246.549,735.701,256.432,590.775
561.729,1000.867,509.877,799.926,246.635,735.485,256.217,590.636
561.794,1000.173,509.893,799.931,246.655,735.554,255.840,590.291
561.609,1000.060,509.979,799.694,246.760,735.136,255.913,590.363
561.408,1000.088,509.911,799.782,246.668,735.014,255.705,590.378
561.931,1001.237,509.942,799.743,246.960,735.246,255.662,590.360
561.762,1000.412,509.903,799.994,246.985,735.071,255.714,590.303
561.447,1000.835,509.835,800.069,246.859,735.067,255.566,590.101
561.572,1000.113,509.864,800.022,246.870,735.223,255.955,590.299
561.587,1000.867,509.766,800.240,246.998,735.122,255.355,590.008
561.784,1001.001,509.902,799.908,246.992,734.819,255.641,590.182
561.625,1000.716,510.071,799.842,246.826,735.460,255.677,590.236
561.746,1000.857,509.989,800.134,246.872,735.224,255.655,590.225
561.738,1000.799,509.791,800.188,247.093,735.351,255.392,590.008
561.625,1000.962,509.794,800.012,246.952,735.508,255.467,589.715
561.723,1001.068,509.851,799.809,246.810,735.130,255.746,589.829
561.775,1001.170,509.871,799.697,246.844,734.981,255.404,589.549
561.831,1001.058,510.033,799.509,246.782,735.016,256.268,589.847
561.883,1001.268,509.902,799.715,246.653,735.310,255.966,589.620
561.942,1001.231,509.972,799.931,246.579,735.264,256.156,590.092
561.666,1001.181,509.896,799.685,246.845,735.257,256.018,589.896
561.770,1001.164,509.872,800.030,246.789,735.242,255.885,589.890
561.786,1000.866,509.850,800.162,246.795,735.495,255.920,589.489
561.842,1000.966,509.991,800.032,246.673,735.849,256.024,589.675
561.782,1000.315,509.859,800.055,246.622,735.506,255.638,589.900
561.845,1000.230,509.797,800.172,246.643,735.441,255.714,589.873
561.619,1000.746,509.867,800.108,246.554,735.700,255.584,589.815
561.611,1000.017,509.957,799.927,246.639,735.366,255.991,590.239
561.671,1000.843,509.815,800.058,246.719,735.703,255.841,590.231
561.591,1000.687,509.875,800.049,246.725,735.493,255.679,590.295
561.637,1000.649,509.982,799.702,246.758,735.546,254.864,589.952
561.683,1000.920,509.944,799.885,246.726,735.114,254.763,589.802
561.631,1000.889,510.015,799.741,246.583,735.340,255.277,589.945
561.668,1000.055,509.853,800.128,246.591,735.227,255.209,590.081
561.700,1000.049,509.964,799.789,246.606,735.555,255.100,590.000
561.721,1000.390,509.867,799.914,246.427,735.981,255.261,589.923
561.672,1000.427,509.870,799.825,246.515,736.430,255.227,589.864
561.609,1000.986,509.941,799.622,246.634,735.431,255.959,590.538
561.867,1001.081,509.805,799.729,246.788,735.570,256.191,590.398
561.709,1000.336,509.902,799.766,246.577,735.520,255.584,590.237
561.597,1000.167,510.019,799.884,246.659,735.716,255.562,590.337
561.763,1000.912,509.855,800.161,246.727,735.755,255.636,590.265
561.720,1000.908,509.888,799.921,246.656,735.544,256.062,590.083
561.118,1000.553,510.001,799.717,246.737,735.117,256.130,590.013
561.682,1001.067,509.912,799.987,246.627,735.235,255.740,590.132
561.797,1001.362,509.781,800.259,246.253,734.104,255.999,589.980
561.687,1000.291,509.911,800.128,246.720,735.177,256.083,590.375
561.818,1000.616,509.895,800.050,246.413,733.860,255.758,590.151
561.455,1000.789,509.977,800.017,246.132,734.432,255.830,590.385
561.478,1000.858,509.926,800.164,246.170,734.630,255.967,590.485
561.401,1000.938,510.185,799.798,246.591,736.093,255.559,590.175
561.415,1000.758,510.049,799.766,246.417,734.644,255.682,590.108
561.622,1000.922,510.017,799.832,246.766,734.952,255.391,590.124
561.715,1001.340,510.050,799.749,246.635,733.883,255.479,589.966
561.519,1000.221,509.974,800.109,246.449,735.571,255.442,589.766
561.442,1000.812,509.995,800.002,246.540,735.783,255.606,590.138
561.592,1000.984,509.908,800.109,246.567,735.568,255.774,590.257
561.629,1000.938,509.798,800.349,246.746,735.368,256.182,590.108
561.431,1000.767,509.950,800.443,246.351,735.610,256.133,589.956
561.635,1000.328,509.848,800.191,246.535,735.387,256.330,589.313
561.781,1000.957,509.807,800.043,246.690,735.435,256.530,589.286
561.673,1000.958,510.112,799.836,246.665,735.512,256.256,590.025
561.397,1000.896,510.076,799.656,246.723,735.572,256.808,589.926
561.528,1001.015,509.942,799.828,246.729,735.793,257.740,590.416
561.495,1000.816,509.930,800.089,246.667,735.612,257.572,590.335
561.762,1000.866,509.787,800.171,246.470,735.593,256.976,590.077
561.299,1000.483,509.968,799.830,246.400,735.870,257.156,589.998
561.758,1000.228,509.828,800.167,246.531,735.992,255.526,589.331
561.565,1001.279,509.897,799.857,246.631,735.639,255.710,589.885
561.643,1001.141,509.967,799.951,246.640,735.644,254.818,589.740
561.550,1000.857,509.932,800.017,246.656,735.792,255.211,589.953
561.663,1000.312,509.858,799.985,246.576,735.984,254.968,589.890
561.548,1000.751,509.863,799.981,246.646,735.588,254.984,589.967
561.392,1000.729,509.775,800.155,246.701,735.784,255.657,590.270
561.625,1000.299,509.896,799.991,246.602,735.824,255.666,589.770
561.658,1000.966,509.818,800.034,246.701,735.472,255.602,590.122
561.691,1000.034,509.953,800.104,246.540,735.778,255.799,589.926
561.670,1000.179,509.895,800.180,246.658,735.524,255.792,590.037
561.768,1000.276,509.950,800.007,246.409,735.761,255.792,590.093
561.714,1000.140,509.908,800.177,246.491,735.954,255.792,590.163
561.773,1000.205,510.055,799.855,246.520,735.483,255.966,589.637
561.820,1000.190,510.016,799.804,246.715,735.708,256.009,589.845
561.765,1000.295,509.938,799.999,246.514,735.473,255.838,589.952
561.555,1000.187,509.855,800.052,246.511,735.183,256.054,589.536
561.743,1001.344,509.956,799.798,246.681,735.749,256.152,590.160
561.821,1001.374,510.034,799.550,246.722,735.922,256.089,590.199
561.797,1001.275,510.061,799.497,246.765,735.490,256.606,590.445
561.728,1000.393,509.968,800.052,246.818,735.714,257.259,590.727
561.606,1001.028,509.946,800.071,246.708,735.625,257.438,590.343
561.562,1000.123,510.031,799.825,246.745,735.813,257.162,590.079
561.664,1001.072,510.097,799.690,246.700,735.630,257.464,590.258
561.794,1001.039,509.784,800.307,246.682,735.391,257.666,589.955
561.581,1000.988,510.054,799.861,246.605,735.422,257.959,589.803
561.648,1000.625,509.984,799.935,246.763,735.971,257.121,589.944
561.344,1000.613,509.836,800.212,246.736,736.130,256.802,589.722
561.781,1001.060,510.143,799.476,246.647,735.826,256.586,589.246
561.769,1001.007,509.884,799.833,246.719,735.754,256.277,589.456
561.532,1000.751,509.948,799.716,246.604,735.723,256.235,589.279
561.406,1000.637,509.908,799.883,246.595,735.448,256.807,589.111
561.457,1000.296,510.085,799.636,246.657,735.692,256.715,589.235
561.436,999.996,510.032,799.430,246.608,735.856,257.004,589.087
561.437,1000.203,509.854,799.757,246.653,735.577,257.201,588.479
561.302,1000.502,510.002,799.765,246.457,735.857,255.978,588.444
561.705,1001.041,509.957,799.864,246.731,735.550,256.049,588.402
561.418,1000.858,509.860,800.110,246.662,735.468,256.130,589.351
561.282,999.980,509.963,800.055,246.724,735.388,256.139,589.588
561.268,1000.122,509.813,800.405,246.241,734.658,256.625,589.269
561.461,1000.083,510.041,800.081,246.569,735.746,256.290,588.769
561.302,1000.540,509.827,800.314,246.493,735.483,255.655,588.887
561.066,1000.385,509.834,800.386,246.734,735.593,255.797,588.672
561.476,1000.656,509.949,799.984,246.693,735.456,255.834,588.837
561.535,1000.835,509.783,800.344,246.838,735.299,255.515,589.012
561.124,999.869,509.856,800.058,246.954,734.735,255.239,588.878
561.710,1000.883,509.806,800.016,246.672,735.114,255.744,589.458
561.687,1000.888,509.690,799.916,246.698,735.137,255.813,589.658
561.183,1000.658,510.041,799.591,246.585,735.166,255.680,589.565
561.144,999.837,509.907,799.961,246.609,735.223,256.334,589.617
561.853,1001.094,509.871,800.139,246.801,735.371,257.288,590.022
561.769,1000.400,509.931,799.849,246.800,735.375,257.412,589.903
561.425,1000.623,510.118,799.492,246.723,735.720,257.253,589.501
561.342,1000.785,510.042,799.639,246.628,735.621,257.334,589.822
561.727,1000.379,509.809,800.091,246.521,735.886,257.359,589.784
561.741,1000.344,509.845,799.973,246.629,735.524,257.513,590.591
561.440,1000.770,509.720,800.416,246.678,735.322,257.604,590.846
561.343,1000.755,509.782,800.007,246.669,735.784,257.602,589.650
561.429,1000.806,509.818,800.087,246.678,735.583,257.799,589.512
561.660,1000.382,509.840,800.348,246.733,735.273,257.984,590.188
561.593,1000.115,509.684,800.526,246.811,735.389,257.993,590.133
561.874,1000.484,509.888,799.874,246.666,735.440,258.304,590.217
561.621,1000.251,509.816,800.020,246.611,735.411,258.712,590.214
561.540,1000.168,509.881,800.199,246.657,735.384,258.308,590.178
561.588,1000.191,509.812,800.290,246.255,734.318,258.472,590.196
561.589,1000.285,509.875,800.057,246.910,735.186,258.487,590.637
561.550,1000.276,509.838,800.149,246.906,735.134,258.559,590.320
561.712,1000.389,509.895,799.938,246.561,735.027,258.375,590.088
561.484,1000.166,509.831,799.997,246.671,735.145,258.470,590.266
561.529,1000.724,509.880,800.087,246.581,734.983,258.744,590.320
561.466,999.896,509.941,799.894,246.787,735.027,258.757,590.767
561.538,1000.034,510.005,799.776,246.873,735.180,258.762,590.594
561.064,1000.646,509.766,800.083,246.583,735.465,258.399,590.743
561.237,1000.185,509.771,800.012,246.602,735.198,258.813,590.774
561.366,1000.841,509.860,800.137,246.518,735.497,258.639,590.578
561.275,1000.826,509.752,800.241,246.631,735.019,258.817,591.071
561.307,1000.633,510.014,799.987,246.414,735.297,259.149,590.529
561.181,999.930,509.951,799.929,246.626,735.216,259.022,590.911
561.318,1000.391,509.849,800.401,246.746,735.311,259.086,590.541
561.217,999.883,509.872,800.334,246.670,735.863,259.034,590.541
561.371,1000.925,509.919,800.274,246.721,735.748,258.932,590.522
561.627,1000.427,509.911,800.128,246.731,735.824,259.222,590.765
561.522,1000.951,509.879,800.124,246.764,735.704,259.103,590.540
561.410,1000.947,509.993,799.864,246.925,735.282,259.376,590.169
561.517,1000.768,509.754,800.310,246.696,735.149,259.476,590.100
561.542,1000.022,510.012,799.993,246.863,735.394,259.317,590.402
561.658,1000.174,510.053,799.849,246.751,736.071,259.320,590.063
561.766,1000.418,509.909,800.187,246.595,735.647,259.602,590.549
561.393,1000.766,509.861,799.878,246.610,735.396,259.496,590.178
561.507,1000.265,509.869,800.161,246.616,735.502,259.566,589.695
561.256,1000.609,509.789,800.292,246.697,735.237,259.754,590.213
561.344,999.992,510.000,799.741,246.584,735.732,259.361,590.370
561.307,1000.681,509.829,800.025,246.547,735.631,259.334,590.030
561.539,1001.105,509.777,800.130,246.561,735.517,259.281,590.243
561.371,1000.963,510.203,799.975,246.607,735.405,259.520,590.513
561.648,1001.096,509.893,800.090,246.688,735.607,259.584,590.648
561.596,1001.015,509.929,799.788,246.756,735.372,259.851,590.774
561.488,1000.885,509.862,799.996,246.780,735.422,259.735,590.336
561.479,1000.966,509.895,800.034,246.669,735.955,259.408,590.394
561.571,1001.043,509.977,799.898,246.593,735.922,259.703,591.083
561.787,1001.352,509.808,799.861,246.704,735.772,259.521,590.073
561.558,1001.162,509.904,799.897,246.618,735.663,259.737,590.838
561.698,1000.339,509.782,800.259,246.785,735.700,259.552,590.438
561.449,1001.014,509.848,800.114,246.579,735.657,259.679,590.590
561.757,1001.347,509.764,800.213,246.525,735.809,260.021,590.461
561.705,1001.134,509.800,800.273,246.529,735.706,259.649,589.875
561.727,1000.396,509.912,799.698,246.620,736.299,259.742,590.554
561.492,1000.731,509.833,799.810,246.694,735.751,259.704,590.744
561.600,1000.287,509.928,800.141,246.620,735.915,259.931,590.463
561.356,1000.850,509.949,800.198,246.578,735.835,259.824,591.191
561.512,1000.965,509.934,800.346,246.717,735.596,259.485,590.552
561.660,1001.189,509.859,800.163,246.636,735.666,259.704,590.879
561.521,1000.736,510.003,799.889,246.635,735.344,259.636,590.871
561.458,1000.954,509.969,799.885,246.338,735.445,259.418,590.428
561.262,1000.219,509.947,800.004,246.439,735.524,259.873,591.115
561.647,1000.998,509.922,800.018,246.754,735.778,259.744,591.127
561.439,1000.984,509.946,800.100,246.681,735.557,259.803,590.689
561.681,1000.908,509.874,799.947,246.526,735.551,259.706,590.957
561.783,1001.140,510.058,799.579,246.714,735.554,259.541,591.331
561.618,1000.893,509.842,800.305,246.498,735.559,259.811,591.124
561.542,1000.526,509.834,800.487,246.587,735.076,259.858,590.881
561.410,1000.335,509.766,800.478,246.839,735.575,260.051,591.206
561.605,1000.490,509.816,800.334,246.778,735.568,260.048,590.880
561.593,1000.573,509.876,800.050,246.932,735.544,259.960,590.812
561.319,1000.210,509.854,800.291,246.538,735.500,260.003,591.073
561.531,1000.424,509.809,800.460,246.612,735.645,259.552,590.491
561.572,1000.026,509.822,800.252,246.637,735.488,259.588,590.454
561.633,1000.273,509.872,800.328,246.616,734.957,259.808,590.294
561.757,1001.226,510.091,799.635,246.651,735.321,260.123,590.167
561.656,1001.232,510.167,799.650,246.939,734.743,259.914,589.875
561.700,1001.111,509.795,800.251,246.755,735.124,259.818,590.148
561.510,1000.405,509.953,800.170,246.766,735.236,259.878,590.261
561.609,1001.005,510.232,799.816,246.591,735.320,259.942,590.542
561.665,1000.331,510.103,799.579,246.580,735.746,260.104,590.653
561.807,1000.813,509.981,800.041,246.653,735.657,259.971,590.331
561.293,1000.807,510.069,799.713,246.656,735.884,260.228,590.480
561.103,1000.556,510.005,799.662,246.691,735.520,260.128,590.600
561.726,1001.140,510.007,799.821,246.734,735.734,259.967,589.866
561.743,1001.194,510.146,799.500,246.650,735.562,260.340,590.461
561.708,1000.784,510.002,799.863,246.882,735.725,260.084,590.769
561.631,1001.020,510.002,800.037,246.888,735.327,260.393,590.842
561.581,1001.109,510.148,799.579,246.621,735.973,260.030,590.640
561.762,1001.205,509.865,800.019,246.805,735.450,260.133,590.479
561.408,1000.921,509.976,800.073,246.547,735.732,260.061,591.351
561.607,1000.983,509.935,800.184,246.573,735.431,259.752,590.878
561.532,1001.111,509.990,800.073,246.664,735.452,259.575,590.414
561.665,1001.209,509.979,800.163,246.748,735.304,259.630,590.646
561.695,1000.441,509.817,799.959,246.286,734.423,260.051,590.760
561.350,1000.245,509.681,800.631,246.607,735.403,259.899,590.638
561.432,1000.941,509.795,800.203,246.798,735.476,259.703,590.712
561.275,1000.540,509.876,799.841,246.567,735.545,259.998,590.709
561.511,1000.875,509.980,799.745,246.378,734.141,260.021,591.155
561.539,1000.245,509.650,800.334,246.761,734.920,259.881,591.135
561.485,1000.837,509.796,799.902,246.191,734.215,259.903,591.414
561.456,1000.895,509.889,800.103,246.685,735.229,259.883,591.160
561.547,1001.100,509.885,799.985,246.538,735.096,259.475,591.098
561.375,1000.687,509.933,799.703,246.423,735.573,259.650,590.925
561.302,1000.875,509.875,799.785,246.462,735.152,260.247,590.894
561.295,1000.618,509.681,800.564,246.484,735.350,259.510,591.654
561.542,1000.316,509.731,800.331,246.473,735.326,260.070,591.342
561.837,1000.563,509.722,800.477,246.588,734.982,259.463,591.748
561.616,1001.026,509.716,800.423,246.821,735.641,259.627,591.747
561.687,1001.241,509.809,799.957,246.713,735.000,259.814,591.202
561.691,1000.415,509.822,800.101,246.703,735.110,259.448,591.372
561.709,1000.359,509.775,800.257,246.699,734.788,259.762,591.336
561.488,1000.812,509.834,800.550,246.669,735.014,259.610,590.381
561.539,1000.666,509.849,800.393,246.690,734.867,260.352,590.638
561.394,1000.444,509.787,800.114,246.630,735.630,260.103,591.695
561.516,1000.761,509.862,800.151,246.729,735.695,259.967,591.564
561.366,1000.973,509.899,799.926,246.805,735.214,259.636,591.333
560.923,1000.649,509.812,800.325,246.974,734.700,259.820,591.228
561.439,1000.001,509.818,800.216,246.608,733.766,259.751,591.939
561.586,1001.012,509.834,800.232,246.806,735.089,259.840,591.790
561.554,1000.842,509.848,800.243,246.757,735.038,260.101,591.309
561.532,1000.964,509.795,800.521,246.601,735.610,260.024,591.967
561.645,1001.077,509.825,800.410,246.556,735.366,259.906,592.150
561.385,1000.734,510.050,799.919,246.597,735.760,259.709,591.715
561.432,999.980,509.932,800.190,246.709,735.480,260.058,591.760
561.670,1001.220,509.918,800.135,246.616,735.396,260.385,591.944
561.550,1000.420,509.950,800.073,246.614,735.210,260.311,591.968
561.260,1000.814,509.784,800.286,246.782,735.057,260.403,592.067
561.170,1000.726,509.944,800.204,246.757,735.165,260.280,592.116
561.301,1000.700,509.848,800.390,246.688,735.224,259.782,591.555
561.475,1000.942,509.849,800.208,246.688,735.349,259.915,591.628
561.330,1000.066,509.785,800.406,246.672,735.527,259.855,591.283
561.492,1000.981,509.878,800.442,246.607,735.206,259.905,591.556
561.421,1000.883,509.890,800.177,246.488,735.471,260.312,592.178
561.625,1000.943,509.786,800.086,246.471,735.729,260.190,591.279
561.641,1001.033,509.722,800.369,246.448,735.600,260.309,590.844
561.537,1000.990,509.898,800.005,246.424,735.414,260.483,591.565
561.366,1000.804,509.711,800.234,246.631,735.259,260.584,592.077
561.391,1000.860,509.811,799.736,246.604,735.191,260.313,591.989
561.324,1000.702,509.795,799.798,246.636,735.195,260.492,591.871
561.482,1000.943,509.673,800.420,246.995,735.351,260.196,591.642
561.360,1000.883,509.644,800.504,246.984,735.274,260.350,592.172
561.578,1000.845,509.754,800.426,246.466,735.440,260.269,591.700
561.622,1000.292,509.785,800.229,246.530,735.288,259.955,591.678
561.463,1001.091,509.993,799.817,246.746,735.266,260.037,591.968
561.463,1000.974,510.056,799.740,246.664,735.407,259.618,591.522
561.508,1001.252,509.866,800.222,246.717,735.705,259.390,590.888
561.452,1000.909,509.783,800.173,246.303,734.816,259.528,590.729
561.407,1000.838,509.867,800.070,246.669,735.575,259.940,590.686
561.603,1000.006,509.827,800.063,246.707,735.871,260.129,590.976
561.499,1000.806,509.875,800.281,246.718,735.418,259.991,590.777
561.491,1000.123,509.906,799.957,246.629,735.781,259.987,590.620
561.416,1000.266,509.936,800.010,246.630,735.518,260.274,591.536
561.132,1000.693,509.952,799.953,246.656,736.079,260.265,591.254
561.378,1000.232,510.034,799.843,246.662,735.934,260.267,590.862
561.383,1000.098,509.844,800.109,246.814,735.472,260.172,591.153
561.296,999.810,509.978,799.997,246.768,735.482,260.265,591.264
561.420,1000.853,509.879,799.954,246.859,734.885,259.669,590.943
561.579,1000.340,509.918,799.712,246.670,735.480,260.117,591.566
561.493,1000.474,509.786,800.313,246.664,735.201,260.271,591.179
561.156,1000.733,509.916,800.028,246.674,735.289,259.968,591.248
561.079,1000.850,509.861,800.139,246.636,735.224,260.204,591.400
561.303,1000.531,509.949,799.978,246.627,735.424,260.187,591.350
560.776,1000.560,510.099,799.690,246.613,735.397,260.111,591.224
561.341,1000.223,509.890,800.228,246.554,735.163,260.112,591.459
561.454,1000.161,509.962,800.079,246.586,735.376,260.243,591.675
561.121,1000.042,509.931,800.148,246.636,735.618,259.953,590.921
561.283,1000.154,509.852,800.154,246.794,735.090,260.196,591.612
561.552,1000.342,510.097,799.671,246.783,735.504,260.475,591.777
561.246,1000.018,509.839,800.150,246.918,735.220,260.041,591.225
561.533,1000.558,509.919,800.091,246.748,735.026,260.120,591.521
561.399,1000.433,509.942,799.904,246.995,734.767,260.217,591.565
561.558,1001.491,509.863,800.412,246.727,735.412,260.372,591.714
561.442,1000.216,509.851,800.306,246.298,733.890,260.281,591.583
561.484,1001.004,509.871,800.075,246.720,734.669,260.533,591.809
561.519,1000.769,509.801,800.139,246.745,734.881,260.351,591.236
561.385,1000.819,509.825,800.052,246.842,734.895,260.255,591.433
561.531,1000.614,509.761,800.205,246.718,735.182,259.923,591.533
561.330,1000.872,510.030,799.539,246.643,735.602,260.018,591.193
561.602,1000.869,509.776,800.152,246.818,735.432,259.391,590.278
561.614,1000.347,509.688,800.418,246.684,735.629,259.728,590.988
561.456,1000.840,509.809,800.212,246.843,735.140,260.121,591.747
561.496,1000.320,509.709,800.359,246.900,735.186,259.633,590.753
561.216,1000.172,509.929,800.134,246.615,735.609,259.755,590.856
561.231,1000.145,509.983,799.985,246.669,735.828,259.534,591.146
561.401,1001.076,509.971,799.647,246.680,735.490,259.461,591.535
561.325,1000.072,509.985,799.910,246.709,735.430,259.389,591.583
561.261,1000.007,510.018,799.878,246.683,735.563,259.106,591.105
561.301,1000.819,509.858,800.107,246.598,735.904,259.707,592.176
561.417,1000.750,509.862,799.942,246.665,735.396,259.674,592.267
561.233,1000.470,510.054,799.526,246.733,735.179,259.455,592.174
561.330,1000.430,510.040,799.421,246.734,735.384,259.689,592.733
561.473,1000.752,509.736,800.226,246.601,735.662,259.172,591.957
561.219,1000.674,509.827,800.180,246.973,735.400,259.230,591.967
561.323,1000.858,509.955,799.931,246.776,735.445,258.894,591.777
561.507,1000.263,509.983,799.995,247.023,734.944,258.980,591.891
561.052,1000.030,509.937,799.728,246.751,735.577,258.907,591.926
561.633,1000.254,509.976,799.779,246.568,735.139,258.710,591.873
561.607,1000.260,509.927,799.970,246.593,735.651,258.751,592.065
561.207,1000.519,509.727,800.509,246.552,735.387,258.730,592.028
561.228,1000.548,509.846,800.004,246.618,735.517,258.641,592.063
561.650,1000.476,509.795,800.230,246.537,735.637,258.438,592.065
561.522,1001.004,509.709,800.403,246.453,735.868,258.078,592.290
561.174,1000.648,509.815,800.074,246.729,735.221,258.341,591.832
561.347,1000.838,509.767,800.354,246.460,735.432,258.653,592.105
561.401,1000.795,509.913,799.911,246.648,735.365,258.695,592.281
561.288,1000.811,509.865,800.214,246.574,735.410,258.331,591.894
561.252,1000.692,510.039,799.802,246.852,735.122,258.355,591.787
561.481,1000.891,510.060,799.645,246.688,735.176,258.579,591.951
561.499,1001.004,510.178,799.749,246.520,735.240,258.433,591.877
561.664,1001.040,510.167,799.590,246.508,735.106,257.253,591.200
561.388,1000.874,509.984,799.844,246.583,735.231,257.881,591.599
561.466,1000.784,509.818,800.311,246.734,735.355,258.554,591.980
561.454,1000.162,509.874,800.312,246.712,735.465,258.422,591.877
561.463,1000.209,509.949,800.060,246.537,735.908,258.600,591.925
561.210,999.997,509.939,800.143,246.682,735.257,258.727,591.987
561.721,1000.317,509.944,800.276,246.288,734.529,258.590,591.840
561.496,1000.152,510.035,799.999,246.730,735.356,257.964,591.485
561.213,1000.003,509.937,800.154,246.622,735.247,258.317,591.703
561.493,1000.883,509.913,800.086,246.392,734.440,258.175,591.497
561.387,1000.334,509.937,800.059,246.705,735.582,258.653,591.777
561.549,1000.442,509.885,800.402,246.797,735.538,258.687,591.884
561.742,1001.167,509.887,799.974,246.772,735.094,258.519,591.875
561.291,1000.777,509.968,800.041,246.647,735.432,258.715,591.892
561.526,1000.445,509.914,799.976,246.641,735.459,258.838,591.961
561.522,1000.858,509.931,799.657,246.618,735.438,258.765,591.800
561.611,1001.025,510.000,799.567,246.674,735.549,258.850,591.792
561.564,1000.394,509.825,800.361,246.647,735.575,258.406,591.749
561.467,1000.308,509.775,800.358,246.709,735.559,258.144,591.763
561.668,1001.067,509.890,799.942,246.644,735.158,258.084,591.999
561.683,1001.087,509.811,800.166,246.662,735.054,258.533,591.679
561.446,1001.022,509.923,799.962,246.627,735.744,258.495,591.642
561.416,1000.962,509.935,800.085,246.632,735.740,258.545,591.888
561.442,1000.312,509.874,800.013,246.590,735.323,258.582,591.307
561.584,1000.346,509.919,799.941,246.476,735.370,258.481,591.244
561.613,1001.235,509.903,799.920,246.491,735.051,257.579,590.917
561.613,1000.914,509.960,799.902,246.576,735.555,257.778,590.791
561.497,1000.559,509.985,799.757,246.595,735.007,257.585,591.004
561.588,1001.278,509.676,800.501,246.468,735.306,257.758,590.843
561.427,1000.878,509.655,800.379,246.674,735.649,257.661,590.843
561.342,1000.179,509.784,800.337,246.707,735.505,258.274,590.999
561.508,1000.566,509.738,800.323,246.723,735.517,257.873,590.778
561.568,1000.846,509.737,800.084,246.747,735.454,257.946,590.709
561.382,1000.782,509.699,800.136,246.689,735.718,257.735,590.636
561.470,1000.272,509.812,800.296,246.660,735.741,257.792,590.522
561.239,1000.678,509.668,800.572,246.721,735.878,258.693,590.998
561.209,1000.670,509.811,800.107,246.890,735.630,258.654,590.833
561.353,1000.767,509.804,800.197,246.813,735.528,258.631,590.669
561.635,1000.279,509.880,799.794,246.739,735.447,258.851,590.671
561.501,1000.890,509.935,799.718,246.710,735.534,258.936,590.663
561.416,1000.757,510.098,799.805,246.627,735.173,258.490,591.032
561.413,1000.891,510.028,800.034,246.719,735.299,257.914,590.364
561.610,1000.470,509.994,800.014,246.677,735.033,257.749,590.090
561.423,1001.029,509.922,800.054,246.651,735.175,258.010,589.595
561.234,1000.999,509.977,799.946,246.858,735.109,258.126,589.768
561.348,1001.175,509.854,800.237,246.470,735.362,258.250,589.512
561.463,1001.079,510.098,799.665,246.626,735.374,258.475,589.881
561.486,1000.862,510.133,799.627,246.648,735.521,257.972,589.532
561.361,1000.108,510.093,800.081,246.619,735.683,258.359,589.598
561.250,1000.262,509.848,800.208,246.499,734.139,258.046,589.493
561.526,1000.999,510.089,799.882,246.755,735.213,259.021,590.120
561.292,1000.212,509.895,799.980,246.242,734.089,258.767,590.147
561.302,1000.804,509.937,799.983,246.180,734.578,258.453,590.304
561.501,1000.980,509.862,800.057,246.590,735.494,258.247,590.209
561.265,1000.817,509.804,800.011,246.753,735.598,258.173,590.164
561.250,1000.830,509.853,799.761,246.757,735.439,258.210,590.019
561.334,1000.733,509.791,800.429,246.760,735.354,258.052,589.599
561.502,1001.007,509.773,800.340,246.402,734.116,257.804,589.689
560.859,999.808,509.768,800.410,246.637,735.562,256.726,589.126
561.043,999.940,509.734,800.594,246.695,735.390,257.907,589.433
561.651,1000.924,509.775,800.291,246.938,735.127,258.059,589.236
561.739,1000.218,509.800,800.140,246.934,735.094,258.222,589.480
561.829,1001.160,509.769,800.114,246.270,734.296,258.043,589.320
561.543,1000.276,509.848,800.057,246.425,734.647,258.312,589.333
561.552,1000.974,509.781,800.135,246.627,735.810,257.743,589.309
561.263,1000.900,509.827,800.377,246.932,735.555,258.202,589.738
561.029,1000.639,509.856,800.084,246.470,735.603,258.206,589.888
561.521,1000.070,509.633,800.626,246.672,735.415,256.795,589.447
561.127,1000.623,509.711,800.266,246.577,735.742,257.129,589.179
561.596,1000.846,509.965,800.049,246.449,735.478,257.067,589.054
561.324,1000.649,509.951,800.002,246.582,735.326,257.171,588.922
561.417,1001.045,509.985,799.634,246.461,735.858,258.057,589.406
561.429,1001.093,509.858,800.389,246.362,735.989,257.199,589.084
561.507,1000.922,509.799,800.428,246.429,735.986,256.734,588.944
561.564,1001.105,509.978,799.815,246.468,735.928,256.694,588.845
561.083,1000.820,509.784,800.268,246.599,735.679,256.705,588.709
561.284,1000.882,509.826,800.263,246.630,735.700,256.809,588.713
561.441,1000.625,509.826,800.161,246.592,735.011,257.756,589.224
561.185,1000.877,509.800,800.184,246.554,735.609,257.585,589.441
561.386,1000.927,509.874,800.089,246.633,735.494,257.741,589.256
561.396,1000.876,509.772,800.166,246.819,735.657,257.810,589.208
561.413,1000.742,510.069,799.679,246.685,735.758,257.841,589.624
560.964,1000.703,509.708,800.207,246.759,735.659,258.068,589.597
561.453,1000.902,509.835,799.956,246.754,735.465,257.965,589.563
561.437,1000.965,510.035,799.709,246.742,735.971,257.791,589.642
561.384,1000.850,509.738,800.440,246.642,736.096,257.915,589.643
561.345,1000.173,509.874,800.241,246.593,736.034,257.939,589.488
561.512,1000.177,509.846,800.253,246.565,736.025,258.102,589.540
561.497,1000.295,509.867,800.104,246.535,735.976,258.376,590.192
561.345,1000.189,509.748,800.239,246.609,735.860,258.209,589.983
561.441,1000.715,509.752,800.386,246.626,735.655,258.149,590.259
561.243,1000.658,509.777,800.172,246.781,735.695,258.349,590.282
561.187,1000.580,509.683,800.525,246.670,735.243,258.004,590.070
561.334,1000.660,509.892,800.195,246.760,735.845,257.675,590.305
561.426,1000.844,509.637,800.552,246.612,735.288,256.575,589.733
561.325,1000.206,509.812,799.996,246.686,735.474,257.884,590.071
561.395,1001.105,509.733,800.231,246.558,735.422,257.674,590.177
561.462,1000.902,509.877,799.937,246.603,736.045,256.836,589.689
561.107,1000.554,509.843,800.038,246.638,735.977,257.717,590.388
560.951,1000.609,509.863,800.078,246.741,735.092,257.877,589.928
561.100,1000.132,509.942,799.746,246.791,735.149,258.029,590.008
561.474,1001.105,509.841,800.018,246.624,735.009,257.850,590.247
561.523,1000.417,509.918,800.192,246.725,735.123,257.915,590.226
561.505,1000.376,509.765,800.274,246.760,735.611,258.005,589.941
561.482,1001.025,510.074,799.838,246.753,735.172,258.028,589.864
561.501,1001.303,510.093,799.495,246.726,735.957,257.777,589.353
561.355,1000.945,509.972,799.612,246.825,736.125,257.772,589.657
561.435,1000.955,509.794,800.180,246.750,735.406,257.913,589.685
561.417,1001.199,509.637,800.095,246.532,735.007,257.927,589.613
561.534,1001.210,509.986,799.769,246.577,735.143,258.379,589.773
561.409,1001.196,509.809,800.212,246.484,735.498,258.076,590.106
561.537,1001.212,509.792,800.157,246.447,735.663,257.957,590.368
561.506,1000.713,509.766,800.252,246.338,736.022,258.169,590.207
561.475,1001.148,509.788,800.285,246.663,735.980,258.008,590.370
561.449,1001.367,510.141,799.620,246.669,735.576,258.384,590.245
561.449,1001.212,509.835,799.927,246.641,736.023,258.269,590.630
561.490,1000.317,509.895,799.660,246.554,735.773,258.277,590.231
561.112,1000.256,509.909,799.802,246.570,736.079,258.480,590.025
561.440,1000.471,509.863,800.284,246.439,736.620,258.355,589.878
561.011,1000.749,510.156,799.690,246.313,736.743,257.584,589.562
561.114,1000.910,509.877,800.388,246.440,736.392,257.707,589.680
560.951,1000.738,509.811,800.486,246.363,736.337,257.709,589.575
560.982,1000.930,509.813,800.429,246.371,736.004,257.494,589.669
561.470,1001.020,509.815,800.441,246.669,736.100,257.428,589.512
561.469,1001.044,509.838,800.030,246.786,735.731,257.553,589.381
561.187,1000.858,509.783,800.455,246.487,735.792,257.452,589.385
560.999,1000.570,509.816,800.427,246.557,735.804,257.678,589.293
561.222,1001.078,509.955,799.910,246.486,736.195,257.527,589.078
561.121,1000.610,509.907,799.947,246.651,736.210,257.413,589.072
561.274,1000.786,509.778,800.040,246.718,736.266,257.340,589.243
561.147,1000.891,509.885,800.009,246.559,735.683,257.289,589.223
561.407,1001.046,509.864,800.150,246.436,734.442,257.212,589.478
561.474,1001.286,509.743,799.869,246.565,736.527,257.867,588.428
561.838,1001.636,509.934,799.920,246.521,736.551,257.633,588.190
561.400,1001.008,509.888,800.045,246.610,736.065,257.334,589.199
561.266,1001.014,509.941,800.027,246.537,736.676,257.382,589.418
561.280,1000.760,509.947,799.967,246.443,736.431,257.426,589.394
561.292,1000.941,509.915,799.849,246.528,736.071,256.852,588.667
561.394,1000.104,509.971,799.804,246.654,735.723,257.188,588.971
561.272,1000.737,509.951,799.785,246.566,736.404,256.464,588.746
561.332,1000.982,509.787,800.519,246.620,735.549,257.723,589.423
561.153,1000.877,509.814,800.453,246.562,735.442,257.830,589.403
561.144,1001.241,509.731,800.378,246.655,735.945,257.966,589.689
561.335,1001.111,509.693,800.467,246.569,735.744,258.093,589.896
561.415,1001.183,509.684,800.568,246.624,735.827,258.162,590.375
561.435,1001.225,509.833,800.057,246.689,735.645,257.718,590.547
561.331,1000.857,509.782,800.102,246.547,736.032,258.167,590.790
561.454,1000.411,509.759,800.277,246.439,735.759,258.280,591.310
561.409,1001.115,509.772,800.144,246.507,735.748,258.178,591.348
561.220,1000.649,509.640,800.477,246.711,735.665,258.424,591.523
561.336,1000.977,509.678,800.394,246.515,735.557,258.699,591.765
560.885,1000.548,509.652,800.417,246.694,735.790,258.648,592.183
560.871,1000.362,509.673,800.339,246.639,736.019,258.304,592.258
560.950,1001.036,509.639,800.573,246.557,736.484,258.842,591.787
561.379,1001.093,509.701,800.582,246.708,736.075,258.525,591.713
561.255,1001.309,509.788,800.309,246.771,735.663,258.224,591.471
561.390,1000.440,509.780,800.303,246.694,735.678,256.974,591.039
561.545,1001.153,509.868,800.128,246.762,735.200,256.143,590.607
561.372,1001.068,509.781,800.386,246.767,735.508,256.386,590.648
561.332,1000.886,509.859,800.333,246.741,735.562,256.638,590.895
561.462,1000.349,509.938,799.767,246.703,735.415,256.111,590.913
561.142,1001.017,509.920,799.833,246.713,735.305,256.741,591.036
561.173,1000.856,509.831,800.220,246.592,736.414,256.185,591.262
561.197,1000.694,509.973,799.850,246.655,735.627,256.369,590.971
561.589,1000.888,509.755,800.363,246.702,735.726,256.499,591.410
561.465,1000.853,509.894,800.121,246.755,736.098,256.486,591.417
561.082,1000.673,509.782,800.128,246.795,735.852,257.222,592.149
561.049,1000.588,509.833,800.202,247.031,735.983,257.067,591.701
561.648,1001.020,509.852,799.971,246.978,735.950,257.173,591.689
561.544,1000.910,509.792,800.108,246.843,735.554,257.103,591.815
561.555,1001.010,509.863,800.213,246.681,735.533,257.300,591.914
561.272,1000.878,509.836,800.244,246.679,735.774,257.154,591.472
561.409,1001.179,509.882,800.031,246.640,735.464,257.253,591.554
561.447,1000.330,509.837,800.060,246.598,736.099,257.307,591.595
561.415,1000.926,509.681,800.243,246.549,735.924,257.856,591.897
561.392,1001.000,509.679,800.560,246.651,735.665,257.351,591.664
561.429,1001.049,509.732,800.268,246.563,735.762,257.622,591.988
561.197,1000.991,509.878,800.048,246.400,735.902,257.380,591.623
561.252,1000.930,509.849,800.035,246.635,735.247,257.107,591.325
561.341,1000.133,509.822,800.209,246.418,736.053,257.742,591.583
561.500,1000.132,509.801,800.208,246.448,735.845,257.627,591.474
561.220,1000.890,509.964,800.131,246.399,735.441,257.637,591.818
561.427,1001.058,509.905,800.327,246.379,735.928,257.373,591.499
561.355,1000.935,509.944,800.141,246.413,735.496,257.456,591.652
561.894,1001.201,509.762,800.466,246.517,735.825,257.610,591.766
561.544,1001.088,509.794,800.442,246.559,735.504,258.635,592.439
561.573,1001.280,509.794,800.532,246.506,735.674,258.947,592.414
561.831,1001.374,509.553,801.092,246.352,735.896,258.604,592.276
561.460,1000.940,509.610,800.600,246.524,735.408,257.219,591.456
561.581,1001.107,509.548,800.717,246.471,735.312,257.623,591.783
561.466,1001.062,509.480,800.951,246.647,735.443,257.494,591.624
561.356,1000.861,509.519,800.697,246.602,735.248,257.487,591.534
561.477,1000.883,509.470,800.555,246.467,734.964,257.735,591.816
561.379,1000.856,509.519,800.443,246.462,735.425,257.685,591.749
561.161,1000.213,509.409,800.859,246.662,735.509,257.756,591.611
561.143,1000.702,509.692,800.398,246.701,735.737,257.969,591.893
561.514,1000.303,509.746,800.287,246.693,735.158,257.670,592.171
561.294,1000.777,509.659,800.441,246.512,735.013,257.970,592.728
561.302,1000.643,509.566,800.415,246.654,735.347,258.568,592.488
561.751,1001.162,509.658,800.592,246.706,735.161,258.152,592.646
561.713,1001.259,509.565,800.541,246.726,735.472,258.083,592.669
561.174,1000.101,509.653,800.427,246.649,735.990,257.373,592.093
561.231,1000.959,509.553,800.273,246.493,735.527,257.439,592.067
561.323,1000.957,509.475,800.734,246.602,735.753,258.230,592.467
561.316,1000.451,509.505,800.678,246.406,735.804,257.394,591.868
561.160,999.951,509.684,800.340,246.504,735.861,257.256,591.537
561.410,1000.085,509.883,800.277,246.553,735.529,257.722,591.820
561.453,1000.728,509.522,800.714,246.454,735.682,257.466,591.735
561.238,1000.433,509.458,800.890,246.421,735.669,257.461,591.725
561.167,999.911,509.318,801.170,246.403,735.469,257.451,591.703
561.326,1000.891,509.659,800.740,246.450,735.805,257.700,591.846
561.310,1000.829,509.782,800.299,246.496,735.743,257.686,591.855
561.675,1001.096,509.672,800.673,246.485,735.451,257.511,591.898
561.675,1001.083,509.834,800.586,246.374,735.600,257.059,591.548
561.374,1000.978,509.941,800.400,246.486,735.372,256.831,591.383
561.361,1001.052,509.807,800.342,246.435,735.644,257.104,591.640
561.532,1000.443,509.657,800.548,246.581,735.610,257.148,591.700
561.345,1000.960,509.765,800.502,246.562,735.766,257.169,591.452
561.360,1000.984,509.684,800.354,246.609,735.504,256.908,591.079
561.574,1001.063,509.848,800.270,246.630,735.684,257.132,591.357
561.532,1001.039,509.668,800.569,246.668,735.353,257.020,591.150
561.116,1000.839,509.849,800.067,246.494,735.646,257.129,591.359
561.319,1000.202,509.819,800.009,246.593,735.637,257.080,591.353
561.247,1000.183,509.767,800.152,246.601,735.377,257.084,591.652
561.316,1000.937,509.785,800.129,246.595,735.430,257.279,591.555
561.126,1000.087,509.764,800.277,246.563,735.498,258.416,592.163
561.104,1000.653,509.728,800.261,246.694,735.743,258.460,592.269
561.271,999.929,509.668,800.376,246.528,736.233,258.211,592.225
561.623,1000.843,509.507,800.705,246.620,735.960,258.244,592.349
561.382,1000.953,509.522,800.610,246.758,735.908,257.368,591.950
561.672,1000.420,509.505,800.541,246.663,735.769,257.525,591.799
561.459,1000.214,509.656,800.437,246.744,735.678,257.456,591.772
561.534,1000.390,509.602,800.472,246.611,735.460,257.452,591.608
561.435,1000.930,509.609,800.418,246.830,735.710,257.647,591.754
561.090,1000.743,509.557,800.366,246.782,735.266,258.492,592.258
561.507,1000.310,509.654,800.238,246.686,735.130,258.262,592.226
561.280,1001.203,509.716,800.276,246.447,735.262,257.151,591.840
561.350,1001.234,509.716,800.197,246.492,735.303,258.223,592.349
561.266,1001.177,509.583,800.336,246.656,735.445,257.510,592.130
561.183,1001.012,509.589,800.243,246.689,735.353,257.431,591.915
561.573,1001.037,509.610,800.696,246.598,735.396,257.707,592.153
561.437,1001.284,509.554,800.687,246.478,735.662,257.712,592.376
561.406,1000.226,509.650,800.673,246.558,735.534,258.024,592.691
561.210,1000.767,509.584,800.752,246.687,735.616,257.636,592.519
561.306,1000.345,509.739,800.495,246.757,736.011,257.612,592.202
561.344,1001.141,509.688,800.433,246.714,735.828,257.548,592.163
561.435,1000.487,509.721,800.487,246.624,735.290,258.336,592.365
561.216,1000.407,509.825,800.346,246.504,735.719,258.453,592.519
561.219,1001.183,510.086,800.308,246.691,735.469,257.293,592.007
561.149,1000.155,509.806,800.593,246.658,735.561,256.723,591.671
561.271,1000.330,509.891,800.456,246.647,735.610,257.034,591.722
561.428,1000.206,510.127,799.816,246.679,735.279,258.327,592.019
561.224,1000.060,510.461,799.946,246.679,735.282,256.405,591.172
561.506,1000.571,510.035,800.397,246.725,735.601,256.644,591.363
561.188,1001.059,510.142,800.233,246.607,735.501,256.264,591.075
561.619,1001.213,510.016,800.439,246.419,735.685,256.739,591.765
561.595,1001.106,509.976,800.139,246.504,735.699,256.847,591.853
561.200,1001.075,509.772,800.656,246.370,735.684,256.986,591.889
561.563,1001.288,509.758,800.520,246.320,735.515,257.112,591.891
561.281,1000.885,509.609,800.664,246.457,735.226,257.382,591.907
561.511,1000.957,509.863,800.585,246.770,734.818,257.257,591.886
561.388,1001.130,509.707,800.804,246.509,735.313,258.282,592.432
561.365,1000.405,509.847,800.675,246.725,735.267,258.260,592.237
561.316,1001.093,509.697,800.829,246.731,735.095,258.253,592.033
561.101,1000.756,509.672,800.728,246.451,735.387,258.725,592.712
561.071,1000.218,509.597,800.743,246.472,735.149,258.327,591.899
561.398,1000.987,509.837,800.985,246.689,735.199,258.266,591.990
561.125,1000.928,509.520,801.600,246.564,734.989,258.229,592.172
561.266,1001.004,509.281,801.402,246.533,735.428,257.701,592.328
561.244,1001.158,509.199,801.569,246.432,735.084,257.196,592.220
561.281,1000.901,509.536,801.672,246.357,735.582,258.315,592.313
561.327,1001.101,509.531,802.323,246.473,735.342,257.483,592.027
561.456,1001.153,509.241,801.829,246.693,734.931,257.599,592.096
561.474,1000.202,509.427,802.310,246.576,735.221,257.470,591.961
561.441,1001.097,509.332,801.827,246.494,734.907,257.235,592.098
561.231,1001.180,509.381,802.171,246.530,735.579,257.740,591.984
561.226,1001.250,508.971,802.453,246.520,735.694,257.699,592.130
561.277,1001.249,508.986,802.788,246.685,735.657,257.588,592.175
561.406,1001.175,508.915,802.702,246.596,735.630,257.160,592.011
561.054,1001.152,509.046,802.748,246.604,735.216,258.442,592.427
561.101,1001.149,509.068,802.340,246.589,735.360,257.870,592.100
561.452,1001.119,509.088,802.592,246.637,735.471,257.428,591.786
561.369,1001.096,508.763,802.925,246.654,735.269,257.192,591.661
561.099,1000.737,509.007,802.890,246.499,735.444,258.247,592.149
561.367,1000.527,508.989,802.163,246.620,735.352,258.363,592.251
561.269,1001.099,508.987,802.552,246.548,735.860,258.468,592.194
561.306,1001.044,509.009,802.483,246.567,735.768,257.975,591.846
561.412,1000.954,509.114,802.488,246.511,735.964,257.988,591.685
561.494,1001.189,508.937,802.739,246.563,735.708,257.741,591.755
561.258,1001.142,508.769,802.950,246.547,735.991,257.769,591.680
561.294,1001.113,508.824,802.603,246.485,736.051,257.717,591.568
561.406,1001.365,508.717,802.952,246.472,736.207,257.743,591.646
561.244,1000.435,509.168,802.459,246.484,736.011,257.640,591.609
561.378,1001.245,509.194,802.588,246.452,736.049,257.768,591.565
561.110,1000.082,509.248,802.337,246.565,735.855,257.581,591.178
561.454,1000.557,509.031,802.483,246.512,735.768,257.597,591.122
561.386,1001.355,509.050,802.224,246.541,735.937,257.188,590.962
561.385,1001.143,509.239,802.516,246.561,735.566,257.303,590.917
560.931,1000.817,509.232,802.182,246.448,735.920,257.399,590.893
561.345,1001.151,509.276,802.005,246.522,735.743,257.248,590.921
561.623,1001.315,509.632,801.367,246.739,735.674,257.506,591.008
561.360,1001.112,509.193,802.714,246.720,735.613,257.413,590.888
561.372,1000.986,509.259,802.451,246.794,735.680,257.323,590.778
561.525,1001.161,509.371,802.370,246.431,735.683,257.036,590.279
561.459,1000.432,509.440,802.035,246.453,735.657,257.157,589.961
561.593,1000.692,509.412,802.110,246.597,735.869,257.023,590.141
561.528,1001.351,508.886,802.285,246.566,735.550,256.954,589.991
561.254,1000.698,509.030,802.056,246.626,735.523,256.312,590.561
561.184,1000.619,509.149,802.600,246.636,735.610,256.807,590.362
561.401,1000.947,509.354,802.179,246.575,734.883,256.274,590.116
561.437,1000.977,509.730,801.622,246.670,735.252,256.405,589.923
561.232,1000.681,509.166,802.003,246.518,735.665,256.146,589.903
561.299,1000.070,509.337,802.159,246.735,735.366,255.998,589.762
561.583,1001.217,509.200,802.391,246.490,735.566,255.850,589.646
561.529,1000.676,509.324,802.318,246.464,735.577,255.780,589.014
561.626,1001.293,509.355,802.224,246.389,735.726,255.760,589.190
561.404,1001.269,509.183,802.308,246.537,735.753,255.879,589.371
561.038,1000.867,509.238,802.177,246.513,735.389,255.981,589.333
561.171,1000.832,509.529,801.513,246.476,735.459,255.755,589.294
561.368,1001.172,509.844,801.545,246.572,735.495,255.677,588.927
561.335,1001.121,509.669,801.401,246.536,736.022,254.962,588.697
561.354,1001.049,509.441,801.854,246.516,735.506,254.845,588.647
561.433,1000.407,509.438,802.236,246.501,735.715,254.619,588.459
561.366,1001.191,509.217,802.451,246.499,735.801,254.949,588.718
561.531,1001.342,509.065,802.488,246.539,735.595,255.479,588.755
561.145,1001.129,509.017,802.661,246.611,735.869,255.878,589.222
561.330,1001.253,508.806,802.651,246.573,735.560,255.969,589.107
561.153,1000.237,508.768,802.652,246.454,735.661,256.343,589.507
561.261,1001.230,508.912,802.342,246.531,735.501,256.654,590.172
561.524,1000.946,509.108,801.886,246.446,735.640,256.822,590.230
561.284,1000.994,509.090,801.907,246.507,735.711,256.773,590.292
561.279,1000.814,509.124,802.021,246.460,736.030,256.382,590.460
561.222,1000.943,508.906,801.978,246.504,735.797,256.416,590.498
561.467,1001.177,509.286,800.890,246.505,735.711,256.097,590.294
561.286,1000.957,509.185,801.897,246.491,735.860,256.132,590.176
561.395,1001.144,509.217,802.039,246.553,735.535,256.184,590.046
561.473,1000.961,509.118,802.335,246.504,735.686,256.103,590.036
561.317,1000.992,509.272,801.918,246.467,735.668,256.068,589.799
561.439,1001.202,509.489,801.820,246.519,735.639,256.268,589.825
561.368,1001.067,509.587,801.905,246.492,735.751,256.289,590.053
561.333,1001.155,509.603,801.585,246.648,735.512,255.449,589.245
561.395,1001.253,509.720,801.238,246.620,735.675,255.165,589.064
561.422,1001.223,509.072,801.790,246.655,735.512,255.248,589.040
561.328,1001.102,509.013,802.824,246.921,735.167,255.310,589.046
561.151,1000.899,508.968,802.583,246.698,735.432,254.791,589.108
561.159,1000.925,508.826,802.856,246.815,735.090,254.957,589.160
561.256,1001.110,509.181,802.253,246.503,735.280,254.745,589.233
561.405,1001.206,509.448,801.980,246.502,735.183,254.663,589.169
561.143,1000.874,509.426,801.765,246.515,735.545,255.008,589.146
561.555,1001.238,509.289,802.381,246.597,735.329,255.105,589.190
561.537,1001.112,509.121,802.160,246.560,735.272,255.055,589.090
561.558,1001.144,509.377,801.608,246.899,735.193,255.336,589.168
561.530,1001.422,509.328,801.369,246.857,735.474,255.302,589.258
561.803,1001.330,509.595,801.445,246.707,735.952,255.166,589.156
561.674,1001.294,509.232,801.884,246.763,735.361,255.158,589.125
561.310,1000.393,508.952,802.669,246.585,735.931,254.929,589.074
561.746,1001.285,509.336,802.231,246.806,735.363,254.971,589.079
561.575,1001.131,509.263,800.491,246.890,735.602,255.082,588.667
561.461,1001.056,509.520,800.563,246.597,735.663,254.816,588.457
561.644,1001.197,509.756,800.150,246.541,735.480,254.902,588.353
561.692,1001.342,509.878,800.205,246.579,735.033,255.016,588.114
561.533,1001.261,509.925,800.753,246.750,735.336,254.875,587.775
561.473,1001.261,510.077,801.191,246.649,735.587,254.648,588.183
561.017,1000.909,509.774,801.318,246.519,735.409,254.744,588.373
561.277,1001.146,509.795,801.160,246.451,735.951,254.755,588.515
561.332,1000.252,510.237,801.507,246.497,735.445,255.241,588.733
561.516,1001.340,510.376,801.026,246.618,735.234,255.096,588.708
561.510,1000.337,510.513,801.083,246.638,735.424,255.046,588.766
560.907,1000.056,510.527,801.351,246.648,735.321,255.574,588.758
561.198,1000.205,510.482,801.827,246.594,735.347,255.444,588.820
561.303,1000.883,510.291,801.879,246.567,735.228,255.680,589.053
561.595,1000.571,510.025,801.928,246.508,735.396,255.480,588.918
561.360,1000.175,509.507,802.650,246.534,735.762,255.451,588.851
561.530,1001.038,509.571,802.608,246.541,735.710,255.391,588.742
561.447,1000.245,509.796,802.449,246.539,736.508,254.905,588.642
561.486,1000.043,510.249,801.560,246.633,736.009,254.853,588.532
561.459,1001.340,509.863,802.584,246.411,735.646,254.762,588.662
561.269,1000.927,509.870,802.273,246.500,735.575,254.909,588.787
561.626,1001.336,509.882,802.343,246.840,735.126,254.943,588.741
561.440,1001.402,509.573,802.637,246.762,735.135,254.699,588.723
561.545,1001.376,509.574,802.756,246.603,735.431,254.941,588.743
561.601,1000.835,509.179,802.778,246.663,735.302,254.875,588.801
561.455,1001.532,509.310,802.836,246.627,735.231,254.824,588.866
561.574,1001.317,509.351,802.944,246.505,736.220,254.933,588.754
561.562,1001.468,509.327,802.946,246.508,736.043,254.880,588.714
561.387,1001.026,508.999,803.055,246.493,735.519,255.008,588.810
561.209,1000.940,509.391,802.912,246.442,735.647,254.962,588.752
561.480,1001.368,509.180,802.789,246.462,735.537,254.910,588.730
561.591,1001.433,508.774,802.722,246.487,735.735,254.948,588.834
561.397,1000.581,508.792,802.152,246.478,735.483,254.966,588.895
561.298,1000.989,509.039,802.741,246.494,735.930,255.093,588.877
561.152,1001.077,508.866,802.959,246.306,734.843,254.925,588.697
561.374,1000.631,508.925,803.527,246.456,735.538,254.906,588.810
561.259,1001.135,508.674,803.281,246.479,735.508,254.771,588.776
561.273,1001.326,508.824,803.158,246.605,735.780,254.874,588.903
561.146,1001.223,508.935,803.019,246.544,735.473,254.724,588.857
561.494,1001.262,508.593,803.047,246.713,735.844,255.235,589.011
561.404,1001.327,508.759,803.271,246.642,735.755,254.986,588.853
561.591,1001.499,508.465,803.840,246.577,736.308,254.992,588.908
561.744,1001.011,508.891,802.914,246.665,735.859,254.970,588.921
561.469,1001.198,509.072,802.946,246.602,735.633,254.912,588.634
561.324,1000.740,508.913,803.326,246.394,735.468,255.063,588.713
561.478,1000.618,508.556,803.383,246.518,735.838,255.050,588.922
561.474,1001.108,508.405,803.906,246.546,735.565,254.989,588.880
561.494,1001.077,508.093,803.830,246.546,735.899,255.122,588.852
561.403,1001.163,508.663,803.408,246.515,735.523,254.876,588.859
561.264,1001.215,508.545,803.244,246.544,735.510,254.885,588.836
561.184,1001.102,509.021,802.324,246.660,735.379,255.193,588.755
561.552,1001.248,509.493,802.144,246.851,735.225,254.969,588.767
561.690,1000.579,508.778,803.552,246.710,735.762,254.937,588.748
561.565,1000.584,509.040,802.702,246.728,735.715,255.071,588.863
561.522,1001.258,508.533,803.286,246.649,735.482,255.067,588.752
561.442,1001.145,508.819,803.367,246.713,735.232,255.097,588.904
561.360,1001.265,508.515,803.632,246.697,735.073,255.355,588.915
561.287,1001.103,508.622,803.395,246.708,735.120,255.381,588.844
561.458,1001.298,508.776,802.748,246.547,735.489,255.268,588.812
560.942,1000.951,508.831,802.611,246.643,735.227,255.205,588.793
561.618,1001.436,508.998,802.861,246.683,734.982,255.154,588.767
561.183,1000.830,509.399,802.126,246.514,735.905,255.318,588.717
561.112,1000.818,508.935,803.180,246.714,735.570,255.382,588.876
561.523,1001.389,509.076,803.207,246.636,735.582,255.185,588.828
561.527,1001.296,509.466,802.629,246.653,735.471,255.183,588.779
561.165,1001.306,509.553,802.144,246.635,735.662,255.126,588.792
560.841,1001.010,509.398,802.704,246.598,735.391,255.184,588.833
561.446,1000.766,509.205,802.826,246.780,735.259,255.267,588.852
561.011,1000.879,508.727,803.729,246.749,735.133,255.228,588.795
561.564,1001.379,508.920,803.373,246.647,735.617,255.335,588.747
561.156,1000.981,509.332,802.963,246.624,735.327,255.191,588.750
561.225,1001.239,508.836,803.597,246.839,735.841,255.015,588.740
561.423,1001.583,508.828,803.455,246.587,735.484,254.833,588.661
561.501,1001.422,508.910,803.748,246.561,735.723,255.059,588.750
561.551,1001.591,508.835,803.500,246.585,735.650,255.009,588.695
561.359,1000.585,508.715,803.538,246.635,735.394,254.846,588.563
561.513,1001.264,508.726,803.375,246.857,735.807,255.062,588.928
561.382,1001.374,509.381,802.592,246.469,735.946,255.030,588.931
560.943,1001.071,509.242,802.766,246.552,735.600,255.134,588.878
561.402,1001.539,508.878,802.915,246.694,735.491,255.122,588.909
561.403,1001.617,509.126,802.591,246.598,736.118,255.149,588.823
561.476,1001.847,508.699,803.542,246.364,735.770,255.082,588.965
561.079,1001.525,508.957,803.064,246.617,735.763,255.379,588.922
561.135,1001.428,509.372,802.854,246.537,735.617,255.186,588.838
561.470,1001.382,509.007,803.455,246.528,735.586,255.199,588.962
561.137,1001.168,509.480,803.619,246.463,735.274,255.156,588.954
561.406,1001.249,509.444,803.483,246.570,735.432,255.051,588.911
561.313,1001.369,509.571,802.920,246.454,735.444,254.917,588.977
561.089,1001.292,509.524,803.057,246.386,735.599,255.292,588.914
561.410,1001.407,509.198,803.799,246.476,735.422,255.110,588.937
561.279,1001.386,509.441,803.501,246.410,735.376,255.353,588.933
561.152,1001.055,509.326,803.516,246.392,736.004,254.936,588.988
561.416,1001.500,509.264,802.895,246.247,735.810,254.775,588.703
561.223,1001.096,508.714,803.982,246.556,735.991,255.139,588.841
561.258,1001.161,508.815,804.384,246.603,735.970,255.121,588.825
561.314,1001.262,508.939,804.041,246.484,735.728,255.161,588.975
561.141,1000.344,508.674,804.151,246.549,735.986,255.204,588.900
561.220,1001.254,508.551,803.103,246.466,735.489,255.051,589.021
561.086,1001.134,508.597,803.276,246.670,735.137,255.176,589.043
561.115,1001.134,509.110,804.411,246.566,735.396,255.113,588.857
561.381,1001.338,509.068,803.403,246.571,735.448,255.399,589.017
561.280,1001.229,508.102,803.105,246.549,735.416,255.302,589.106
561.188,1000.985,508.781,802.744,246.633,735.680,255.138,588.866
561.186,1000.867,508.414,803.872,246.665,735.523,255.113,588.823
561.203,1001.464,509.196,803.454,246.373,735.622,255.447,588.906
561.335,1001.480,508.374,803.196,246.618,735.347,255.434,588.973
561.256,1001.190,508.528,802.863,246.588,735.261,254.939,588.968
561.146,1000.615,508.584,803.720,246.641,735.312,254.850,588.986
561.451,1001.356,509.171,803.931,246.592,735.706,254.731,588.871
561.315,1001.363,509.182,803.410,246.637,735.688,254.732,588.783
561.141,1000.841,508.516,802.561,246.437,735.184,254.945,588.968
561.530,1001.379,508.519,803.839,246.431,735.670,255.085,589.072
561.224,1001.391,508.402,803.539,246.573,735.203,255.103,589.053
561.253,1001.270,508.164,803.700,246.346,735.395,255.246,589.047
561.085,1001.328,508.708,803.479,246.275,735.118,255.369,589.101
561.344,1000.393,508.620,804.751,246.356,735.216,255.206,589.064
561.376,1000.611,507.952,803.737,246.434,735.451,254.923,589.027
561.321,1000.707,508.242,804.054,246.612,735.204,255.221,589.062
561.200,1001.479,508.644,804.359,246.706,735.158,255.037,588.966
561.340,1001.177,507.953,805.170,246.726,735.436,255.177,589.006
561.408,1001.430,507.679,805.355,246.701,735.535,255.172,588.953
561.307,1001.165,507.669,805.619,246.726,735.708,255.153,589.119
561.498,1000.722,507.706,806.137,246.549,735.670,254.924,588.969
561.271,1001.257,507.123,805.617,246.579,735.406,255.338,589.097
561.400,1001.295,507.636,805.475,246.469,735.072,255.340,588.934
561.193,1001.019,507.924,806.085,246.540,735.447,255.238,588.946
561.282,1000.491,507.258,806.555,246.681,735.312,255.195,588.994
561.190,1000.467,507.213,807.077,246.586,735.482,255.182,588.983
561.243,1001.184,507.339,807.607,246.686,735.829,255.292,589.054
561.486,1001.401,507.097,806.479,246.670,735.415,255.193,589.088
561.158,1001.344,507.249,806.721,246.657,735.565,254.970,589.063
561.256,1000.684,507.263,806.657,246.640,735.208,254.945,588.971
561.188,1000.569,508.143,806.286,246.544,735.566,254.913,588.943
561.303,1001.312,507.279,806.987,246.682,735.534,254.962,589.016
561.268,1001.311,506.733,806.729,246.908,735.160,254.825,588.866
561.284,1001.369,507.394,807.065,246.923,735.265,254.804,588.907
560.776,1001.154,507.609,806.999,246.589,735.699,254.912,589.001
561.045,1001.210,507.095,806.851,246.822,735.118,254.879,588.800
561.227,1001.392,507.684,805.788,246.421,734.185,255.175,588.866
561.112,1001.058,507.382,808.436,246.546,736.361,255.140,589.050
561.364,1001.242,507.427,806.896,246.529,735.865,255.252,589.064
561.490,1001.221,508.135,804.311,246.627,735.629,255.329,589.000
561.516,1000.678,507.408,806.781,246.677,735.503,254.956,588.927
561.467,1000.745,506.975,808.508,246.580,735.824,254.946,588.830
561.374,1001.396,506.516,808.854,246.665,735.775,254.826,588.780
561.461,1001.235,506.501,809.122,246.557,735.713,255.126,588.673
561.622,1001.347,506.769,809.239,246.589,735.334,255.141,588.690
561.590,1001.534,506.367,809.087,246.689,735.469,255.147,588.782
561.441,1001.508,506.433,808.836,246.707,735.439,255.209,588.800
561.465,1001.406,507.060,809.088,246.413,735.631,255.261,588.934
561.388,1001.205,506.381,809.478,246.470,735.774,255.050,588.801
561.263,1001.121,506.168,809.982,246.412,736.049,254.991,588.799
561.600,1001.500,506.919,809.360,246.611,735.694,255.055,588.944
561.616,1001.632,507.039,809.740,246.602,735.742,255.269,588.876
561.589,1001.415,506.420,809.339,246.542,735.655,254.845,588.719
561.646,1001.751,506.246,809.636,246.549,735.488,254.883,588.831
561.499,1001.425,506.080,809.351,246.349,735.350,254.923,588.846
561.311,1001.672,505.768,809.733,246.625,735.837,254.878,588.892
561.290,1001.516,505.889,809.897,246.588,735.612,255.113,588.943
561.348,1001.518,506.128,809.418,246.485,735.759,255.126,588.957
561.391,1000.831,505.870,809.637,246.581,735.595,255.044,589.039
561.372,1001.402,505.731,810.037,246.463,736.002,255.062,588.924
561.652,1001.501,505.599,809.718,246.488,735.913,255.264,588.861
561.458,1001.248,505.508,810.255,246.602,735.829,254.978,588.698
561.718,1001.533,506.250,810.360,246.592,735.959,255.043,588.810
561.737,1001.526,505.724,810.142,246.560,735.545,254.999,588.737
561.742,1001.293,505.820,810.245,246.653,735.857,255.200,588.795
561.226,1001.397,505.978,810.728,246.641,735.623,255.106,588.831
561.593,1001.486,506.132,810.697,246.646,735.828,255.018,588.731
561.595,1000.811,505.491,810.345,246.653,735.967,255.078,588.740
561.416,1001.157,505.327,810.416,246.505,736.011,254.825,588.699
561.670,1001.531,506.144,809.455,246.559,735.716,255.054,588.778
561.772,1001.037,505.527,810.012,246.527,735.539,254.621,588.769
561.611,1001.356,505.401,810.527,246.400,736.093,254.963,588.820
561.593,1001.414,505.384,809.817,246.410,735.963,254.813,588.800
561.462,1001.263,505.513,810.368,246.561,735.366,254.936,588.889
561.456,1001.185,505.461,810.218,246.441,735.394,254.916,588.813
561.398,1001.358,504.864,810.428,246.516,735.539,254.921,588.706
561.516,1001.475,505.315,809.764,246.363,735.584,254.878,588.853
561.533,1001.636,505.539,809.718,246.274,735.596,254.879,588.790
561.021,1001.259,505.417,810.029,246.410,735.447,255.060,588.907
561.555,1001.715,505.121,809.816,246.422,735.325,254.817,588.755
561.732,1001.394,504.845,810.183,246.291,735.381,254.795,588.679
561.461,1001.172,504.766,809.937,246.373,735.340,254.744,588.710
561.649,1001.547,504.578,810.135,246.367,735.510,254.883,588.751
561.315,1001.304,505.776,809.131,246.405,735.466,254.825,588.919
561.634,1001.383,505.082,809.941,246.507,735.697,254.880,588.786
561.585,1001.411,504.934,810.066,246.602,735.496,255.040,588.780
561.566,1000.863,504.983,810.465,246.566,735.634,254.981,588.681
561.490,1000.878,505.579,809.835,246.474,735.605,254.967,588.805
561.295,1000.806,505.454,809.866,246.508,735.681,254.858,588.883
560.990,1000.802,506.024,809.959,246.368,735.638,255.093,589.121
561.364,1001.026,505.819,810.310,246.566,735.613,255.190,588.987
561.272,1001.179,505.362,810.040,246.042,734.332,255.281,588.887
561.357,1001.072,505.190,809.803,246.549,735.747,255.033,588.809
561.706,1001.551,505.417,810.990,246.383,735.602,255.209,588.935
561.400,1001.228,505.001,810.654,246.405,735.123,255.096,588.840
561.461,1001.278,505.099,810.116,246.553,736.301,254.969,588.881
561.354,1001.438,505.313,810.325,246.568,735.971,254.959,588.719
561.394,1001.404,505.372,810.674,246.474,735.758,254.876,588.864
561.474,1001.448,504.969,810.370,246.410,735.591,255.150,589.032
561.642,1001.457,505.543,810.190,246.485,735.828,255.051,588.870
561.208,1001.308,505.561,810.171,246.365,735.712,255.147,588.968
561.672,1001.548,505.177,810.066,246.379,735.901,254.970,588.813
561.540,1001.279,505.364,810.528,246.624,735.530,255.030,588.951
561.751,1001.698,505.569,810.224,246.570,735.768,255.045,588.903
561.526,1001.523,505.589,810.284,246.521,735.521,254.918,588.899
561.648,1001.647,505.650,810.570,246.381,735.804,254.903,588.889
561.600,1001.463,505.023,810.516,246.219,735.583,255.263,588.923
561.573,1001.265,504.422,811.002,246.235,735.668,255.164,588.880
561.391,1001.110,504.802,810.152,246.515,735.764,255.187,588.905
561.426,1001.314,505.220,809.997,246.779,735.246,255.204,588.914
561.342,1001.689,505.171,810.232,246.482,735.753,255.128,588.975
561.261,1001.166,505.228,810.186,246.129,734.537,255.159,589.094
561.509,1001.298,505.160,810.657,246.009,734.184,255.035,589.020
561.393,1001.175,505.075,810.516,246.458,735.427,255.120,589.095
561.341,1001.213,505.268,810.544,246.678,735.058,255.117,589.030
561.489,1001.562,505.312,810.469,246.447,735.496,255.137,588.942
560.967,1000.935,505.176,810.112,246.633,735.276,255.127,588.888
561.479,1001.438,504.911,810.846,246.553,735.092,254.875,588.948
561.580,1001.509,505.214,811.042,246.599,735.237,254.890,589.036
561.640,1001.665,504.608,811.281,246.499,735.245,255.101,589.143
561.378,1001.371,504.937,810.831,246.594,735.317,255.057,588.923
561.050,1001.284,504.784,811.286,246.426,735.683,255.159,589.047
561.435,1001.191,504.819,810.767,246.438,735.367,254.979,589.005
561.440,1000.674,504.550,811.310,246.658,735.439,255.180,589.003
561.649,1000.858,505.121,810.779,246.598,735.302,255.141,589.044
561.271,1001.270,504.726,810.837,246.538,735.303,254.941,589.104
561.181,1001.271,505.213,810.984,246.696,735.471,255.093,588.932
561.393,1001.464,504.607,810.934,246.339,735.466,255.160,588.931
561.277,1001.443,504.936,810.251,246.399,735.758,254.703,588.748
561.177,1001.253,504.730,810.814,246.376,735.797,254.797,588.829
561.282,1001.433,505.116,810.773,246.714,735.514,254.968,588.715
561.354,1001.398,505.207,810.853,246.752,735.415,254.968,588.873
561.200,1001.387,504.758,810.678,246.780,735.379,255.250,588.881
560.947,1001.172,504.360,811.078,246.788,735.199,255.213,588.763
561.152,1000.490,505.211,810.587,246.883,735.279,255.103,588.891
561.055,1001.238,505.737,810.227,246.914,735.342,255.036,588.798
561.448,1001.390,505.035,811.328,246.786,735.065,255.067,589.008
561.579,1000.913,504.921,810.793,246.748,735.270,255.299,589.023
561.014,1001.139,504.812,810.677,246.722,735.501,255.039,588.906
561.094,1001.102,504.490,811.269,246.658,735.260,255.291,588.725
561.234,1001.237,505.194,810.234,246.777,735.181,255.366,588.794
561.388,1001.515,505.094,810.537,246.429,735.126,255.414,588.939
561.487,1001.419,504.632,810.744,246.695,734.941,255.262,588.725
561.468,1001.414,504.184,810.810,246.687,735.018,255.324,588.850
561.442,1000.843,504.314,810.901,246.830,734.909,255.373,588.866
561.145,1001.408,504.819,810.252,246.698,734.758,255.319,588.739
561.161,1001.411,504.906,810.544,246.552,734.859,255.325,588.843
561.011,1001.252,505.032,810.507,246.675,735.291,255.416,588.845
561.253,1001.444,504.875,810.586,246.596,735.104,255.354,588.870
561.010,1001.461,504.402,810.536,246.468,735.550,255.348,588.908
561.379,1001.612,504.188,811.013,246.531,735.016,255.302,588.850
561.333,1001.410,504.770,810.916,246.404,735.339,255.390,588.897
561.126,1001.207,504.507,810.883,246.553,735.404,255.290,588.853
561.276,1001.336,504.934,810.785,246.366,735.383,255.280,589.070
561.307,1001.347,504.747,810.538,246.314,735.565,255.295,588.985
561.467,1001.473,504.393,810.505,246.420,735.609,255.215,588.926
561.513,1001.497,504.075,810.878,246.483,735.441,255.337,589.053
561.060,1001.355,504.125,810.658,246.540,735.323,255.420,588.975
561.181,1000.590,504.640,810.159,246.445,735.232,255.226,588.943
561.229,1001.311,504.600,810.662,246.491,735.185,255.219,588.866
561.338,1001.257,504.315,811.448,246.458,735.081,255.329,588.855
561.197,1001.364,504.319,810.730,246.411,735.391,255.383,588.902
561.142,1001.120,504.319,811.246,246.470,735.199,255.318,589.009
561.158,1001.126,504.474,811.758,246.555,735.242,255.485,588.944
561.200,1001.248,504.824,811.229,246.674,735.255,255.484,588.963
560.927,1000.204,504.051,812.250,246.731,734.906,255.316,588.840
561.075,1001.495,504.270,811.843,246.472,735.650,255.451,589.076
561.146,1001.190,504.327,812.178,246.397,735.599,255.435,588.960
561.328,1001.201,504.505,811.508,246.463,735.604,255.272,588.770
561.502,1001.470,504.749,811.081,246.606,735.453,254.899,588.900
561.263,1001.276,504.285,811.784,246.583,735.616,255.279,588.999
561.215,1001.434,504.655,811.739,246.476,735.331,255.129,589.030
561.332,1001.411,504.673,812.036,246.608,735.789,255.093,588.915
561.439,1001.384,504.934,811.554,246.545,735.359,255.441,589.012
561.039,1001.020,504.199,812.188,246.494,735.538,255.412,588.958
561.273,1001.312,504.527,811.314,246.629,735.276,255.505,589.085
561.309,1001.264,504.698,811.784,246.553,735.169,255.536,589.003
561.310,1001.289,504.687,811.763,246.558,734.958,255.422,588.997
561.075,1001.220,504.895,811.607,246.455,735.329,255.385,588.827
561.318,1000.789,504.737,811.861,246.586,734.740,255.443,588.869
561.313,1001.178,504.382,812.053,246.244,735.153,255.263,589.023
561.069,1001.140,504.532,811.936,246.473,735.415,255.272,589.042
561.435,1001.523,504.455,811.855,246.294,735.641,255.136,589.114
561.391,1001.423,504.426,812.003,246.227,735.457,255.397,589.066
561.320,1001.372,504.635,811.652,246.427,735.531,255.239,588.916
561.178,1001.259,504.470,811.654,246.279,735.364,255.262,589.071
561.172,1001.628,504.936,811.176,246.506,735.598,255.299,588.977
561.154,1001.308,504.895,811.280,246.518,735.616,255.315,589.007
561.213,1001.275,504.235,812.117,246.628,735.500,255.398,589.041
561.325,1000.786,504.238,812.046,246.833,735.074,255.314,588.973
560.865,1000.318,504.528,811.905,246.501,735.388,255.235,588.954
560.911,1000.848,504.731,811.843,246.367,735.329,255.403,588.952
560.979,1000.464,504.205,811.883,246.313,735.374,255.161,589.130
560.807,1001.043,504.113,812.410,246.327,735.369,255.444,588.945
561.226,1001.377,504.169,812.253,246.307,735.301,255.573,589.033
561.108,1001.277,504.164,812.212,246.483,735.538,255.085,588.951
561.338,1001.338,504.127,812.168,246.383,735.278,255.112,589.045
561.481,1001.342,504.049,811.326,246.421,735.978,255.591,589.058
561.368,1001.585,504.254,811.294,246.381,735.383,255.570,589.063
561.105,1001.068,504.626,812.189,246.596,735.134,255.399,588.878
561.361,1001.365,504.669,811.589,246.567,735.545,255.356,588.924
561.420,1001.366,505.017,810.887,246.293,735.752,255.235,588.906
561.326,1001.401,504.568,812.254,246.315,735.725,255.294,588.848
561.282,1001.357,504.334,812.017,246.633,735.454,255.270,588.878
561.382,1001.484,504.074,812.111,246.680,735.207,255.353,588.867
561.299,1001.316,504.192,811.450,246.617,735.372,255.278,588.988
560.856,1001.261,504.014,812.181,246.384,735.615,255.259,588.904
561.143,1001.393,504.224,812.136,246.766,735.203,255.230,588.879
561.153,1001.252,504.660,811.363,246.712,734.931,255.342,588.910
561.279,1001.454,504.326,811.804,246.398,735.766,255.370,588.927
561.279,1001.432,504.241,812.004,246.552,735.433,255.187,589.123
561.295,1001.581,503.984,812.697,246.291,735.706,255.085,588.977
561.130,1001.324,504.559,812.234,246.622,734.901,255.282,588.897
561.007,1000.505,504.644,811.787,246.565,734.938,255.193,588.894
561.071,1000.678,504.229,812.950,246.491,735.414,255.302,588.990
561.116,1001.231,504.159,813.420,246.441,735.262,254.921,589.074
561.138,1000.880,503.992,812.653,246.519,735.640,255.308,588.967
561.278,1001.406,504.077,812.541,246.490,735.569,255.224,589.002
560.772,1001.054,504.526,812.128,246.328,735.522,255.551,588.948
560.859,1001.300,504.022,812.609,246.603,735.312,255.535,589.034
561.103,1001.063,503.840,812.282,246.529,735.394,255.441,588.996
561.005,1000.429,504.549,811.259,246.528,735.560,255.423,589.069
560.890,1000.359,504.467,811.698,246.534,735.208,255.539,589.005
561.258,1001.350,504.249,812.240,246.505,735.512,255.263,588.882
561.195,1001.282,503.713,813.024,246.484,735.570,255.387,589.035
561.276,1001.486,503.939,812.753,246.540,735.510,255.390,589.045
561.076,1001.091,503.766,813.294,246.207,735.662,255.483,588.974
561.241,1001.360,503.414,813.059,246.433,735.310,255.349,589.071
561.392,1001.368,504.296,811.743,246.443,735.578,255.327,589.125
560.799,1001.007,504.568,812.342,246.287,735.860,255.134,588.978
560.922,1001.489,503.894,813.385,246.491,735.086,255.175,588.981
560.955,1001.294,503.910,812.955,246.503,735.420,255.344,589.032
561.230,1001.269,504.135,812.896,246.449,735.442,255.447,589.156
560.976,1000.461,504.207,812.948,246.415,735.413,255.588,589.223
561.507,1001.517,503.884,812.837,246.492,735.548,255.364,588.978
561.182,1001.250,503.907,812.455,246.443,735.420,255.351,589.065
561.473,1001.586,503.532,813.226,246.413,735.398,255.422,589.046
561.435,1001.387,503.817,812.614,246.363,735.185,255.162,588.871
561.292,1000.811,503.810,812.855,246.419,735.472,255.275,588.934
561.419,1001.479,504.346,813.196,246.511,735.422,255.293,588.981
561.381,1001.348,504.140,811.868,246.422,735.833,255.363,588.791
561.429,1001.286,503.361,812.537,246.429,735.761,255.333,588.893
561.184,1000.767,503.902,812.546,246.467,735.730,255.172,588.892
561.031,1001.148,504.315,812.676,246.541,735.345,255.370,588.782
561.005,1000.626,504.104,813.653,246.355,735.734,255.055,588.768
561.091,1001.394,504.643,812.565,246.503,735.577,255.236,588.787
560.835,1000.931,504.416,813.140,246.465,735.357,255.237,588.772
561.170,1001.201,503.925,813.084,246.589,735.693,255.113,588.830
561.340,1000.845,503.829,812.904,246.622,735.391,255.181,588.783
560.993,1000.710,503.909,812.960,246.304,735.591,255.090,588.928
560.980,1001.227,503.703,813.335,246.253,735.415,255.327,588.914
561.254,1001.243,503.455,813.479,246.541,735.638,255.316,588.954
561.020,1001.312,503.394,813.282,246.494,735.476,255.329,588.914
561.231,1001.373,503.370,813.842,246.664,735.074,255.245,588.781
560.963,1001.326,503.896,813.315,246.602,735.395,255.266,588.899
561.330,1001.431,503.435,813.302,246.548,735.303,255.352,588.833
561.366,1001.333,503.322,813.395,246.511,735.528,255.100,588.920
561.613,1001.609,503.885,813.619,246.362,736.115,255.016,588.727
561.337,1001.327,503.331,813.412,246.246,735.804,255.268,588.995
561.248,1001.398,503.417,813.562,246.246,736.383,255.192,588.967
561.446,1001.705,504.158,813.558,246.277,736.022,255.128,589.064
561.433,1001.639,504.576,813.281,246.471,735.634,255.012,589.074
561.250,1001.283,503.864,812.942,246.562,735.460,255.348,588.992
561.380,1001.376,503.727,812.433,246.348,735.383,255.360,588.975
561.045,1001.280,503.572,813.132,246.416,735.452,255.247,588.822
561.381,1001.459,504.369,812.120,246.399,735.298,255.208,588.852
560.906,1000.954,503.932,812.937,246.309,734.167,255.150,588.798
561.029,1001.111,504.048,813.118,246.307,734.163,255.225,588.847
561.178,1001.410,503.552,812.466,246.300,735.422,255.394,589.000
561.350,1001.315,503.407,812.513,246.532,735.544,255.414,588.975
561.217,1001.393,503.826,813.161,246.417,735.657,255.245,589.000
561.563,1000.707,504.312,813.268,246.582,735.572,255.267,588.808
561.422,1001.343,503.461,812.956,246.606,735.201,255.300,588.840
561.325,1001.531,503.894,813.121,246.692,735.561,255.114,588.857
561.466,1001.669,503.624,813.344,246.680,734.975,255.187,588.952
561.571,1001.618,503.057,813.508,246.372,735.704,255.337,588.960
561.611,1000.844,503.396,813.592,246.556,735.789,255.332,589.014
561.348,1001.577,503.777,813.434,246.487,735.690,255.263,589.069
561.366,1001.556,503.771,812.951,246.382,735.793,255.263,589.077
561.248,1001.357,503.242,813.899,246.276,735.563,254.938,588.873
560.892,1001.379,504.099,813.459,246.420,735.619,254.905,588.890
561.480,1001.960,503.789,813.085,246.526,735.156,255.103,588.848
561.430,1001.727,503.614,813.004,246.548,735.463,255.077,589.029
561.412,1001.474,504.069,813.152,246.332,735.739,255.085,589.069
561.431,1001.572,503.635,813.336,246.562,735.546,254.975,588.907
561.300,1001.433,502.941,813.872,246.532,735.328,254.940,589.073
561.570,1001.829,503.628,813.261,246.498,735.741,254.948,588.925
561.426,1001.722,503.783,813.039,246.533,735.267,255.363,589.004
561.317,1001.518,503.536,813.583,246.331,735.439,255.081,588.996
561.310,1001.410,504.086,813.384,246.329,735.984,255.237,589.013
561.700,1001.865,503.212,814.115,246.380,735.564,255.102,588.892
561.370,1001.490,503.283,813.947,246.345,735.375,254.905,588.720
561.612,1000.829,503.947,813.722,246.433,735.233,255.156,588.959
561.066,1001.332,503.898,813.602,246.589,735.232,254.971,588.951
561.230,1001.498,502.971,813.723,246.449,735.970,255.122,588.903
561.058,1001.128,502.996,814.353,246.744,735.488,255.063,588.899
561.073,1001.236,503.288,814.502,246.490,735.542,255.377,588.947
561.354,1001.407,503.995,813.964,246.776,735.223,255.514,589.129
561.214,1001.396,503.420,813.965,246.849,735.424,255.525,589.157
561.389,1001.595,503.416,813.774,246.841,735.262,255.300,589.121
561.380,1001.634,503.254,813.430,246.604,735.233,255.230,589.107
561.142,1001.255,503.634,813.985,246.588,735.092,255.040,589.085
561.296,1001.371,503.395,813.367,246.603,735.249,255.030,589.069
560.998,1001.212,503.394,813.150,246.487,735.981,255.049,589.040
560.939,1001.204,503.518,813.235,246.768,735.275,255.026,589.033
560.957,1001.317,503.233,814.294,246.502,735.595,255.001,588.982
560.918,1001.370,503.240,813.391,246.477,735.583,254.961,589.000
561.065,1001.300,503.242,814.195,246.499,735.036,255.318,589.091
560.873,1001.191,503.307,813.996,246.557,734.983,255.108,589.078
561.396,1001.585,503.469,813.773,246.320,735.559,254.945,589.084
561.220,1001.422,503.566,813.519,246.323,735.360,255.052,589.146
560.873,1001.299,503.837,813.106,246.353,735.533,254.982,589.101
560.861,1001.296,503.613,813.929,246.388,735.370,255.037,589.052
561.310,1001.504,503.540,814.711,246.361,735.600,255.015,589.061
561.241,1001.467,503.578,814.106,246.334,736.102,255.162,588.958
561.319,1001.524,503.543,814.018,246.481,735.824,255.175,589.138
561.076,1001.185,503.500,814.136,246.458,736.027,255.201,589.022
560.884,1001.210,503.636,814.225,246.473,736.149,255.274,589.108
561.436,1001.455,503.320,814.480,246.668,735.086,255.117,589.103
560.938,1001.110,503.418,814.176,246.670,735.104,255.310,589.142
561.069,1001.258,503.930,814.620,246.537,734.933,255.155,589.050
561.087,1001.302,503.570,814.187,246.361,735.490,255.214,589.023
561.284,1001.383,502.678,814.664,246.551,734.850,255.257,588.822
561.055,1001.390,503.183,814.414,246.572,734.911,255.240,588.856
560.983,1001.254,503.825,814.349,246.498,734.955,255.087,588.848
560.952,1001.367,503.213,814.210,246.519,735.339,255.307,589.023
560.734,1001.260,503.391,814.739,246.620,735.464,255.197,589.003
561.179,1001.437,504.086,814.069,246.355,735.618,254.779,588.886
561.212,1001.435,503.212,814.589,246.428,735.341,255.059,588.958
560.865,1001.383,502.832,814.841,246.485,735.712,255.178,588.917
560.976,1001.288,503.625,813.994,246.481,735.758,255.171,588.804
560.910,1000.658,503.774,813.761,246.532,735.189,255.041,588.942
561.228,1001.363,503.631,814.295,246.431,735.461,255.242,588.941
561.290,1001.666,503.376,814.394,246.556,735.109,254.880,588.870
561.324,1001.641,502.978,814.751,246.345,735.670,255.001,588.936
561.078,1000.799,503.281,814.751,246.467,735.621,255.088,588.792
561.165,1001.398,502.875,815.077,246.432,735.741,255.149,588.739
561.188,1001.312,502.916,814.940,246.506,735.449,255.087,588.744
561.036,1001.328,503.594,814.252,246.500,735.492,255.265,588.826
561.014,1001.314,503.489,813.920,246.497,735.620,255.255,588.959
561.478,1001.556,503.808,813.944,246.617,735.384,255.133,588.847
561.109,1001.181,503.496,813.932,246.592,735.495,255.267,588.872
561.174,1001.333,503.347,814.361,246.636,735.816,255.366,588.753
561.164,1001.334,503.411,814.366,246.597,735.607,255.270,588.739
560.954,1001.365,503.651,813.754,246.402,735.497,255.024,588.765
561.152,1001.484,503.534,813.699,246.408,735.774,255.031,588.699
561.036,1001.302,503.642,813.716,246.640,735.674,254.984,588.834
561.222,1001.791,503.629,813.465,246.600,735.280,255.022,588.827
561.079,1001.280,503.503,813.400,246.472,735.274,254.939,588.816
561.130,1001.339,504.247,811.316,246.656,735.821,254.848,588.782
560.893,1001.167,503.858,812.945,246.572,735.605,254.844,588.794
560.843,1001.242,503.668,812.719,246.520,734.929,254.796,588.735
560.826,1001.214,503.499,812.496,246.604,735.142,254.850,588.803
561.319,1001.283,503.315,812.872,246.420,735.207,254.885,588.933
561.342,1001.470,503.293,812.846,246.419,735.275,254.844,588.827
561.048,1001.326,503.439,812.608,246.530,735.555,254.815,588.839
561.007,1001.205,503.467,812.449,246.595,735.485,254.882,588.785
561.381,1001.305,503.725,812.586,246.540,735.208,254.964,588.863
561.281,1001.150,503.853,812.214,246.370,735.096,255.023,588.848
561.387,1001.444,503.570,812.647,246.537,735.302,255.026,588.920
561.468,1001.511,503.721,812.651,246.494,735.406,255.137,588.793
561.724,1001.524,503.703,812.702,246.406,735.459,254.976,588.793
561.222,1001.383,503.561,812.880,246.557,735.324,255.064,588.683
561.469,1001.631,503.524,812.747,246.547,735.424,255.149,588.628
561.339,1001.343,503.405,813.140,246.558,735.143,254.986,588.709
561.398,1001.535,503.629,812.888,246.577,735.157,255.194,588.763
561.067,1001.566,503.639,812.896,246.565,735.419,255.138,588.726
561.333,1001.494,503.508,812.920,246.602,735.398,255.048,588.724
561.273,1001.462,503.444,812.833,246.755,735.092,255.254,588.659
561.391,1001.608,503.518,813.028,246.523,735.342,255.266,588.624
561.212,1001.528,503.464,812.909,246.403,733.930,255.050,588.733
560.932,1001.176,503.469,813.024,246.714,734.814,254.812,588.660
561.275,1000.541,503.468,812.715,246.222,734.391,254.989,588.738
561.298,1001.277,503.500,812.939,246.562,735.242,254.746,588.652
560.943,1001.195,503.802,812.648,246.566,735.350,255.124,588.865
561.143,1001.428,503.426,812.865,246.564,735.561,255.038,588.870
560.629,1000.978,503.672,812.496,246.492,735.495,255.190,588.876
561.255,1001.563,504.188,810.530,246.578,735.056,254.938,588.755
561.345,1001.349,503.760,812.684,246.499,735.510,255.125,588.786
561.409,1001.399,503.486,812.994,246.613,735.166,254.836,588.662
561.441,1001.380,503.525,812.864,246.408,734.983,254.926,588.690
561.676,1001.780,503.614,812.940,246.587,734.737,254.883,588.753
561.703,1001.881,503.511,812.958,246.727,735.070,255.159,588.931
561.250,1001.299,503.508,812.981,246.583,735.136,255.039,588.795
561.427,1001.591,503.335,813.070,246.484,735.192,255.032,588.856
561.287,1001.458,503.412,813.057,246.360,735.084,254.885,588.649
561.185,1001.497,503.678,812.407,246.419,735.049,254.714,588.720
561.347,1001.557,503.587,812.628,246.577,734.876,255.008,588.873
561.455,1001.363,503.514,812.846,246.602,735.024,255.089,588.601
561.380,1001.332,503.407,812.974,246.595,734.976,255.097,588.611
561.087,1001.175,503.577,812.960,246.375,734.992,254.987,588.777
560.982,1001.030,503.503,812.738,246.479,735.011,255.057,588.768
561.336,1001.415,503.801,812.593,246.654,735.123,255.044,588.975
561.258,1001.303,503.617,812.413,246.644,734.772,255.052,588.791
561.183,1001.154,503.854,812.335,246.420,735.208,254.930,588.631
561.389,1001.370,503.829,812.531,246.190,734.145,254.925,588.664
560.879,1001.201,503.772,812.549,246.134,734.038,254.926,588.727
561.138,1001.359,503.604,812.768,246.443,735.364,255.016,588.684
561.410,1000.841,503.641,812.698,246.549,735.399,254.930,588.759
561.285,1000.608,503.776,812.704,246.651,734.829,255.122,588.935
561.279,1001.356,503.679,812.738,246.461,735.224,254.952,588.870
561.562,1001.553,503.640,812.646,246.654,735.032,255.392,588.873
561.338,1001.478,503.605,812.580,246.581,735.109,255.261,588.838
561.494,1001.015,503.743,812.586,246.599,735.157,255.373,589.022
561.389,1001.349,503.735,812.274,246.661,735.189,255.316,588.908
560.920,1001.173,503.685,812.384,246.477,735.231,255.023,588.977
560.915,1001.286,503.897,812.194,246.571,735.222,255.004,589.020
561.116,1001.161,503.822,812.519,246.628,735.073,255.255,588.961
561.269,1001.323,503.655,812.325,246.472,735.165,255.106,588.992
561.292,1001.413,504.274,812.086,246.549,735.390,255.150,588.964
561.114,1001.327,503.835,811.852,246.479,735.135,255.174,589.085
561.026,1001.457,503.940,811.816,246.507,734.766,255.419,588.951
561.006,1001.322,503.931,811.698,246.611,735.321,255.387,588.957
561.231,1001.418,504.314,811.374,246.618,735.477,255.366,588.933
561.276,1001.309,504.271,811.441,246.383,735.027,255.053,588.914
561.620,1001.499,504.493,811.060,246.499,735.132,255.083,588.949
561.410,1001.564,503.965,810.957,246.413,735.497,255.133,589.010
561.351,1001.550,504.341,811.903,246.524,735.272,255.167,589.017
561.450,1001.599,504.375,811.522,246.461,735.467,255.108,588.992
561.188,1001.390,504.511,811.568,246.441,735.332,254.925,588.868
561.308,1001.597,504.796,811.504,246.496,735.194,255.142,588.867
561.223,1001.487,504.844,811.389,246.478,735.266,255.078,588.874
561.239,1001.489,504.983,811.528,246.537,735.367,255.232,588.828
561.192,1001.387,505.082,811.826,246.512,735.576,255.145,588.879
561.183,1001.422,504.961,812.020,246.508,735.342,255.089,588.865
561.365,1001.516,504.707,812.353,246.442,735.333,255.318,588.963
561.113,1001.227,504.441,812.159,246.547,735.096,255.125,588.716
561.327,1001.270,504.290,812.090,246.414,735.341,255.091,588.808
561.483,1001.397,504.364,811.407,246.435,735.265,255.225,588.887
561.376,1001.465,504.526,811.626,246.438,735.245,255.199,588.775
561.328,1001.474,504.903,811.550,246.467,735.152,255.177,588.725
561.238,1001.354,504.953,811.266,246.561,735.197,255.275,588.885
561.212,1001.400,504.867,811.182,246.601,735.554,255.217,588.859
561.655,1001.805,504.160,811.086,246.553,734.851,255.286,588.956
561.419,1001.617,504.515,810.431,246.761,734.858,255.232,588.892
561.054,1001.442,505.183,809.200,246.483,735.155,255.380,588.832
561.147,1001.388,505.092,809.565,246.648,734.820,255.260,588.894
561.002,1001.185,504.735,810.209,246.515,735.218,255.309,588.989
561.486,1001.687,504.996,810.238,246.504,735.348,255.533,588.993
561.454,1001.733,504.444,810.838,246.549,735.221,255.222,588.950
561.204,1001.431,504.678,809.314,246.524,735.173,255.175,588.848
561.405,1001.487,504.514,809.270,246.541,735.381,255.278,588.934
560.958,1001.344,503.744,811.126,246.550,735.617,255.164,588.884
561.256,1001.538,504.726,808.860,246.480,735.562,255.286,588.795
561.087,1000.741,504.664,808.893,246.428,735.258,255.072,588.956
561.459,1001.652,504.703,809.032,246.504,735.189,255.254,588.837
561.284,1001.562,504.130,811.417,246.516,735.137,255.056,588.825
561.514,1001.798,504.759,809.507,246.519,735.402,255.251,588.863
561.404,1001.466,504.597,809.241,246.566,735.397,255.236,588.836
561.360,1001.687,504.591,809.417,246.464,735.501,255.215,588.830
561.453,1001.619,504.323,810.070,246.339,735.536,255.027,588.959
561.486,1001.573,504.901,808.960,246.779,735.224,255.205,588.939
561.404,1001.580,503.807,811.784,246.558,735.391,255.240,588.905
561.337,1001.472,503.879,811.655,246.444,735.554,254.978,588.738
561.364,1001.418,503.819,811.722,246.535,735.804,255.193,588.714
561.275,1001.540,504.692,809.444,246.665,735.121,254.912,588.755
561.311,1001.655,504.692,809.460,246.589,735.057,255.010,588.801
561.272,1001.620,504.890,809.039,246.449,735.783,254.900,588.696
561.413,1001.525,504.794,809.355,246.554,735.677,254.915,588.799
561.077,1001.401,504.905,809.299,246.379,735.627,255.038,588.908
561.124,1000.740,504.694,809.448,246.251,735.528,255.338,589.027
561.229,1001.629,504.743,809.422,246.474,735.442,255.227,589.020
561.228,1001.419,504.865,809.314,246.489,735.124,255.219,588.908
561.252,1001.521,504.602,809.889,246.571,735.505,255.066,588.797
561.469,1001.616,504.662,809.341,246.557,735.263,255.116,588.769
561.209,1001.205,504.362,810.044,246.489,735.737,255.104,588.803
561.555,1001.384,504.433,809.510,246.561,735.418,255.104,588.766
561.330,1001.418,504.378,809.623,246.450,735.548,255.001,588.804
561.303,1001.584,504.453,809.453,246.196,735.568,254.892,588.770
561.416,1001.811,504.532,809.451,246.194,735.769,254.900,588.765
561.048,1001.332,504.726,809.102,246.170,735.299,255.031,588.864
561.289,1001.469,504.849,809.273,246.302,735.259,255.101,588.763
561.384,1001.498,504.363,809.770,246.447,735.578,255.046,588.983
561.425,1001.552,504.428,809.791,246.437,735.274,254.938,588.932
561.209,1001.638,504.691,809.840,246.332,735.813,255.036,588.922
561.425,1001.593,504.475,809.776,246.345,735.850,255.007,588.973
561.410,1000.897,504.657,809.467,246.772,735.291,255.229,588.968
561.552,1001.690,504.843,809.206,246.413,735.519,255.208,589.057
561.253,1001.713,504.136,810.718,246.242,735.568,255.402,589.076
561.015,1001.492,504.303,810.809,246.310,735.357,255.169,588.960
561.127,1001.443,504.136,810.236,246.402,735.131,255.389,589.070
560.982,1001.268,504.631,810.843,246.594,735.026,255.100,588.722
560.995,1001.578,504.240,810.706,246.763,735.022,255.259,588.844
561.189,1001.322,504.327,810.760,246.122,734.114,255.179,588.917
561.098,1001.294,504.049,810.619,246.004,734.138,255.062,588.872
561.636,1001.747,504.444,810.659,246.487,735.285,254.947,588.833
561.419,1001.615,504.063,811.225,246.498,735.385,255.018,588.886
561.366,1001.480,504.605,810.967,246.744,735.145,254.958,588.789
561.443,1001.708,504.589,810.661,246.785,735.169,255.008,588.789
561.462,1001.703,504.936,810.651,246.369,735.404,254.824,588.750
561.000,1001.500,504.727,810.947,246.449,735.607,254.778,588.669
561.411,1001.739,504.766,810.523,246.313,735.606,255.111,588.935
561.341,1001.706,505.144,810.249,246.241,735.758,255.303,588.785
561.517,1001.806,505.077,810.711,246.200,735.647,255.428,588.812
560.991,1001.502,505.317,810.897,246.588,735.804,255.151,588.945
561.285,1000.687,504.921,810.605,246.573,735.700,255.181,588.869
561.398,1001.515,505.538,810.966,246.491,735.461,255.244,588.926
561.257,1001.436,505.368,810.745,246.513,735.312,255.248,588.831
561.406,1001.401,505.305,810.469,246.447,734.982,255.125,588.751
561.440,1001.644,505.602,810.848,246.509,735.376,255.289,588.863
560.641,1000.929,505.578,810.392,246.376,735.489,255.100,588.763
561.112,1000.617,505.745,810.348,246.428,735.656,254.913,588.853
561.181,1001.291,505.868,809.280,246.510,735.616,255.324,588.755
561.102,1001.530,505.465,809.263,246.449,735.508,255.236,588.777
561.314,1001.627,505.615,809.611,246.481,735.576,255.189,588.663
561.486,1001.755,505.477,809.319,246.614,735.193,255.274,588.750
561.440,1001.675,505.099,809.716,246.635,735.094,255.306,588.828
561.446,1001.487,505.225,810.122,246.548,735.495,255.208,588.745
561.410,1001.684,504.965,810.529,246.633,735.438,255.213,588.762
561.472,1001.654,505.355,810.378,246.334,735.697,255.168,588.911
561.479,1001.679,505.390,810.055,246.399,735.748,255.198,588.869
561.264,1001.830,505.473,810.287,246.329,736.094,255.326,588.951
561.490,1001.632,505.561,810.197,246.329,735.824,255.323,588.972
561.294,1001.575,505.354,810.446,246.453,735.538,255.254,588.935
561.325,1001.513,505.291,810.494,246.463,735.410,255.412,588.978
561.316,1001.669,505.084,810.614,246.445,735.552,255.246,588.810
561.315,1001.571,504.674,811.150,246.290,735.639,255.480,588.935
561.488,1001.756,504.649,811.302,246.394,735.752,255.296,588.814
561.241,1001.684,504.755,811.324,246.496,735.093,255.307,588.742
561.366,1001.611,505.114,810.859,246.421,735.585,255.179,588.768
561.357,1001.706,504.970,811.136,246.183,735.408,255.174,588.876
561.308,1001.743,505.053,810.983,246.213,735.484,255.250,588.914
561.122,1001.532,505.015,810.998,246.287,733.669,255.428,589.020
561.161,1001.578,505.635,810.737,246.256,733.591,255.289,588.992
561.269,1001.701,505.336,810.571,246.378,735.126,255.199,588.839
561.389,1001.632,505.319,810.644,245.968,734.272,255.259,588.814
561.192,1001.340,505.513,810.392,246.394,735.343,254.970,588.707
561.153,1001.367,505.573,810.355,246.425,735.265,255.104,588.724
561.338,1001.539,505.388,810.457,246.470,735.541,255.192,588.814
560.843,1000.941,505.594,810.275,246.323,735.389,255.306,588.780
561.328,1001.545,505.389,810.425,246.431,735.424,255.348,588.876
561.190,1001.438,505.815,809.925,246.425,735.641,255.289,588.843
561.339,1001.549,505.834,809.065,246.385,735.441,255.182,588.901
561.036,1001.237,505.795,809.394,246.333,735.285,255.267,588.791
560.966,1001.481,505.857,810.271,246.255,735.660,255.071,588.707
560.708,1001.186,505.565,810.711,246.499,735.283,255.260,588.787
561.043,1001.499,505.857,810.422,246.490,735.363,254.816,588.714
561.211,1001.389,506.035,810.238,246.635,735.178,255.113,588.679
561.003,1001.486,506.262,810.075,246.700,734.855,255.104,588.684
561.032,1001.366,506.294,809.599,246.588,735.190,255.339,588.764
560.907,1001.209,506.425,809.010,246.557,735.333,255.430,588.815
560.696,1001.218,506.897,807.616,246.544,735.447,255.049,588.831
560.999,1001.332,506.653,807.835,246.376,735.278,255.016,588.939
561.404,1001.681,506.665,807.942,246.478,735.470,255.003,588.890
561.273,1000.984,506.650,807.991,246.434,734.845,255.004,588.892
561.312,1001.721,506.899,808.175,246.091,734.166,255.100,588.794
561.240,1001.421,506.667,807.864,246.596,735.488,254.983,589.009
561.060,1001.425,506.500,807.649,246.504,735.135,254.902,588.857
560.997,1001.079,506.841,807.476,246.192,734.135,255.175,588.856
561.229,1001.401,506.671,807.836,246.407,735.527,255.219,588.980
561.126,1001.324,506.758,808.357,246.322,735.206,255.250,588.861
561.132,1001.290,506.679,808.636,246.461,735.040,255.036,588.870
561.243,1000.610,506.612,808.242,246.483,735.256,254.939,588.779
561.187,1001.393,506.846,808.489,246.466,735.163,254.759,588.837
560.887,1001.027,506.900,808.440,246.447,735.298,254.980,588.851
560.882,1000.922,506.546,809.075,246.498,735.719,254.908,588.720
561.210,1001.316,506.332,809.632,246.455,735.413,254.977,588.904
561.086,1001.327,506.643,808.968,246.452,735.388,255.116,588.793
561.266,1001.362,506.741,808.842,246.471,735.260,255.119,588.694
561.020,1001.431,506.513,808.577,246.560,735.374,254.872,588.875
561.231,1001.416,506.617,808.534,246.609,735.264,254.980,588.857
561.097,1000.584,506.677,808.249,246.389,735.534,254.900,588.896
561.122,1001.244,506.803,808.370,246.340,735.295,254.929,588.919
561.244,1001.364,506.625,808.470,246.331,735.453,254.955,588.848
560.971,1001.386,506.817,808.434,246.334,735.683,254.926,588.838
561.098,1001.449,506.651,808.879,246.553,735.282,254.896,588.751
561.005,1001.439,506.781,808.336,246.541,735.491,254.898,588.752
561.288,1001.485,506.844,808.122,246.481,735.850,254.990,588.762
561.224,1001.599,506.982,807.999,246.195,735.843,254.938,588.716
561.427,1000.754,506.669,808.000,246.599,735.265,255.119,588.775
561.086,1000.518,506.667,808.275,246.604,735.178,255.240,588.886
561.249,1001.240,506.779,808.445,246.605,735.480,254.798,588.790
561.142,1001.664,506.706,808.249,246.512,735.908,255.313,588.922
561.512,1001.064,506.921,808.178,246.523,735.690,255.189,588.762
560.978,1001.153,506.552,808.142,246.361,736.144,255.363,588.947
561.200,1001.456,506.770,808.149,246.286,735.725,255.255,588.921
561.365,1000.871,506.541,808.301,246.563,735.808,254.915,588.895
561.056,1001.543,506.681,808.407,246.565,735.656,255.214,588.891
561.356,1001.546,506.535,808.188,246.587,735.750,255.233,588.817
561.457,1001.601,506.640,808.188,246.663,735.381,255.202,588.823
561.238,1001.359,506.379,807.923,246.291,735.480,255.034,588.715
561.371,1000.893,506.589,808.196,246.204,735.330,255.098,588.797
561.111,1001.432,506.862,807.855,246.419,735.016,255.142,588.721
561.158,1001.641,506.798,807.905,246.450,735.654,254.945,588.778
561.422,1001.802,506.869,808.141,246.399,735.906,255.264,588.793
561.162,1001.329,506.856,807.835,246.297,735.519,255.048,588.836
561.348,1001.523,506.666,807.735,246.306,735.452,255.146,588.859
561.326,1001.563,506.771,807.687,246.390,735.660,255.147,588.815
561.303,1001.499,506.638,807.634,246.499,735.515,255.247,588.847
560.916,1001.195,506.701,807.933,246.321,735.537,255.085,588.832
560.852,1001.162,506.739,807.972,246.390,735.663,255.153,588.752
561.185,1001.567,506.854,807.714,246.371,735.170,255.305,588.740
561.101,1001.356,506.924,807.645,246.533,735.308,255.229,588.846
561.065,1001.515,506.769,807.999,246.503,735.428,255.371,588.769
561.273,1001.349,506.681,808.047,246.520,735.090,255.355,588.896
560.975,1001.223,506.495,807.867,246.466,735.540,255.094,588.877
561.175,1001.526,506.758,807.834,246.505,735.213,254.995,588.934
561.083,1001.039,507.008,807.455,246.490,735.167,255.056,588.894
561.295,1001.410,506.792,807.833,246.582,735.238,255.131,588.763
560.986,1001.265,506.804,807.608,246.595,735.157,255.197,588.763
561.397,1001.615,506.843,807.753,246.573,735.065,255.226,588.825
560.954,1001.166,506.892,807.699,246.516,735.070,255.053,588.784
560.873,1001.249,506.841,807.984,246.472,734.976,255.131,588.699
560.742,1001.260,506.854,807.890,246.431,735.110,255.136,588.719
561.092,1001.769,506.953,807.590,246.409,735.446,255.202,588.638
561.037,1001.514,507.017,807.811,246.434,735.389,255.342,588.700
561.346,1001.619,506.814,807.897,246.728,735.040,255.064,588.754
561.483,1001.792,506.922,807.669,246.442,735.661,255.108,588.751
561.569,1001.734,506.776,807.825,246.371,735.618,254.863,588.724
561.215,1001.186,506.736,807.898,246.237,735.234,254.700,588.678
561.276,1001.426,506.726,807.618,246.383,735.122,254.992,588.832
561.231,1001.215,506.901,807.270,246.573,735.270,254.810,588.625
561.382,1001.439,506.883,807.606,246.395,735.176,255.120,588.739
561.328,1001.382,507.002,807.332,246.425,735.770,254.915,588.862
561.427,1001.400,507.139,807.420,246.443,735.497,254.845,588.819
561.418,1000.954,507.185,807.527,246.459,735.177,255.130,588.966
561.364,1001.627,507.206,807.606,246.470,735.178,255.367,588.910
561.461,1001.591,506.896,807.837,246.456,735.547,255.396,588.938
561.445,1001.692,507.066,807.793,246.449,735.454,255.394,588.843
560.996,1001.427,506.949,807.549,246.367,735.549,255.128,588.914
561.247,1001.355,506.996,807.511,246.559,735.375,255.052,588.811
561.045,1001.199,506.995,807.542,246.531,735.341,255.125,588.939
561.092,1001.478,507.067,807.685,246.454,735.322,255.405,589.039
560.918,1001.598,507.170,807.515,246.390,735.417,255.318,588.940
561.144,1001.517,507.050,807.427,246.465,735.048,255.086,588.847
561.192,1001.425,507.112,807.329,246.430,735.376,255.187,588.873
561.305,1001.509,506.995,807.790,246.315,735.315,255.096,588.751
561.240,1001.462,506.987,807.656,246.424,735.431,255.106,588.701
561.388,1001.558,506.868,807.588,246.165,735.328,255.160,588.926
561.355,1001.329,506.861,807.432,246.173,735.444,255.197,588.799
561.518,1001.598,507.149,807.348,246.426,735.004,255.035,588.770
561.254,1001.383,506.957,807.338,246.263,735.545,255.143,588.799
561.052,1001.415,507.066,807.683,246.299,735.742,254.934,588.733
561.080,1001.536,507.052,807.448,246.246,735.525,255.165,588.839
561.398,1001.917,507.186,807.795,246.131,735.886,255.159,589.042
561.295,1001.810,507.043,807.534,246.176,736.451,255.088,588.948
561.415,1001.657,507.254,807.360,246.176,736.023,255.157,588.917
561.304,1001.464,507.079,807.401,246.320,735.311,254.979,588.879
561.339,1001.597,507.125,807.548,246.267,735.386,255.054,588.892
561.304,1001.768,507.144,807.394,246.312,735.470,254.948,588.875
561.404,1001.643,507.035,807.443,246.338,735.346,254.963,588.973
561.230,1001.694,507.170,807.982,246.144,735.532,254.875,588.809
561.203,1001.649,507.114,807.902,246.136,735.432,254.857,588.850
561.301,1001.518,507.094,807.521,246.297,735.752,255.353,589.005
561.310,1001.477,507.127,807.555,246.154,735.490,255.205,589.010
561.402,1001.802,507.115,807.549,246.328,735.452,255.270,588.845
561.339,1001.747,507.075,807.536,246.325,735.525,255.152,588.741
561.345,1001.668,507.003,807.728,246.127,736.050,255.253,588.746
561.666,1001.941,507.115,807.391,246.388,735.495,255.232,588.827
561.372,1001.568,507.003,807.433,246.386,735.640,255.129,588.792
561.104,1001.419,507.102,807.535,246.278,735.867,255.168,588.588
561.002,1001.426,507.048,807.256,246.275,735.377,255.098,588.661
561.112,1001.495,507.218,807.319,246.554,735.382,255.222,588.852
561.327,1001.500,507.141,807.580,246.543,735.529,255.344,588.748
561.281,1001.277,507.116,807.814,246.668,735.095,255.349,588.798
561.073,1001.417,507.126,807.971,246.651,735.150,255.280,588.687
561.397,1001.511,506.993,807.454,246.403,735.105,255.366,588.936
561.178,1001.383,506.959,807.994,246.420,735.342,255.472,588.927
561.095,1001.231,507.128,807.455,246.431,734.939,255.178,588.886
561.356,1000.965,506.778,807.894,246.448,734.716,255.355,588.864
561.308,1001.614,507.379,807.196,246.659,734.855,255.267,588.815
561.552,1001.855,507.202,807.369,246.523,734.859,255.167,588.842
561.730,1001.897,507.162,807.545,246.326,735.177,255.100,588.806
561.559,1001.826,507.070,807.245,246.414,735.006,255.236,588.958
561.574,1001.741,507.020,807.330,246.361,735.164,255.203,588.815
561.297,1001.477,507.108,807.419,246.367,735.156,255.167,589.034
561.415,1001.509,507.251,807.442,246.436,735.389,255.156,588.883
561.492,1001.802,507.037,807.834,246.359,735.651,255.093,588.892
561.231,1001.446,507.074,807.858,246.339,735.625,255.174,588.921
561.614,1001.707,507.173,807.878,246.332,735.440,255.121,588.840
561.428,1001.433,506.817,808.168,246.263,735.443,255.093,588.809
561.494,1001.681,506.990,807.768,246.355,735.342,255.140,588.970
561.512,1001.648,507.042,807.762,246.347,735.294,255.218,588.952
561.432,1001.672,507.087,807.324,246.516,735.189,255.166,588.924
561.354,1001.456,507.251,807.258,246.188,736.430,255.353,588.951
561.440,1001.600,507.223,807.390,246.395,735.741,255.226,588.811
561.283,1001.514,507.126,807.489,246.067,736.012,255.058,588.898
561.361,1001.506,507.213,807.314,246.113,735.977,255.366,588.929
561.247,1001.550,507.206,807.290,246.231,735.929,255.018,588.977
561.184,1001.537,507.124,807.323,246.254,735.900,255.072,589.046
561.240,1001.502,506.981,807.381,246.416,735.637,254.994,588.897
561.132,1001.419,506.890,807.566,246.305,735.716,255.019,588.882
561.093,1001.339,507.268,807.241,246.525,735.620,254.899,588.848
561.132,1001.537,507.168,807.141,246.556,735.551,254.958,588.990
561.220,1001.508,507.243,807.100,246.446,735.536,255.127,588.844
561.335,1001.505,507.154,807.298,246.229,734.133,255.103,588.929
561.362,1001.549,507.207,806.997,246.464,735.540,255.465,588.899
561.351,1001.587,507.226,807.020,246.403,735.279,255.238,588.802
561.421,1001.930,507.127,807.436,246.444,735.569,255.300,588.727
561.293,1001.871,507.205,807.598,246.481,735.431,255.248,588.844
561.489,1001.843,507.113,807.528,246.556,735.261,254.989,588.774
561.149,1001.686,507.213,807.561,246.411,735.700,254.918,588.745
561.145,1001.593,507.225,807.485,246.410,735.472,254.799,588.641
561.585,1001.696,507.166,807.527,246.387,735.367,255.229,588.816
561.363,1001.677,507.276,807.446,246.447,735.271,254.848,588.808
561.319,1001.615,507.243,807.328,246.552,734.951,254.853,588.789
561.256,1001.538,507.156,807.450,246.609,735.162,254.887,588.824
561.038,1001.445,507.290,807.212,246.371,734.854,255.309,588.880
561.124,1001.440,507.244,807.086,246.454,735.353,255.136,588.756
561.106,1001.344,507.340,806.780,246.329,735.199,255.294,588.845
561.385,1001.377,507.195,807.264,246.523,735.292,255.240,588.805
561.354,1001.318,507.227,806.855,246.465,735.249,255.216,588.846
561.244,1001.360,507.220,807.111,246.202,736.106,255.256,588.885
561.314,1001.318,507.163,807.223,246.222,735.550,255.204,588.802
561.431,1001.604,507.359,807.112,246.654,735.079,255.297,588.919
561.457,1001.638,507.316,807.169,246.685,735.109,255.171,588.899
561.283,1001.436,507.205,807.117,246.663,735.385,255.357,588.908
561.115,1001.117,507.247,807.635,246.528,734.944,255.291,588.895
560.784,1001.226,507.218,807.277,246.763,734.574,255.163,588.725
560.921,1001.221,507.159,807.109,246.516,734.986,255.185,588.677
560.754,1001.235,507.229,806.942,246.535,735.460,255.312,588.830
561.010,1001.256,507.328,807.114,246.639,734.964,255.236,588.775
561.020,1001.419,507.184,807.314,246.492,735.616,255.219,588.792
561.516,1001.600,507.271,807.366,246.496,734.790,255.288,588.800
561.276,1001.516,507.267,807.357,246.539,734.771,255.348,588.876
561.378,1001.564,507.136,807.440,246.358,735.741,255.251,588.958
561.358,1001.592,507.122,807.407,246.461,735.778,255.331,588.866
561.572,1001.606,507.271,807.304,246.548,735.251,255.248,588.908
561.265,1001.322,507.199,807.265,246.451,735.460,255.225,588.823
561.343,1001.640,507.241,807.071,246.387,735.242,255.170,588.876
561.544,1001.605,507.179,807.225,246.438,735.321,255.005,588.806
561.268,1001.462,507.210,807.106,246.178,735.136,255.159,588.779
561.584,1001.609,507.285,807.149,246.245,735.092,255.163,588.759
561.434,1001.580,507.397,806.890,246.475,735.676,255.383,589.009
561.444,1001.652,507.471,806.847,246.034,735.353,255.153,588.778
561.376,1001.479,507.434,806.905,246.286,735.449,255.276,589.078
561.245,1001.464,507.286,807.310,246.303,735.418,255.192,588.867
561.140,1001.423,507.119,807.459,246.333,735.415,255.261,588.901
560.956,1001.375,507.139,807.421,246.260,735.891,255.035,588.738
561.087,1001.332,507.214,807.103,246.302,735.256,255.073,588.782
561.283,1001.372,507.061,807.085,246.407,735.592,255.153,588.790
561.404,1001.711,507.151,807.031,246.316,735.312,255.219,588.891
561.448,1001.725,507.302,806.951,246.191,735.229,255.167,588.914
561.393,1001.700,507.271,806.788,246.201,735.455,255.282,588.816
561.412,1001.648,507.298,807.118,246.379,735.007,254.983,588.848
561.131,1001.548,507.164,807.320,246.322,735.008,255.200,588.837
561.151,1001.452,507.272,807.274,246.472,735.427,254.867,588.796
561.070,1001.395,507.350,806.915,246.443,735.630,255.069,588.856
561.237,1001.587,507.367,807.143,246.539,735.251,254.977,588.802
561.466,1001.599,507.271,807.329,246.463,735.239,254.758,588.566
561.310,1001.620,507.382,806.960,246.323,735.425,255.083,588.501
561.159,1001.468,507.178,807.307,246.441,735.469,254.931,588.705
561.263,1001.489,507.212,807.095,246.391,735.623,254.890,588.790
561.217,1001.487,507.322,806.917,246.667,734.936,255.036,588.926
561.184,1001.498,507.361,807.239,246.642,735.070,254.997,588.790
561.184,1001.806,507.102,806.933,246.456,735.150,255.024,588.836
561.482,1000.931,507.326,807.001,246.348,735.414,255.198,588.986
561.518,1001.837,507.390,807.088,246.465,735.056,255.022,588.918
561.600,1001.848,507.264,807.097,246.195,734.171,254.965,588.890
561.433,1001.591,507.272,806.805,246.127,734.185,255.035,589.010
561.416,1001.710,507.173,807.222,246.470,735.499,255.051,588.848
561.344,1001.644,507.098,807.068,246.468,735.583,255.023,588.743
561.372,1001.481,507.206,807.021,246.274,735.581,254.877,588.739
561.333,1001.562,507.256,806.873,246.401,735.597,254.881,588.735
561.603,1001.795,507.441,806.916,246.386,735.163,254.836,588.759
561.360,1001.717,507.428,806.840,246.395,735.363,255.016,588.741
561.192,1001.522,507.345,806.958,246.460,735.088,255.162,588.874
561.170,1001.469,507.216,807.115,246.778,734.691,255.160,588.828
561.539,1001.547,507.149,806.970,246.784,735.009,255.185,588.795
561.541,1001.654,507.172,806.938,246.635,735.484,255.235,588.774
561.339,1001.479,507.208,807.029,246.445,735.787,255.092,588.910
561.321,1001.204,507.266,806.800,246.494,735.817,255.038,588.691
561.280,1001.181,507.300,806.902,246.504,735.424,255.083,588.701
561.212,1001.293,507.410,806.780,246.531,735.036,255.285,588.836
561.229,1001.402,507.329,806.812,246.285,735.014,255.361,588.919
561.115,1001.381,507.296,806.735,246.477,734.729,255.225,588.746
561.249,1001.301,507.401,806.785,246.351,734.774,255.344,588.770
561.171,1001.092,507.323,806.718,246.348,734.899,255.225,588.957
561.387,1001.410,507.246,806.971,246.329,734.867,255.242,588.877
561.188,1000.718,507.205,807.233,246.366,735.082,255.313,588.840
561.215,1001.470,507.227,806.962,246.549,734.779,255.249,588.897
561.338,1001.555,507.195,807.421,246.313,735.318,255.255,588.928
561.365,1001.624,507.300,806.966,246.437,735.140,255.218,588.877
561.288,1001.577,507.428,806.705,246.318,734.696,254.923,588.613
561.159,1001.492,507.344,806.807,246.441,734.531,255.180,588.848
561.467,1001.387,507.307,806.768,246.394,734.877,254.847,588.811
561.349,1001.360,507.537,806.516,246.610,734.721,255.075,588.580
561.416,1001.576,507.403,806.933,246.415,735.272,255.129,588.764
561.321,1001.632,507.306,806.746,246.359,735.447,255.141,588.744
561.573,1001.842,507.221,807.194,246.226,735.552,255.194,588.845
561.445,1001.708,507.426,807.024,246.392,735.234,255.290,588.864
561.641,1001.535,507.287,807.267,246.381,735.312,255.209,588.910
561.276,1001.555,507.280,807.125,246.461,735.668,255.161,588.927
561.329,1001.441,507.158,807.163,246.441,735.377,255.330,588.925
561.201,1001.388,507.090,807.362,246.330,735.875,255.098,588.833
561.186,1001.421,507.265,807.123,246.412,735.723,255.246,588.903
561.258,1001.797,507.266,807.043,246.413,735.615,255.154,588.815
561.412,1001.727,507.239,807.154,246.317,735.212,255.145,588.746
561.202,1001.413,507.437,807.148,246.457,735.309,255.035,588.893
561.346,1001.458,507.293,807.198,246.684,734.689,255.126,588.908
561.368,1001.442,507.363,807.081,246.721,734.712,255.038,588.911
561.284,1001.353,507.427,806.930,246.369,734.984,255.201,589.015
561.323,1001.547,507.467,806.943,246.562,734.827,255.118,588.962
561.179,1001.402,507.329,807.142,246.479,735.039,255.129,589.004
561.107,1001.402,507.264,807.032,246.513,735.144,255.028,588.896
561.199,1001.203,507.329,807.258,246.372,735.063,254.920,588.737
560.987,1001.142,507.317,807.077,246.612,735.099,255.007,588.824
561.344,1001.555,507.057,807.221,246.648,734.697,254.947,588.852
561.340,1001.421,507.204,807.213,246.457,735.113,254.925,588.902
561.135,1001.512,507.333,806.921,246.526,734.868,255.011,588.956
561.046,1001.558,507.315,807.052,246.626,734.601,255.178,588.854
561.151,1001.393,507.179,806.986,246.342,734.757,255.338,589.006
561.424,1001.547,507.253,806.915,246.352,734.913,255.333,588.971
561.548,1001.716,507.383,806.806,246.485,735.101,255.364,588.829
561.437,1001.562,507.411,806.963,246.465,735.054,255.383,588.856
561.427,1001.656,507.346,806.879,246.503,734.865,255.128,588.918
561.325,1001.647,507.324,807.028,246.484,734.993,255.249,588.734
561.450,1001.889,507.303,806.889,246.557,735.094,255.188,588.755
561.558,1001.760,507.516,806.716,246.440,735.017,255.266,588.905
561.511,1001.754,507.452,806.833,246.477,734.847,255.255,588.908
561.663,1001.991,507.413,806.912,246.427,735.730,255.394,589.056
561.610,1001.842,507.385,806.945,246.730,735.085,255.171,588.951
561.512,1001.679,507.396,806.977,246.491,735.642,255.277,589.006
561.533,1001.769,507.480,806.763,246.546,735.273,255.200,589.085
561.588,1001.974,507.485,806.905,246.518,735.455,255.144,589.006
561.517,1001.841,507.364,806.845,246.837,734.913,255.134,588.727
561.720,1001.868,507.233,807.376,246.253,735.252,255.269,588.887
561.349,1001.507,507.212,807.185,246.401,735.404,255.367,589.089
561.542,1001.730,507.231,807.419,246.408,735.600,255.232,589.015
561.639,1002.092,507.285,807.203,246.078,735.469,255.180,588.880
561.594,1001.934,507.218,807.222,246.387,735.262,255.251,588.941
561.398,1001.166,507.483,806.906,246.442,735.393,255.475,589.050
561.473,1001.798,507.335,807.069,246.279,735.255,255.344,588.934
561.378,1001.902,507.318,807.082,246.403,735.382,255.248,588.905
561.447,1001.845,507.342,807.049,246.495,735.132,255.232,588.880
561.251,1001.677,507.399,806.815,246.433,735.464,255.312,588.964
561.141,1001.914,507.326,807.029,246.410,735.242,255.374,589.099
561.165,1001.733,507.632,806.675,246.364,735.453,255.237,589.020
561.093,1001.938,507.533,807.072,246.427,735.523,255.157,588.995
560.799,1001.358,507.354,806.934,246.357,735.033,255.032,588.684
561.119,1001.448,507.463,806.987,246.350,735.564,254.993,588.886
560.927,1001.372,507.532,806.887,246.403,735.340,255.003,588.942
561.134,1001.596,507.323,807.152,246.484,735.580,255.146,588.976
561.218,1001.693,507.401,807.007,246.529,735.411,254.999,588.825
561.619,1001.774,507.324,806.700,246.342,735.881,255.057,588.911
561.537,1001.782,507.257,806.793,246.442,735.396,254.929,588.842
561.698,1001.837,507.303,807.194,246.472,735.592,255.081,588.806
561.491,1001.609,507.305,806.970,246.414,735.715,255.083,588.927
561.459,1001.865,507.237,807.314,246.411,735.016,255.304,588.857
561.407,1001.720,507.272,807.366,246.601,735.024,255.371,588.976
561.563,1001.865,507.306,806.794,246.029,734.330,255.141,588.806
561.530,1001.729,507.222,806.931,246.334,735.272,255.180,588.893
561.467,1001.775,507.401,806.871,246.174,733.877,255.248,588.883
561.282,1001.780,507.226,807.140,246.436,735.084,255.182,588.948
561.308,1001.753,507.242,806.997,246.283,735.103,255.051,588.911
561.396,1001.954,507.294,807.378,246.652,735.331,255.073,588.890
561.418,1001.689,507.298,806.892,246.513,734.769,255.442,588.813
561.660,1001.954,507.338,806.784,246.391,735.714,255.061,588.812
561.442,1001.700,507.378,807.007,246.491,735.374,255.215,588.723
561.818,1001.764,507.269,807.183,246.349,735.117,255.428,589.029
561.676,1001.926,507.267,807.229,246.416,735.264,255.440,588.983
561.521,1001.886,507.326,807.061,246.275,734.815,255.256,588.884
561.443,1001.750,507.336,806.884,246.328,735.337,255.337,588.976
561.438,1001.758,507.159,807.185,246.381,735.906,255.252,588.904
561.389,1001.820,507.182,807.291,246.466,735.424,255.248,588.911
561.485,1001.948,507.162,807.207,246.418,735.519,254.907,588.942
561.386,1001.698,507.265,807.211,246.377,735.544,254.891,588.893
561.560,1001.781,507.371,806.942,246.477,735.119,254.808,588.812
561.600,1001.851,507.238,806.951,246.487,735.556,255.233,588.940
561.610,1001.680,507.288,807.097,246.426,735.651,255.109,588.921
561.567,1001.658,507.361,806.769,246.402,735.899,255.216,588.817
561.395,1001.540,507.361,806.966,246.352,735.943,255.347,588.897
561.561,1001.709,507.364,806.989,246.392,735.294,255.142,588.783
561.643,1001.771,507.363,806.998,246.390,735.659,255.028,588.758
561.597,1001.710,507.358,807.003,246.307,735.678,255.276,588.849
561.470,1001.632,507.449,807.055,246.335,735.677,255.286,588.870
561.193,1001.547,507.411,806.866,246.344,735.342,255.073,588.881
561.517,1001.818,507.267,807.268,246.223,735.069,255.198,588.982
560.893,1001.486,507.408,807.256,246.234,735.615,254.702,588.621
561.367,1001.581,507.386,807.254,246.181,735.183,255.234,588.863
560.898,1001.363,507.250,807.318,246.284,735.235,255.098,588.813
561.304,1001.937,507.331,807.324,246.470,735.564,255.120,588.878
561.445,1001.639,507.384,807.312,246.456,735.223,255.222,588.945
561.107,1001.576,507.414,807.210,246.437,735.001,255.210,588.835
561.415,1001.477,507.348,807.311,246.301,735.261,255.097,588.728
561.261,1001.897,507.417,807.113,246.447,734.821,255.118,588.827
561.239,1001.678,507.430,807.295,246.428,734.719,255.155,588.940
561.596,1001.913,507.239,807.512,246.455,735.088,254.901,588.800
561.311,1001.841,507.327,807.106,246.342,735.190,254.995,588.921
561.516,1001.882,507.370,806.995,246.453,735.387,255.126,588.900
561.396,1001.737,507.464,806.989,246.427,734.966,255.080,588.932
561.241,1001.784,507.587,806.817,246.331,735.353,255.198,588.990
561.365,1001.776,507.345,807.208,246.439,734.988,255.141,588.889
561.364,1001.706,507.367,807.128,246.479,735.253,255.184,588.923
561.636,1002.210,507.690,806.563,246.348,735.427,255.051,588.808
561.592,1001.836,507.728,806.542,246.279,735.540,255.134,588.911
561.596,1001.836,507.471,806.650,246.469,735.406,255.162,588.871
561.308,1001.615,507.444,806.630,246.539,735.704,254.969,588.851
561.403,1001.904,507.547,806.776,246.445,735.305,255.125,589.045
561.496,1001.914,507.458,806.803,246.452,735.201,255.113,588.985
561.275,1001.850,507.474,806.975,246.243,735.148,255.312,588.844
561.384,1001.702,507.424,806.760,246.308,735.233,255.023,588.803
561.056,1001.446,507.424,806.477,246.478,735.290,255.479,588.921
561.373,1001.782,507.368,806.846,246.554,735.607,255.289,588.836
561.470,1001.707,507.457,806.690,246.308,735.127,255.374,588.837
561.483,1001.681,507.414,806.847,246.342,735.403,255.262,588.944
561.526,1001.053,507.496,806.840,246.417,735.148,255.340,589.028
561.419,1001.475,507.441,806.777,246.490,734.972,255.223,589.002
561.287,1001.491,507.481,806.774,246.410,734.978,255.256,589.060
560.976,1001.243,507.325,807.020,246.382,735.674,255.197,588.912
561.421,1001.712,507.341,806.877,246.434,735.431,255.279,588.974
561.189,1001.606,507.534,806.683,246.354,735.693,255.264,588.833
561.425,1001.725,507.361,806.640,246.342,735.466,255.202,588.906
561.468,1001.757,507.373,807.004,246.390,734.992,255.276,588.986
561.404,1001.768,507.274,806.944,246.332,735.062,255.243,588.937
561.524,1001.681,507.186,806.926,246.315,735.260,255.188,588.878
561.117,1001.468,507.162,806.839,246.328,735.349,255.155,588.996
561.376,1001.435,507.244,806.981,246.507,735.707,254.893,588.911
561.249,1001.615,507.259,807.387,246.438,735.519,255.125,588.935
561.435,1001.721,507.375,807.142,246.476,735.018,255.160,588.962
560.990,1001.404,507.199,807.253,246.411,735.897,254.852,588.948
560.750,1001.363,507.366,807.167,246.453,735.981,254.787,588.799
561.467,1001.731,507.444,806.715,246.280,735.483,254.916,588.990
561.263,1001.546,507.403,806.723,246.268,735.724,254.886,588.939
561.326,1001.514,507.432,806.866,246.431,735.370,255.187,588.824
561.220,1001.551,507.386,806.603,246.256,735.577,255.224,588.850
561.037,1001.351,507.510,806.740,246.366,735.347,254.995,588.988
561.054,1001.348,507.512,806.680,246.344,735.458,254.921,588.999
561.129,1001.509,507.274,807.252,246.324,735.157,255.128,588.725
561.041,1001.442,507.409,806.918,246.384,735.104,255.043,588.791
561.287,1001.675,507.428,807.038,246.397,735.466,254.849,588.824
561.350,1001.504,507.542,806.523,246.358,735.025,255.157,588.684
561.208,1001.573,507.378,806.572,246.514,735.392,254.990,588.627
561.375,1001.668,507.566,806.728,246.465,734.912,255.213,588.804
561.259,1001.518,507.471,806.724,246.404,735.264,255.104,588.665
561.350,1001.642,507.455,807.075,246.515,735.608,254.847,588.751
561.386,1001.716,507.376,807.213,246.454,735.692,254.922,588.836
561.161,1001.419,507.376,806.967,246.294,735.125,255.346,589.107
561.461,1001.818,507.440,806.953,246.604,735.011,255.333,589.132
561.326,1001.488,507.340,807.085,246.820,734.676,255.046,588.872
561.568,1001.746,507.326,806.803,246.681,734.807,255.134,589.013
561.097,1001.347,507.432,806.586,246.374,735.533,255.043,588.923
561.507,1001.549,507.491,806.478,246.431,734.889,255.188,588.860
561.297,1001.434,507.396,807.037,246.305,735.004,255.200,588.938
561.305,1001.480,507.248,807.227,246.396,735.126,255.285,588.937
561.369,1001.614,507.394,807.004,246.486,735.227,255.232,589.027
561.171,1000.542,507.277,806.869,246.358,735.375,255.238,588.942
561.316,1000.698,507.278,806.871,246.495,735.023,255.232,588.951
561.354,1001.584,507.585,806.833,246.247,735.928,255.132,588.826
561.411,1001.457,507.572,806.814,246.233,735.759,255.078,588.826
561.095,1001.335,507.501,806.837,246.317,735.747,255.243,589.026
561.203,1001.563,507.307,806.924,246.393,735.523,255.292,589.016
561.387,1001.698,507.408,806.915,246.411,735.454,255.192,588.950
561.481,1001.642,507.388,807.083,246.388,734.997,254.985,588.957
561.501,1001.656,507.520,806.688,246.486,735.675,255.155,589.111
561.572,1001.948,507.335,806.975,246.548,734.993,255.016,589.053
561.395,1001.602,507.429,807.165,246.585,735.287,254.906,588.911
561.125,1001.683,507.568,806.906,246.446,735.450,255.020,589.065
561.271,1001.672,507.551,806.954,246.387,735.282,255.049,589.063
561.482,1001.548,507.567,806.211,246.346,735.224,255.285,589.001
561.274,1001.427,507.438,806.577,246.417,735.114,254.951,588.904
561.322,1001.611,507.322,806.932,246.589,735.190,254.866,588.851
561.518,1001.737,507.389,806.863,246.478,734.916,254.882,588.829
561.393,1001.897,507.775,806.522,246.403,735.316,254.923,588.858
561.371,1000.951,507.934,806.563,246.550,735.015,255.108,588.911
561.131,1001.467,507.903,806.543,246.646,734.838,254.988,588.879
561.299,1001.726,507.756,806.677,246.402,735.451,254.988,588.847
561.241,1001.540,507.870,806.366,246.458,735.387,254.840,588.810
561.102,1001.462,507.832,806.538,246.414,735.461,255.031,588.838
560.992,1001.553,507.856,806.117,246.275,735.252,255.092,588.961
561.254,1001.602,507.652,806.666,246.432,735.493,255.002,588.883
561.501,1001.905,507.647,806.684,246.063,734.101,255.085,588.674
561.131,1001.564,507.550,806.766,246.320,735.325,255.041,588.834
561.006,1001.456,507.609,806.713,246.391,735.263,255.009,588.802
561.270,1001.333,507.669,806.727,246.350,735.164,254.871,588.866
561.452,1001.725,507.743,806.550,246.356,735.329,254.980,588.828
561.353,1001.720,507.574,806.697,246.398,735.510,254.931,588.742
561.184,1001.558,507.633,806.660,246.314,735.498,255.012,588.828
561.254,1001.723,507.569,806.858,246.374,735.140,255.055,589.095
561.239,1001.602,507.411,806.873,246.569,735.260,254.918,588.972
560.874,1001.593,507.669,806.447,246.379,735.579,254.950,588.849
561.296,1001.683,507.689,806.600,246.371,735.579,255.076,588.910
561.593,1001.784,507.667,806.361,246.457,735.446,255.060,588.923
561.492,1001.902,507.575,806.850,246.433,735.262,255.181,589.070
561.374,1001.737,507.648,806.629,246.384,735.446,255.081,588.984
561.405,1001.890,507.578,806.612,246.420,735.754,255.366,588.969
561.533,1001.977,507.658,806.783,246.377,735.578,255.227,589.036
561.356,1001.718,507.561,806.627,246.398,735.542,255.297,588.961
561.381,1001.796,507.653,806.753,246.406,735.492,255.382,589.081
561.507,1002.035,507.525,806.925,246.472,735.103,255.256,588.949
561.538,1001.962,507.507,806.807,246.433,735.654,255.179,588.946
561.550,1001.815,507.687,806.369,246.399,735.661,254.898,588.952
561.338,1001.796,507.575,806.531,246.356,735.398,255.020,588.780
561.304,1001.781,507.370,807.076,246.343,735.777,255.298,588.881
561.543,1001.928,507.647,806.725,246.502,735.048,255.337,588.827
561.597,1001.975,507.592,806.937,246.231,735.579,254.940,588.831
561.535,1001.910,507.487,807.095,246.487,735.472,255.158,588.876
561.458,1001.812,507.592,806.963,246.155,735.221,255.174,588.873
561.165,1001.487,507.482,806.603,246.127,735.590,255.345,589.132
561.199,1001.448,507.534,806.698,246.168,735.667,255.044,588.874
561.269,1001.730,507.714,806.577,246.285,735.767,255.229,588.918
561.454,1001.953,507.680,806.535,246.320,735.441,255.247,588.941
561.494,1001.678,507.578,806.841,246.468,735.179,254.995,588.869
561.282,1001.553,507.635,806.804,246.484,735.105,255.249,589.040
561.210,1001.720,507.555,806.906,246.266,735.533,255.208,589.059
561.271,1001.602,507.659,806.827,246.239,735.436,255.176,589.126
561.420,1001.625,507.538,806.898,246.285,735.517,255.209,589.138
561.346,1001.364,507.666,806.623,246.402,735.743,254.868,588.985
561.414,1001.623,507.724,806.529,246.260,735.803,255.416,589.053
561.730,1001.974,507.640,806.785,246.079,733.879,255.142,588.871
561.573,1001.853,507.657,806.789,246.011,734.428,255.184,588.955
561.289,1001.768,507.666,806.676,245.955,734.168,254.940,588.902
561.404,1001.868,507.745,806.459,245.934,734.213,255.211,588.939
561.345,1001.772,507.613,806.688,246.301,735.387,254.925,588.784
561.478,1001.586,507.619,806.693,246.349,735.484,255.069,589.003
561.406,1001.753,507.795,806.737,246.412,735.571,255.271,589.032
561.432,1001.573,507.789,806.632,246.432,735.543,254.983,589.018
561.647,1001.926,507.800,806.686,246.343,735.621,254.840,588.833
561.510,1001.816,507.687,806.678,246.294,736.028,254.949,588.910
561.268,1001.706,507.609,806.571,246.260,735.653,254.808,588.761
561.293,1001.835,507.673,806.790,245.906,734.429,254.928,588.812
561.244,1001.892,507.688,806.681,246.391,735.473,254.806,588.850
561.059,1001.729,507.713,806.815,246.461,735.455,254.901,588.888
561.130,1001.804,507.795,806.653,246.520,735.445,254.913,588.886
561.478,1001.792,507.629,806.653,246.328,735.202,255.033,589.050
561.267,1001.569,507.799,806.567,246.230,735.087,255.059,589.023
561.301,1001.618,507.702,806.365,246.643,735.208,254.926,588.925
561.306,1001.727,507.659,806.446,246.682,735.438,255.118,588.931
561.432,1001.733,507.648,806.728,246.506,734.987,255.037,588.986
561.216,1001.593,507.784,806.473,246.541,735.234,255.258,589.064
561.311,1001.785,507.592,806.708,246.512,734.842,254.919,588.954
561.406,1001.868,507.574,806.728,246.477,734.889,255.004,588.856
561.060,1001.464,507.418,806.987,246.519,735.018,255.094,589.031
560.987,1001.386,507.637,806.695,246.426,735.092,255.183,588.984
561.157,1001.656,507.797,806.628,246.506,735.047,254.968,589.011
561.614,1001.972,507.675,806.474,246.361,735.470,255.078,588.968
561.404,1001.749,507.612,806.503,246.216,735.459,255.028,588.796
561.391,1001.640,507.642,806.595,246.142,735.434,254.934,588.858
561.394,1001.637,507.669,806.670,246.149,735.534,255.107,588.935
561.266,1001.632,507.706,806.376,246.115,735.997,254.990,588.927
561.315,1001.593,507.604,806.553,246.123,735.760,255.302,588.943
561.235,1001.689,507.613,806.492,246.107,735.550,255.241,589.020
561.407,1001.690,507.706,806.524,246.166,735.919,255.132,588.828
561.363,1001.685,507.678,806.495,246.418,735.511,255.067,588.869
561.522,1001.942,507.723,806.535,246.459,735.178,255.066,588.892
561.088,1001.734,507.681,806.704,246.123,735.733,255.184,589.004
561.254,1001.607,507.674,806.582,246.239,735.716,255.034,589.014
561.304,1001.737,507.722,806.313,246.180,735.686,255.291,589.057
561.399,1001.786,507.746,806.621,246.375,735.621,255.330,588.842
561.394,1001.846,507.661,806.557,246.484,735.268,255.407,588.885
561.442,1001.515,507.591,806.744,246.149,735.342,255.303,588.894
561.421,1001.560,507.617,806.678,246.202,735.403,255.352,588.812
561.234,1001.763,507.527,806.716,246.159,735.009,255.043,588.970
561.291,1001.630,507.660,806.622,246.170,735.008,255.063,588.905
561.726,1001.774,507.642,806.691,246.309,735.260,255.260,588.908
561.832,1002.105,507.542,806.737,246.384,735.113,255.270,588.796
561.163,1001.726,507.543,806.898,246.476,735.047,255.299,588.838
561.456,1001.725,507.527,807.093,246.439,735.175,255.244,588.807
561.086,1001.757,507.670,806.492,246.484,735.204,254.987,588.948
561.588,1001.899,507.616,806.398,246.194,733.645,255.056,588.857
561.300,1001.834,507.703,806.230,246.130,733.916,255.378,588.776
561.317,1001.674,507.753,806.497,246.232,735.250,255.168,588.813
561.561,1001.981,507.669,806.686,246.373,735.397,255.199,588.930
561.527,1001.874,507.487,807.066,246.171,735.105,255.066,589.003
561.486,1001.850,507.545,806.628,246.265,734.958,255.078,589.135
561.222,1001.603,507.627,806.667,246.290,735.180,255.202,589.094
561.171,1001.449,507.472,806.688,246.312,735.187,255.510,589.126
561.269,1001.638,507.660,806.901,246.421,735.028,255.548,589.061
561.113,1001.583,507.561,806.912,246.424,734.829,255.520,589.123
561.380,1001.841,507.765,806.843,246.379,735.487,255.623,588.812
561.429,1001.732,507.722,806.672,246.461,735.640,255.842,589.020
561.689,1001.852,507.814,806.536,246.371,735.524,256.181,588.984
561.597,1001.810,507.746,806.682,246.374,735.426,256.332,589.100
561.577,1001.688,507.557,806.906,246.025,734.557,256.078,589.195
561.235,1001.686,507.552,806.875,246.246,735.334,256.160,589.240
561.172,1001.741,507.513,806.996,246.230,735.795,255.898,589.272
561.502,1001.904,507.629,806.636,246.304,735.604,255.665,589.341
561.273,1001.655,507.506,807.064,246.573,735.387,255.716,589.224
561.257,1001.727,507.612,806.569,246.604,735.565,255.968,589.189
561.035,1001.641,507.602,806.357,246.648,735.455,255.810,589.290
560.764,1001.348,507.662,806.455,246.294,735.131,255.707,589.228
561.093,1001.488,507.653,806.431,246.417,734.911,255.808,589.147
561.240,1001.536,507.542,806.622,246.282,735.556,255.699,589.080
561.298,1001.522,507.544,806.657,246.456,735.494,255.796,588.789
561.265,1001.451,507.659,806.663,246.187,735.072,255.725,588.761
561.155,1001.480,507.524,806.998,246.255,735.126,255.661,588.811
561.352,1001.958,507.689,806.723,246.451,735.109,255.440,588.812
561.381,1001.711,507.637,806.657,246.412,735.196,255.646,588.917
561.315,1001.776,507.589,806.759,246.128,735.607,255.618,588.888
561.302,1001.617,507.761,806.534,246.434,735.393,255.457,588.795
561.427,1001.725,507.680,806.414,246.470,735.180,255.505,588.762
561.439,1001.779,507.665,806.569,246.394,734.897,255.364,588.621
561.685,1001.829,507.734,806.608,246.442,734.665,255.557,588.837
561.489,1001.812,507.770,806.596,246.533,735.259,255.190,588.680
561.341,1001.841,507.741,806.557,246.344,735.103,255.268,588.596
561.388,1001.966,507.818,806.593,246.424,735.123,255.528,588.663
561.309,1001.785,507.730,806.328,246.380,734.975,255.542,588.636
561.337,1001.619,507.538,806.669,246.422,735.300,255.576,588.789
561.459,1001.800,507.508,806.710,246.363,735.218,255.734,588.770
561.421,1001.876,507.504,806.725,246.312,735.482,255.765,588.777
561.413,1001.909,507.606,806.696,245.974,734.612,255.556,588.603
561.479,1002.042,507.601,806.683,245.944,734.618,255.376,588.638
561.779,1002.089,507.574,806.745,246.333,736.042,255.641,588.648
561.350,1001.812,507.511,806.837,246.351,735.649,255.560,588.667
561.557,1001.788,507.596,806.722,246.248,735.630,255.481,588.678
561.627,1001.825,507.603,806.923,246.199,735.759,255.421,588.632
561.622,1001.956,507.464,807.086,246.137,735.706,255.302,588.537
561.582,1001.845,507.583,806.878,246.178,735.648,255.535,588.631
561.636,1001.745,507.476,806.921,246.163,735.642,255.399,588.815
561.543,1001.861,507.470,806.936,246.126,735.604,255.536,588.720
561.503,1002.061,507.425,807.134,246.103,735.479,255.249,588.633
561.564,1001.944,507.466,806.979,246.313,735.382,255.292,588.565
561.510,1001.849,507.743,806.640,246.333,735.161,255.174,588.552
561.389,1001.982,507.913,806.294,246.142,735.732,255.496,588.746
561.429,1001.846,507.683,806.586,246.210,735.681,255.517,588.653
561.086,1001.714,507.648,806.914,246.179,735.893,255.404,588.533
561.332,1001.915,507.718,806.772,246.193,735.619,255.415,588.791
561.485,1002.057,507.492,806.996,246.213,735.489,255.466,588.687
561.505,1001.980,507.566,806.788,246.157,735.959,255.391,588.687
561.440,1001.962,507.532,806.773,246.263,735.777,255.308,588.683
561.286,1001.923,507.559,806.938,246.228,735.492,255.458,588.859
561.385,1001.886,507.733,806.743,246.220,735.377,255.731,588.915
561.538,1001.974,507.628,806.718,246.143,735.345,255.557,588.904
561.369,1001.908,507.650,806.751,246.107,735.235,255.005,588.507
561.442,1001.974,507.557,806.525,246.281,735.723,255.349,588.536
561.092,1001.825,507.691,806.387,246.317,736.115,255.109,588.643
561.501,1001.941,507.739,806.460,246.349,735.911,255.231,588.712
561.161,1001.796,507.628,806.509,246.348,735.913,255.136,588.598
561.468,1001.897,507.695,806.306,246.316,735.816,255.090,588.588
561.281,1001.832,507.801,806.331,246.333,736.015,255.176,588.594
561.428,1001.926,507.759,806.478,246.432,735.854,255.104,588.511
561.317,1001.659,507.705,806.522,246.644,735.912,255.081,588.504
561.210,1001.672,507.587,807.021,246.412,735.683,255.342,588.741
561.315,1001.739,507.735,806.539,246.423,735.692,255.369,588.677
561.403,1001.729,507.588,806.578,246.298,735.535,255.238,588.698
561.311,1001.739,507.688,806.818,246.325,735.563,255.208,588.750
561.314,1001.760,507.581,806.663,246.386,735.499,255.522,588.624
561.460,1001.743,507.596,806.694,246.247,735.292,255.277,588.555
561.541,1001.840,507.752,806.639,246.362,735.392,255.566,588.590
561.698,1002.094,507.827,806.230,246.386,735.874,255.180,588.459
561.422,1001.869,507.764,806.545,246.453,735.684,255.101,588.451
561.299,1001.684,507.765,806.484,246.364,735.595,255.294,588.561
561.424,1001.862,507.644,806.556,246.251,735.779,255.476,588.468
561.020,1001.403,507.745,806.440,246.398,735.349,255.323,588.730
561.049,1001.522,507.735,806.382,246.310,735.683,255.353,588.654
561.336,1001.739,507.676,806.559,246.169,735.690,255.340,588.557
561.402,1001.908,507.682,806.584,246.041,736.025,255.518,588.579
561.307,1001.603,507.663,806.430,246.313,735.281,255.482,588.650
561.598,1001.888,507.647,806.470,246.256,735.481,255.326,588.642
561.636,1001.913,507.672,806.473,246.610,735.012,255.239,588.557
561.572,1001.905,507.786,806.298,246.440,735.240,255.385,588.538
561.752,1002.146,507.732,806.463,246.076,735.646,255.280,588.471
561.193,1001.653,507.763,806.433,246.155,735.702,255.035,588.583
561.331,1001.756,507.610,806.846,246.241,735.496,255.063,588.558
561.288,1001.665,507.601,806.680,246.262,735.547,255.285,588.610
561.303,1001.689,507.749,806.593,246.202,735.410,255.163,588.594
561.568,1002.110,507.775,806.497,246.347,735.448,255.144,588.641
561.566,1001.956,507.678,806.547,246.439,735.530,255.195,588.638
561.250,1001.807,507.705,806.556,246.346,735.934,255.042,588.486
560.947,1001.584,507.794,806.478,246.352,735.709,255.111,588.463
561.445,1001.768,507.739,806.688,246.338,735.764,255.063,588.484
561.438,1001.847,507.676,806.618,246.354,735.319,255.027,588.619
561.381,1001.741,507.687,806.713,246.332,735.922,255.033,588.665
561.425,1001.933,507.644,806.689,246.331,735.772,255.052,588.519
561.374,1001.723,507.788,806.598,246.323,736.138,255.625,588.670
561.602,1001.928,507.872,806.248,246.388,735.874,255.452,588.540
561.516,1001.858,507.852,806.349,246.237,735.846,255.553,588.910
561.355,1001.712,507.648,806.841,246.305,736.074,255.248,588.466
561.324,1001.860,507.673,806.762,246.346,735.812,255.225,588.438
561.093,1000.997,507.723,806.672,246.304,735.682,255.230,588.616
561.648,1001.854,507.801,806.566,246.185,735.802,255.420,588.486
561.277,1001.889,507.833,806.568,246.220,735.292,255.294,588.578
561.625,1001.801,507.549,806.811,246.247,735.353,255.309,588.607
561.426,1001.742,507.921,806.681,246.361,735.444,255.196,588.445
561.364,1001.735,507.721,806.591,246.227,735.721,255.132,588.448
561.516,1001.862,507.746,806.720,246.288,735.155,255.025,588.420
561.489,1001.760,507.864,806.521,246.332,735.352,255.298,588.583
561.349,1001.771,507.596,806.844,246.181,735.185,255.152,588.648
561.317,1001.646,507.598,806.934,246.302,735.425,255.202,588.557
561.253,1001.755,507.655,806.780,246.246,735.278,255.115,588.494
561.438,1001.726,507.712,806.634,246.364,735.231,255.348,588.608
561.417,1001.861,507.692,806.556,246.148,735.172,255.200,588.621
561.709,1001.946,507.674,806.551,246.286,735.354,255.113,588.572
561.413,1001.793,507.670,806.499,246.363,735.004,255.018,588.546
561.335,1000.990,507.646,806.777,246.280,735.465,255.123,588.495
561.403,1001.924,507.556,806.745,246.401,735.144,255.232,588.551
561.591,1001.982,507.689,806.777,246.445,734.916,255.394,588.817
561.661,1002.117,507.653,806.932,246.442,735.299,255.265,588.776
561.590,1001.936,507.625,806.697,246.419,735.117,255.306,588.795
561.342,1001.810,507.739,806.545,246.628,734.897,255.373,588.765
561.400,1001.724,507.637,806.614,246.434,734.894,255.145,588.661
561.483,1001.770,507.681,806.486,246.457,735.178,255.099,588.479
561.594,1001.747,507.642,806.728,246.458,735.158,255.026,588.497
561.544,1001.857,507.701,806.641,246.434,735.179,255.152,588.534
561.411,1001.750,507.734,806.499,246.466,735.123,255.180,588.547
561.575,1002.061,507.528,807.135,246.445,735.153,255.185,588.512
561.562,1001.993,507.633,806.887,246.691,735.021,255.167,588.811
561.461,1001.846,507.585,806.581,246.507,735.228,255.197,588.680
561.550,1001.814,507.567,806.382,246.492,735.462,255.218,588.698
561.575,1001.764,507.675,806.517,246.195,735.711,255.333,588.841
561.599,1001.703,507.739,806.501,246.272,735.664,255.300,588.736
561.558,1001.889,507.661,806.472,246.197,736.217,255.302,588.673
561.620,1001.944,507.794,806.472,246.276,735.784,255.380,588.601
561.311,1001.854,507.600,806.863,246.226,735.280,255.467,588.485
561.277,1001.891,507.955,806.899,246.430,735.636,255.102,588.383
561.098,1001.773,507.974,806.764,246.317,735.052,255.259,588.431
561.463,1001.925,508.008,806.404,246.380,735.855,255.542,588.395
561.414,1001.986,507.936,806.340,246.191,735.040,255.540,588.430
561.474,1001.861,507.843,806.577,246.266,735.190,255.257,588.479
561.508,1001.991,507.755,806.633,246.182,735.523,255.361,588.526
561.470,1001.700,507.855,806.375,246.237,735.402,255.235,588.434
561.591,1001.929,507.784,806.595,246.268,735.385,255.165,588.493
561.592,1001.878,507.983,806.192,246.319,735.543,255.358,588.432
561.681,1002.035,507.666,806.639,246.411,735.355,255.497,588.577
561.716,1001.873,507.644,806.607,246.450,735.221,255.513,588.718
561.684,1001.769,507.793,806.826,246.398,735.516,255.644,588.724
561.569,1001.734,507.780,806.294,246.460,735.314,255.561,588.589
561.472,1001.747,507.806,806.593,246.430,735.210,256.039,588.672
561.503,1001.626,507.758,806.653,246.311,735.426,256.061,588.525
561.670,1001.916,507.607,806.676,246.446,735.425,255.959,588.564
561.593,1001.864,507.648,806.842,246.275,735.439,256.073,588.728
561.564,1001.975,507.566,806.741,246.190,735.824,255.942,588.591
561.503,1002.104,507.892,806.508,246.258,735.305,255.919,588.823
561.714,1002.213,507.889,806.605,246.162,735.505,256.207,588.681
561.683,1001.947,507.776,806.784,246.285,735.538,255.938,588.830
561.718,1002.070,507.765,806.711,246.284,735.164,255.924,589.288
561.540,1001.789,507.722,806.583,246.322,735.424,255.942,589.310
561.220,1001.509,507.577,806.819,246.455,734.837,256.085,589.471
561.262,1001.531,507.732,806.924,246.367,734.784,256.154,589.618
561.303,1001.636,507.688,806.891,245.959,734.075,256.371,589.874
561.380,1001.770,507.773,806.523,246.019,734.014,256.163,589.869
561.381,1001.688,507.759,806.880,246.071,733.664,256.113,589.873
561.331,1001.673,507.806,806.710,246.407,735.390,256.573,589.959
561.186,1001.785,507.913,806.362,246.436,734.861,256.289,589.815
561.308,1001.624,507.844,806.580,246.276,734.207,256.326,589.696
561.403,1001.537,507.793,806.727,246.156,734.138,256.432,589.704
561.590,1001.812,507.846,806.774,246.441,735.252,256.317,589.752
561.595,1001.705,507.856,806.670,246.470,735.368,256.340,589.708
561.487,1001.569,507.797,806.391,246.474,735.098,256.282,589.651
561.312,1001.587,507.789,806.493,246.483,735.333,256.304,589.630
561.304,1001.483,507.757,806.530,246.470,735.319,256.116,589.555
561.230,1001.541,507.673,806.516,246.355,735.339,256.171,589.756
561.353,1001.579,507.675,806.706,246.182,735.047,256.134,589.654
561.550,1001.838,508.022,806.446,246.335,735.089,256.230,589.543
561.155,1001.678,507.921,806.448,246.221,735.349,256.278,589.664
561.803,1001.963,507.729,806.772,246.362,735.209,256.569,589.757
561.451,1001.726,507.759,806.602,246.518,735.176,256.256,589.656
560.983,1001.454,507.475,806.314,246.349,735.163,256.245,589.747
560.987,1000.800,507.447,806.269,246.419,734.924,256.370,589.699
561.194,1001.688,507.858,805.750,246.287,735.325,256.273,589.721
561.298,1001.651,507.470,806.437,246.400,735.016,256.252,589.553
561.120,1001.741,507.753,806.648,246.327,735.735,255.874,589.265
561.147,1001.465,507.628,806.574,246.447,735.248,255.846,589.381
561.090,1001.594,507.511,806.667,246.416,735.447,255.864,589.582
561.157,1001.628,507.581,806.551,246.305,735.623,255.932,589.457
561.575,1001.981,507.561,806.635,246.350,735.582,256.017,589.370
561.543,1001.817,507.673,806.411,246.147,735.409,255.638,589.166
561.469,1001.796,507.843,806.125,246.457,735.515,255.794,589.425
561.329,1001.858,507.661,806.646,246.489,734.893,255.979,589.446
561.502,1001.917,507.815,806.468,246.314,734.967,255.979,589.172
561.379,1001.982,507.657,806.546,246.327,735.334,255.757,588.531
561.214,1001.707,507.660,806.551,246.367,735.070,255.575,588.267
561.376,1001.790,507.638,806.437,246.351,735.279,255.373,588.275
561.410,1001.734,507.646,806.423,246.266,735.554,255.180,588.535
561.591,1001.818,507.755,806.426,246.343,735.977,255.275,588.672
561.505,1001.759,507.715,806.475,246.462,735.498,255.258,588.506
561.396,1001.689,507.524,806.648,246.269,735.595,255.629,588.723
561.330,1002.053,507.680,806.362,246.316,735.503,255.007,588.600
561.725,1001.250,507.530,806.747,246.268,735.508,255.225,588.793
561.509,1001.788,507.576,806.949,246.522,735.192,255.647,589.636
561.454,1001.603,507.591,806.624,246.510,735.128,255.747,589.708
561.240,1001.591,507.701,806.589,246.260,735.283,255.737,589.707
561.207,1001.554,507.607,806.440,246.217,735.255,255.833,589.474
561.510,1001.727,507.436,806.247,246.190,735.188,256.296,589.483
561.444,1001.658,507.359,806.278,246.198,735.015,256.287,589.624
561.339,1001.655,507.671,806.437,246.298,735.000,256.236,589.622
561.498,1001.897,507.728,806.399,246.398,735.072,256.442,589.649
561.351,1002.001,507.462,806.744,246.435,735.411,256.352,589.711
561.296,1002.013,507.580,806.777,246.403,735.518,256.335,589.794
561.296,1001.867,507.435,807.090,246.136,734.676,256.263,589.790
561.358,1001.819,507.543,807.074,246.550,735.350,256.103,589.680
561.404,1001.947,507.240,807.562,246.412,735.559,256.280,589.754
561.377,1001.795,507.458,807.541,246.173,735.674,256.667,589.917
561.289,1001.840,507.303,807.474,246.165,735.521,256.717,589.946
561.415,1001.980,507.539,807.276,246.398,735.679,256.492,590.021
561.416,1001.884,507.392,806.983,246.280,735.548,256.425,589.955
561.449,1001.949,507.638,806.888,246.706,735.051,256.044,589.417
561.364,1001.784,507.534,807.100,246.720,735.310,256.172,589.271
561.478,1001.997,507.473,806.904,246.527,735.263,255.694,589.349
561.461,1002.075,507.672,806.856,246.532,735.219,255.372,589.362
561.207,1001.696,507.461,806.963,246.211,735.782,254.705,589.101
561.442,1001.836,507.417,807.047,246.239,735.875,254.901,589.158
561.437,1001.968,507.490,806.701,246.391,735.483,255.661,589.066
561.248,1001.787,507.709,806.930,246.397,735.426,254.917,588.775
561.564,1001.987,507.209,806.941,246.306,735.613,254.510,588.196
561.464,1002.056,507.556,806.996,246.084,735.895,254.168,588.447
561.325,1001.755,507.367,807.265,246.104,735.715,255.344,588.776
561.576,1002.007,507.369,807.207,246.320,735.811,255.220,589.073
561.151,1001.656,507.453,807.262,246.280,735.688,255.298,589.594
561.599,1001.988,507.328,807.354,246.161,735.944,255.480,590.066
561.550,1001.935,507.362,807.174,246.152,735.461,255.354,590.149
561.394,1002.008,507.390,807.184,246.678,735.225,255.874,590.462
561.553,1002.029,507.201,807.262,246.592,735.611,255.256,590.321
561.346,1001.709,507.111,807.004,246.408,735.734,254.438,589.548
561.607,1001.919,507.368,807.016,246.343,735.436,254.915,589.698
561.584,1001.926,507.161,807.310,246.335,735.386,254.186,589.408
561.301,1001.853,507.291,807.326,246.473,735.418,255.582,589.986
561.449,1002.080,507.141,807.511,246.485,735.170,256.220,590.221
561.604,1001.929,507.159,807.181,246.529,734.947,255.899,590.347
561.673,1002.133,507.170,807.157,246.468,734.954,256.113,590.456
561.286,1001.657,507.143,806.763,246.018,734.508,254.985,589.799
561.382,1001.894,507.116,807.218,245.935,734.411,255.917,590.337
561.355,1001.964,507.357,807.236,246.289,735.343,254.724,589.799
561.331,1002.108,507.506,807.034,246.347,735.341,254.863,589.866
561.662,1002.120,507.448,807.196,246.382,735.622,255.723,590.431
561.599,1002.139,507.403,807.293,246.260,735.520,255.844,590.357
561.678,1002.101,507.290,807.268,246.355,735.543,254.501,589.835
561.493,1002.037,507.328,806.775,246.356,735.026,254.746,589.817
561.675,1001.958,507.001,807.110,246.257,735.449,255.325,590.460
561.654,1001.868,507.141,807.064,246.293,735.844,255.595,590.455
561.807,1002.150,507.184,807.005,246.279,735.579,255.985,590.510
561.418,1001.914,507.218,807.057,246.459,735.495,256.054,590.768
561.572,1001.961,507.166,807.225,246.544,735.294,255.895,590.486
561.241,1001.728,507.270,807.268,246.429,735.929,256.099,590.370
561.450,1001.820,507.408,807.032,246.432,736.111,256.168,590.565
561.439,1002.022,507.203,807.110,246.404,735.720,256.136,590.547
561.238,1001.724,507.358,807.052,246.440,735.452,256.206,590.558
561.213,1001.826,507.543,807.037,246.472,735.037,255.467,590.567
561.317,1001.919,507.390,807.269,246.499,735.053,256.081,590.443
561.333,1001.999,507.360,807.195,246.265,735.643,255.246,590.148
561.569,1002.041,507.371,807.441,246.275,735.513,255.142,590.179
561.589,1002.098,507.573,807.033,246.174,735.715,256.351,590.496
561.458,1002.136,507.258,807.281,246.391,735.395,256.163,590.515
561.460,1002.102,507.313,807.382,246.293,735.648,256.244,590.511
561.535,1002.080,507.098,807.537,246.404,735.421,256.006,590.553
561.381,1001.969,507.244,807.338,246.369,735.394,256.254,590.617
561.668,1002.051,507.198,807.379,246.515,735.225,256.561,590.949
561.322,1001.943,507.367,807.314,246.595,735.232,256.490,590.766
561.436,1001.925,507.296,807.584,246.623,735.282,256.967,590.991
561.413,1001.978,507.308,807.339,246.584,735.468,256.477,590.810
561.228,1001.870,507.322,807.309,246.468,735.395,256.661,591.024
561.377,1001.928,507.322,807.274,246.403,734.969,256.785,591.125
561.501,1001.860,507.329,807.190,246.408,735.057,256.817,591.134
561.620,1001.983,507.374,807.294,246.477,735.141,256.836,591.174
561.619,1001.991,507.306,806.990,246.177,735.398,256.673,590.651
561.383,1001.796,507.517,807.005,246.352,735.380,256.578,590.600
561.339,1002.004,507.362,807.117,246.361,735.220,257.115,591.301
561.609,1002.038,507.418,807.065,246.480,735.166,256.658,590.860
561.658,1001.984,507.500,807.134,246.449,735.354,256.671,590.645
561.563,1001.914,507.075,807.092,246.328,735.208,256.504,590.232
561.508,1002.053,507.221,807.060,246.320,735.628,256.817,590.547
561.451,1002.135,507.470,807.326,246.303,735.727,256.907,590.608
561.513,1002.146,507.317,807.377,246.361,735.676,256.904,590.519
561.548,1002.017,507.389,806.886,246.384,735.447,256.518,590.704
561.494,1001.966,507.303,807.030,246.332,735.551,256.451,590.657
561.484,1001.972,507.354,807.230,246.276,735.516,257.226,591.648
561.088,1001.638,507.397,807.262,246.271,735.310,257.370,591.540
561.436,1001.938,507.424,807.189,246.235,735.383,257.927,592.458
561.541,1002.024,507.304,807.563,246.238,735.302,257.608,592.356
561.505,1002.208,507.476,807.341,246.266,735.317,257.987,592.602
561.436,1002.175,507.462,807.520,246.232,735.485,257.466,592.118
561.481,1002.218,507.682,807.598,246.301,735.408,255.732,590.714
561.416,1001.818,507.616,806.590,246.241,735.202,256.930,591.327
561.478,1001.922,507.438,806.279,246.321,735.122,257.663,591.320
561.179,1001.867,507.677,807.050,246.377,735.323,257.330,591.432
561.391,1001.940,507.487,806.899,246.413,735.445,257.207,591.068
561.660,1002.196,507.969,806.181,246.252,735.574,257.177,591.118
561.630,1002.195,507.196,806.830,246.266,735.336,257.431,590.115
561.689,1002.116,507.567,806.395,246.429,735.023,257.219,590.201
561.611,1002.142,507.364,807.307,246.437,735.324,257.261,590.332
561.649,1002.212,507.507,806.886,246.263,735.766,257.718,590.676
561.665,1002.186,507.541,806.361,246.194,735.512,257.551,590.746
561.725,1002.049,507.397,806.536,246.092,736.142,257.323,590.575
561.546,1002.106,507.163,806.386,246.107,735.780,257.137,590.740
561.425,1002.036,507.386,806.709,246.065,735.567,256.981,590.701
561.416,1001.919,507.314,807.642,246.036,735.472,256.843,590.559
561.375,1001.766,507.384,807.461,246.123,735.522,256.949,590.598
561.562,1002.090,507.306,806.596,246.054,735.406,257.058,590.828
561.317,1001.957,507.475,805.386,245.979,735.331,257.254,590.722
561.511,1002.058,507.775,805.142,246.107,735.808,257.296,590.658
561.705,1002.104,507.151,805.363,246.091,735.913,257.612,590.864
561.536,1002.130,507.002,806.036,246.205,735.651,257.652,590.860
561.442,1001.915,507.133,806.376,246.187,735.575,257.336,590.519
561.504,1002.096,507.349,806.385,246.236,735.994,257.367,589.960
561.215,1001.827,507.898,805.524,246.266,735.739,257.234,590.155
561.107,1001.916,508.032,805.034,246.204,735.219,257.143,590.562
561.637,1002.308,508.528,804.486,246.363,735.539,256.836,590.770
561.425,1002.202,508.329,804.395,246.236,734.923,256.754,590.941
561.395,1002.114,508.227,804.516,246.179,735.598,257.030,590.602
561.181,1001.942,508.283,803.838,246.117,735.701,256.992,590.599
561.556,1002.288,508.051,803.702,246.121,735.262,257.090,590.257
561.397,1002.141,508.276,804.789,246.073,735.667,257.290,590.530
561.579,1002.138,507.862,805.202,246.253,735.575,257.708,590.182
561.609,1002.111,507.947,804.293,246.271,735.350,257.801,590.219
561.497,1001.712,508.161,803.340,246.293,735.766,257.120,589.985
561.610,1001.925,507.763,803.743,246.310,735.791,257.258,590.133
561.727,1002.155,508.003,804.717,246.263,734.793,257.238,590.146
561.509,1001.937,508.273,805.352,246.339,735.327,257.162,590.418
561.385,1001.919,508.107,806.208,246.173,735.624,257.460,590.042
561.485,1002.216,507.496,805.851,246.339,735.732,257.749,590.021
561.575,1002.010,507.604,805.598,246.439,735.482,257.487,590.055
561.220,1002.027,507.704,805.395,246.352,735.644,257.273,590.301
561.522,1002.300,507.615,806.268,246.327,735.612,257.616,590.201
561.346,1001.989,507.587,806.641,246.362,735.925,257.741,590.393
561.450,1002.082,508.004,805.513,246.486,736.108,257.671,590.343
561.363,1002.083,508.516,805.159,246.318,735.800,257.420,590.195
561.315,1001.916,507.451,806.532,246.351,735.561,257.397,590.177
561.274,1001.895,507.262,806.891,246.206,736.108,257.308,590.033
561.288,1001.940,507.668,806.886,246.224,736.083,257.267,590.066
561.581,1001.901,507.833,806.449,246.310,735.437,257.465,590.140
561.437,1001.904,507.544,806.937,246.477,735.128,257.799,590.052
561.663,1002.004,507.820,806.288,246.383,735.652,257.095,589.984
561.246,1001.740,508.084,806.047,246.593,735.618,257.553,590.112
561.379,1001.822,508.136,805.713,246.469,735.404,257.117,589.967
561.683,1002.148,507.752,806.111,246.333,735.173,256.823,589.791
561.426,1001.862,507.713,807.215,246.319,735.538,256.590,589.976
561.553,1001.910,507.491,806.785,246.424,735.405,256.865,589.708
561.303,1001.659,506.479,806.990,246.401,735.379,256.775,589.708
561.160,1001.835,506.813,806.528,246.190,735.337,256.918,589.964
561.490,1002.041,507.285,806.420,246.267,735.439,257.205,589.873
561.484,1002.186,507.150,808.345,246.307,734.976,257.186,590.003
561.446,1002.053,507.259,807.146,246.357,735.078,257.020,589.824
561.343,1002.227,506.898,807.281,246.332,735.163,257.315,589.851
561.379,1002.184,507.146,808.186,246.345,735.483,257.392,589.909
561.548,1002.320,506.675,809.846,246.542,734.714,257.511,589.799
561.311,1001.844,506.801,809.930,246.331,735.193,257.379,590.057
561.123,1002.080,506.789,810.758,246.185,734.783,257.638,589.835
560.902,1001.876,507.114,811.572,246.324,734.851,257.079,589.783
561.311,1002.101,505.966,810.889,246.322,735.342,257.212,589.872
561.391,1002.203,505.619,811.213,246.472,735.559,257.230,589.928
561.580,1002.305,505.935,810.792,246.462,735.714,257.190,589.957
561.670,1002.174,505.918,810.895,246.439,735.480,257.485,589.819
561.602,1002.245,505.932,811.228,246.504,735.407,257.512,589.822
561.485,1001.958,506.137,811.310,246.481,735.810,256.961,589.585
561.367,1002.169,505.605,811.301,246.605,735.427,257.217,589.406
561.409,1001.959,505.927,811.480,246.314,735.604,257.360,589.158
561.570,1002.102,506.186,811.361,246.440,735.318,257.466,589.224
561.536,1002.016,505.197,811.318,246.431,735.470,257.218,589.038
561.646,1002.291,505.420,811.161,246.338,735.590,257.878,589.145
561.536,1002.049,506.011,810.991,246.442,735.775,258.077,589.257
561.318,1001.936,505.655,811.295,246.479,735.385,258.003,589.089
561.331,1001.946,505.487,811.521,246.335,735.468,257.870,588.975
561.211,1001.915,505.652,811.243,246.549,735.147,257.558,588.900
561.400,1002.050,505.929,811.539,246.392,735.396,257.545,588.931
561.612,1001.344,505.275,811.346,246.396,735.191,258.420,588.968
561.488,1001.861,505.112,811.192,246.356,735.424,258.683,588.968
561.317,1001.827,504.156,811.954,246.397,735.764,258.736,589.252
561.352,1001.834,504.697,812.398,246.336,735.914,258.969,589.220
561.313,1001.975,504.882,812.132,246.387,735.504,259.302,589.564
561.522,1001.931,505.170,811.678,246.183,734.291,259.874,589.813
561.358,1001.760,505.860,812.230,246.348,735.584,259.607,590.045
561.558,1002.086,505.082,812.896,246.312,735.601,259.247,590.211
561.457,1001.927,504.979,812.358,246.402,735.575,259.033,590.098
561.641,1001.982,504.553,811.894,246.123,734.532,258.380,589.988
561.629,1001.861,504.465,812.803,246.209,734.061,258.228,589.909
561.169,1001.791,504.756,811.882,246.611,735.059,258.526,590.077
560.899,1001.727,504.047,812.226,246.563,734.834,259.261,590.419
561.468,1002.097,503.888,812.534,246.498,735.316,259.759,590.806
561.353,1001.884,504.091,812.231,246.617,734.990,259.803,590.743
561.244,1001.705,504.894,812.068,246.087,734.637,259.806,590.527
561.289,1001.661,504.551,812.054,246.126,734.778,259.896,590.488
561.571,1001.920,504.856,812.359,246.624,735.380,259.835,590.365
561.130,1001.795,504.993,812.107,246.616,735.483,259.799,590.193
561.376,1002.212,504.044,812.237,246.333,735.763,259.362,590.471
561.326,1001.898,504.817,811.806,246.586,735.423,259.587,590.410
561.475,1002.044,505.633,811.721,246.628,735.333,259.472,590.316
561.280,1001.908,505.205,811.273,246.514,735.305,259.739,590.413
561.228,1001.820,505.221,810.670,246.502,735.112,259.702,590.409
561.360,1001.804,504.793,811.912,246.351,736.029,259.768,590.426
561.297,1002.044,504.442,811.598,246.382,735.636,259.865,590.564
561.324,1002.233,504.491,811.698,246.314,735.420,259.858,590.460
561.319,1001.935,504.171,811.965,246.332,735.490,259.833,590.512
561.593,1002.174,505.003,811.657,246.246,735.349,259.849,590.369
561.656,1002.082,505.054,811.938,246.332,735.508,259.697,590.442
561.513,1001.773,504.429,811.490,246.489,735.331,259.295,590.086
561.627,1002.015,504.913,811.395,246.402,735.153,259.359,590.156
561.651,1002.169,505.004,811.449,246.710,734.742,259.370,590.024
561.519,1002.150,504.823,811.292,246.430,735.497,259.410,590.126
561.507,1001.928,504.724,811.795,246.414,735.379,259.388,590.198
561.570,1002.285,504.636,811.915,246.319,735.801,259.524,590.322
561.256,1001.990,504.950,811.325,246.253,735.758,259.178,589.961
561.274,1002.164,505.020,811.408,246.415,735.632,259.203,590.068
561.254,1002.060,504.708,811.861,246.271,735.503,259.156,590.057
561.399,1001.218,504.602,812.338,246.383,735.725,259.163,590.025
561.394,1001.219,504.830,812.202,246.414,735.779,259.348,590.198
561.521,1002.075,504.450,812.316,246.276,735.391,259.238,590.166
561.486,1002.095,504.876,812.086,246.284,735.543,259.325,590.191
561.591,1001.941,504.065,813.131,246.648,734.988,259.599,590.250
561.354,1001.780,504.248,812.794,246.418,735.358,259.601,590.216
561.431,1001.864,504.227,813.053,246.405,734.905,259.605,590.345
561.587,1002.111,504.471,812.445,246.185,735.264,259.328,590.337
561.503,1001.988,504.300,812.436,246.254,735.264,259.502,590.317
561.294,1001.787,504.331,812.129,246.308,735.293,259.621,590.161
561.444,1002.035,504.766,811.836,246.322,735.557,259.594,590.222
561.524,1001.991,504.319,812.107,246.204,734.789,259.424,590.207
561.584,1002.030,504.508,812.463,246.377,735.028,259.353,590.138
561.477,1001.971,504.355,812.207,246.516,735.326,259.446,590.194
561.050,1001.649,504.143,812.255,246.601,735.214,259.429,590.128
561.679,1002.071,503.513,812.640,246.180,735.668,259.324,590.186
561.733,1002.038,503.467,812.339,246.245,735.446,259.396,590.192
561.824,1002.167,504.339,811.554,246.634,735.001,259.352,590.252
561.599,1002.054,504.459,812.249,246.315,735.420,259.459,590.206
561.602,1001.927,504.012,812.123,246.374,735.123,259.462,590.243
561.457,1001.982,504.272,812.061,246.534,736.009,259.504,590.265
561.488,1001.825,504.452,812.342,246.467,734.961,259.643,590.419
561.548,1001.958,504.117,812.886,246.514,735.422,259.638,590.221
561.556,1001.842,503.962,812.616,246.510,735.512,259.664,590.156
561.092,1001.540,504.647,812.596,246.481,735.443,259.365,590.047
561.639,1001.921,504.288,812.051,246.385,735.713,259.317,590.005
561.627,1001.747,503.985,812.428,246.301,735.597,259.410,590.172
561.550,1001.928,504.208,811.832,246.319,735.199,259.514,590.161
561.394,1001.796,504.250,812.051,246.239,735.953,259.442,590.222
561.423,1001.798,503.814,812.489,246.221,735.819,259.460,590.128
561.452,1001.992,503.971,812.477,245.830,734.304,259.377,590.186
561.699,1002.041,504.066,812.806,246.273,735.297,259.551,590.341
561.790,1002.169,503.890,812.996,246.090,735.428,259.633,590.297
561.687,1001.777,504.139,813.254,246.440,735.323,259.386,589.969
561.634,1001.786,503.642,813.150,246.351,735.342,259.446,590.056
561.743,1002.037,503.824,812.690,246.218,735.410,259.444,590.203
561.577,1001.797,503.808,812.891,246.288,735.132,259.509,590.251
561.561,1001.871,503.748,813.164,246.407,735.402,259.735,590.297
561.198,1001.672,503.202,812.985,246.325,735.508,259.556,590.243
561.522,1002.013,503.736,813.267,246.230,735.393,259.614,590.255
561.812,1001.936,503.364,813.300,246.348,735.569,259.540,590.303
561.468,1001.982,503.179,812.902,246.367,735.621,259.799,590.425
561.433,1002.025,503.104,813.139,246.329,735.810,259.566,590.302
561.725,1002.262,504.003,812.514,246.233,735.919,259.683,590.421
561.569,1002.021,503.930,812.799,246.272,735.658,259.661,590.394
561.469,1001.937,503.954,813.541,246.345,735.672,259.653,590.348
561.616,1002.302,504.148,812.978,246.513,735.421,259.590,590.147
561.453,1002.126,503.625,813.087,246.581,735.124,259.775,590.166
561.302,1001.990,503.550,813.041,246.426,735.037,259.872,590.469
561.332,1001.976,503.200,812.755,246.498,735.421,259.733,590.311
561.712,1002.037,503.114,813.165,246.340,734.923,259.916,590.470
561.598,1002.110,503.230,813.241,246.463,735.144,259.829,590.421
561.543,1002.036,503.858,813.113,246.275,735.296,259.712,590.318
561.729,1002.097,503.967,812.988,246.285,735.450,259.673,590.336
561.542,1001.919,503.505,813.338,246.378,735.355,259.650,590.304
561.463,1002.078,503.840,813.141,246.464,735.283,259.603,590.293
561.647,1002.337,503.690,813.317,246.216,735.321,259.140,590.159
561.422,1002.000,503.512,813.649,246.220,735.664,259.167,590.304
561.428,1001.944,503.599,813.410,246.306,735.713,259.087,590.219
561.567,1002.004,503.797,813.628,246.471,735.425,259.645,590.256
561.379,1001.912,504.054,813.256,246.488,735.364,259.591,590.218
561.804,1002.212,503.885,813.602,246.417,735.311,259.514,590.315
561.735,1002.235,503.530,813.310,246.273,735.642,259.663,590.508
561.673,1002.264,503.506,814.236,246.326,735.758,259.477,590.346
561.717,1002.234,503.353,813.868,246.313,735.663,259.470,590.293
561.604,1002.226,503.381,813.285,246.200,735.382,259.634,590.327
561.554,1002.122,502.947,813.136,246.220,735.356,259.539,590.345
561.709,1002.285,503.051,813.297,246.378,735.246,259.565,590.292
561.647,1002.305,503.476,813.340,246.363,735.314,259.590,590.285
561.488,1001.998,503.155,813.507,246.369,735.553,259.515,590.346
561.489,1001.858,503.213,813.102,246.427,735.579,259.663,590.191
561.544,1002.069,503.339,813.528,246.603,735.565,259.489,590.297
561.349,1001.961,503.231,813.893,246.434,735.342,259.320,590.248
561.520,1002.026,503.198,813.393,246.286,735.218,259.392,590.330
561.522,1001.871,503.269,813.362,246.396,735.710,259.416,590.231
561.656,1002.025,503.260,813.613,246.469,735.167,259.288,590.102
561.402,1001.836,502.946,814.241,246.312,735.146,259.558,590.336
561.477,1001.907,502.786,813.780,246.247,735.734,259.591,590.245
561.401,1002.054,503.399,813.739,246.381,735.237,259.577,590.345
561.323,1001.977,503.848,813.763,246.450,734.812,259.468,590.350
561.290,1001.900,503.411,813.316,246.334,735.163,259.475,590.375
561.342,1001.839,503.423,814.630,246.356,735.319,259.483,590.416
561.447,1001.970,503.200,814.347,246.131,735.677,259.451,590.235
561.226,1001.675,503.233,814.330,246.317,735.441,259.483,590.304
561.575,1001.779,503.324,814.536,246.258,735.453,259.592,590.097
561.516,1002.210,502.927,814.229,246.316,735.427,259.434,590.124
561.713,1002.366,503.359,814.027,246.258,735.399,259.699,590.173
561.561,1002.083,503.492,814.665,245.905,734.706,259.489,590.295
561.419,1002.073,503.088,814.542,246.171,735.877,259.473,590.414
561.241,1001.944,502.741,814.468,246.339,735.614,259.268,590.219
561.475,1001.891,502.668,814.475,246.461,735.275,259.331,590.111
561.580,1001.816,502.647,814.244,246.161,733.918,259.282,590.160
561.547,1001.948,502.403,814.312,246.414,735.320,259.007,589.975
561.314,1001.827,502.493,814.107,246.340,735.455,259.154,590.006
561.557,1001.932,502.410,814.138,246.424,735.449,258.964,590.010
561.475,1002.152,502.439,814.437,246.401,735.910,259.066,590.245
561.395,1001.912,503.047,813.129,246.350,735.589,259.129,590.338
561.335,1001.902,503.080,814.717,246.340,735.327,259.120,590.297
561.458,1002.007,503.041,814.553,246.296,735.557,259.176,590.327
561.419,1001.953,503.279,814.306,246.239,735.670,259.259,590.362
561.516,1002.028,502.771,814.458,246.312,735.003,258.930,590.338
561.595,1002.030,503.064,814.919,246.545,734.672,259.387,590.289
561.278,1001.920,502.605,814.556,246.467,735.319,259.409,590.373
561.135,1001.851,502.613,814.400,246.510,734.925,259.376,590.233
561.277,1001.877,502.632,814.471,246.383,735.027,259.098,590.156
561.563,1002.189,502.803,814.683,246.257,735.410,259.336,590.348
561.577,1002.142,502.806,814.097,246.501,734.908,259.175,590.329
561.558,1002.111,502.693,814.193,246.393,735.457,259.163,590.303
561.579,1002.004,503.026,814.787,246.662,735.085,259.439,590.394
561.269,1001.910,502.609,814.546,246.600,734.803,259.322,590.343
561.592,1002.039,502.675,815.068,246.395,734.940,259.215,590.218
561.416,1002.004,502.847,815.611,246.415,735.127,259.048,590.140
561.489,1001.996,502.687,815.434,246.502,735.127,258.994,590.255
561.355,1002.048,502.447,815.094,246.441,735.403,259.513,590.417
561.477,1002.040,502.698,815.072,246.459,735.201,259.411,590.298
561.261,1001.959,502.341,814.976,246.314,735.579,259.191,590.213
561.422,1001.914,502.589,815.235,246.277,735.327,259.236,590.209
561.457,1001.979,503.364,815.414,246.207,735.647,259.168,590.240
561.234,1001.819,503.531,814.845,246.107,735.466,259.324,590.288
561.260,1001.888,502.810,816.476,246.249,735.398,259.398,590.225
561.288,1001.872,502.584,816.526,246.182,735.755,259.451,590.269
561.512,1002.099,502.587,815.655,246.193,735.284,259.379,590.213
561.550,1001.902,502.550,816.006,246.132,735.432,259.466,590.257
561.490,1001.847,502.700,816.200,246.154,735.268,259.566,590.186
561.054,1001.854,502.511,815.015,246.320,735.161,259.588,590.283
561.386,1001.942,502.519,815.120,246.313,735.235,259.540,590.214
561.367,1001.896,502.489,816.826,246.071,735.124,259.435,590.231
561.449,1002.082,502.478,816.424,246.278,734.874,259.427,590.250
561.426,1001.945,502.357,815.931,246.115,735.078,259.545,590.206
561.153,1001.844,502.648,815.784,246.172,735.143,259.432,590.182
561.445,1002.089,502.270,815.752,246.128,735.454,259.376,590.179
561.167,1001.707,502.584,815.611,246.265,735.230,259.447,590.241
561.389,1001.914,502.331,815.338,246.294,735.345,259.299,590.083
561.379,1001.844,502.370,815.660,246.305,735.403,259.416,590.169
561.262,1001.741,502.120,816.127,246.394,735.412,259.201,590.208
561.459,1001.900,502.624,816.207,246.242,735.576,259.258,590.229
561.530,1001.984,502.432,815.506,246.244,735.736,259.647,590.414
561.742,1002.260,502.233,815.847,246.373,735.870,259.516,590.193
561.612,1002.008,502.609,816.953,246.305,735.359,259.408,590.096
561.577,1001.979,502.453,816.947,246.311,735.451,259.464,590.348
561.459,1002.006,502.283,817.029,246.336,735.214,259.411,590.245
561.438,1002.125,502.368,815.723,246.428,735.296,258.711,590.162
561.640,1002.265,502.140,816.013,246.394,735.567,258.819,590.353
561.216,1001.806,502.422,816.362,246.294,735.603,258.922,590.552
561.628,1002.238,502.661,816.243,246.322,735.377,258.962,590.457
561.579,1002.028,502.664,816.309,246.232,735.714,259.175,590.112
561.348,1002.018,501.917,818.310,246.279,735.433,259.300,590.104
561.330,1001.875,502.183,816.343,246.489,735.340,259.467,590.451
561.271,1001.726,501.841,816.447,246.400,735.479,259.376,590.332
561.351,1002.008,502.397,816.777,246.428,735.378,259.382,590.508
561.110,1001.938,502.454,816.524,246.272,735.244,259.442,590.575
561.584,1002.238,502.139,816.302,246.340,735.649,259.549,590.509
561.766,1002.246,502.112,817.507,246.376,735.634,259.395,590.372
561.492,1001.997,502.546,816.447,246.453,735.569,259.324,590.484
561.576,1002.127,502.163,817.660,246.462,735.359,259.442,590.407
561.502,1002.174,502.464,816.048,246.401,735.649,259.508,590.193
561.462,1002.075,502.351,815.909,246.478,735.046,259.439,590.432
561.467,1001.921,502.749,816.212,246.544,734.903,259.338,590.307
561.547,1002.061,502.741,815.591,246.600,735.158,259.544,590.429
561.232,1001.866,501.656,817.787,246.577,735.147,259.510,590.303
561.213,1001.917,501.537,817.647,246.467,734.965,259.447,590.514
561.408,1001.975,502.305,816.169,246.445,734.655,259.624,590.404
561.460,1001.918,502.474,816.079,246.296,735.147,259.372,590.446
561.353,1002.035,502.042,815.651,246.262,735.013,259.545,590.473
561.420,1002.075,502.428,817.179,246.245,735.063,259.536,590.474
561.634,1002.248,502.161,815.924,246.289,735.298,259.569,590.419
561.676,1002.250,501.875,815.717,246.325,735.198,259.587,590.458
561.504,1002.266,502.147,816.629,246.302,735.247,259.419,590.480
561.705,1002.297,502.450,816.365,246.251,735.162,259.486,590.507
561.360,1001.793,502.299,815.649,246.205,735.241,259.348,590.379
561.194,1001.764,501.612,818.354,246.254,735.342,259.318,590.497
561.512,1001.838,502.143,817.016,246.298,735.200,259.381,590.415
561.412,1001.179,501.901,816.588,246.383,735.070,259.361,590.390
561.563,1002.095,502.084,816.068,246.423,735.600,259.194,590.320
561.511,1002.085,501.913,818.466,246.342,735.825,258.910,590.201
561.101,1001.781,502.468,816.090,246.340,735.157,259.389,590.379
561.538,1002.086,502.101,816.906,246.210,734.987,259.552,590.314
561.709,1002.209,501.990,816.933,246.240,735.238,259.413,590.439
561.392,1001.910,502.127,815.886,246.138,735.454,259.371,590.354
561.417,1001.927,501.911,816.514,246.261,735.702,259.347,590.242
561.658,1002.211,502.247,815.766,246.403,735.572,259.240,590.473
561.428,1002.227,501.844,817.642,246.297,735.518,259.268,590.566
561.706,1002.360,502.151,816.232,246.545,734.829,259.210,590.418
561.591,1002.378,501.582,816.813,246.288,734.850,259.291,590.455
561.392,1002.058,501.930,816.909,246.433,735.356,259.429,590.464
561.423,1002.136,501.519,818.417,246.364,735.303,259.492,590.298
561.775,1002.161,501.483,818.487,246.379,734.948,259.233,590.475
561.598,1002.392,501.323,817.578,246.314,735.226,259.375,590.762
561.742,1002.497,501.667,817.730,246.594,734.831,259.471,590.655
561.439,1001.924,501.099,819.039,246.457,735.052,259.268,590.434
561.343,1002.136,500.793,818.776,246.444,735.063,259.517,590.453
561.253,1001.786,501.082,819.002,246.526,735.408,259.516,590.494
561.444,1001.916,501.421,819.045,246.537,735.031,259.452,590.500
561.161,1001.851,501.394,818.438,246.293,734.781,259.430,590.396
561.484,1001.965,501.095,818.805,246.474,734.900,259.473,590.496
561.511,1001.981,501.471,819.459,246.440,735.463,259.465,590.589
561.436,1001.994,500.881,818.716,246.487,735.661,259.531,590.483
561.704,1002.181,500.915,819.649,246.376,734.881,259.530,590.513
561.797,1002.350,500.914,819.891,246.391,735.025,259.534,590.577
561.006,1002.329,501.169,819.769,246.110,735.434,259.396,590.612
561.278,1002.194,500.868,818.711,246.279,734.852,259.560,590.519
560.874,1001.795,501.243,820.145,246.342,735.249,259.228,590.429
561.105,1001.883,501.218,819.587,246.130,735.460,259.105,590.509
561.304,1001.985,500.701,819.997,246.308,734.845,258.996,590.390
561.275,1002.010,500.643,820.199,246.336,735.059,259.391,590.438
561.345,1002.308,501.116,820.117,246.311,735.263,258.905,590.475
561.319,1002.056,500.527,820.061,246.365,735.138,259.260,590.443
561.588,1002.493,500.516,818.821,246.373,735.044,259.304,590.532
561.553,1002.081,500.537,820.175,246.372,734.833,259.178,590.299
561.584,1002.144,501.341,820.002,246.340,734.865,259.224,590.412
561.672,1002.221,500.635,820.067,246.365,735.535,258.861,590.455
561.807,1002.344,501.218,820.103,246.377,735.475,258.877,590.415
561.658,1002.316,501.476,820.042,246.548,735.290,259.215,590.502
561.707,1002.243,500.727,820.049,246.327,735.446,259.009,590.512
561.437,1002.183,501.033,819.485,246.521,735.010,258.892,590.259
561.484,1002.095,501.361,819.490,246.611,734.486,259.350,590.532
561.245,1001.729,500.652,820.402,246.680,734.664,259.359,590.524
561.499,1002.173,501.512,818.442,246.495,734.924,259.209,590.354
561.381,1002.020,501.429,820.174,246.495,734.841,259.359,590.460
561.671,1002.219,501.568,818.261,246.313,735.176,259.426,590.447
561.237,1001.928,500.817,819.384,246.458,734.659,259.345,590.339
561.617,1002.147,500.819,819.202,246.312,735.138,259.412,590.374
561.601,1002.064,500.941,819.040,246.254,735.036,259.481,590.385
561.697,1002.056,501.334,819.592,246.525,734.763,259.429,590.487
561.833,1002.273,501.423,819.585,246.451,734.862,259.432,590.298
561.563,1002.238,501.435,818.530,246.320,735.414,259.275,590.273
561.784,1002.241,500.931,818.895,246.335,735.456,259.274,590.423
561.500,1002.325,500.628,820.581,246.295,735.764,259.284,590.554
561.711,1002.162,501.152,820.211,246.279,735.272,259.253,590.372
561.727,1002.250,500.796,820.033,246.280,735.156,259.330,590.467
561.453,1001.978,501.053,819.204,246.229,735.649,259.324,590.417
561.588,1002.124,501.181,820.423,246.186,735.450,259.285,590.548
561.807,1002.211,501.380,820.001,246.304,735.059,259.270,590.389
561.609,1002.186,500.481,819.920,246.318,734.845,259.453,590.419
561.752,1002.298,500.559,819.236,246.322,735.343,259.460,590.428
561.533,1002.087,500.531,819.459,246.338,735.578,259.479,590.411
561.489,1002.021,500.765,819.317,246.314,735.621,259.078,590.366
561.552,1002.067,501.293,819.383,246.306,735.063,259.392,590.384
561.786,1002.245,501.767,818.750,246.294,735.155,259.417,590.341
561.724,1002.213,500.998,819.451,246.711,734.786,259.340,590.213
561.542,1002.133,501.382,817.605,246.568,735.103,259.278,590.200
561.798,1002.199,501.108,818.924,246.592,734.743,259.277,590.382
561.627,1002.167,501.229,818.664,246.767,734.943,259.216,590.402
561.687,1002.228,501.410,818.401,246.527,735.671,259.264,590.434
561.629,1002.113,501.817,818.188,246.687,735.853,259.279,590.398
561.430,1001.971,502.100,817.602,246.535,735.486,259.479,590.403
561.518,1002.032,501.774,818.645,246.451,735.578,259.621,590.432
561.445,1002.131,501.449,819.176,246.361,735.530,259.360,590.367
561.357,1002.056,501.380,819.004,246.406,735.569,259.310,590.299
561.552,1002.100,502.300,818.455,246.515,735.708,259.167,590.329
561.652,1002.266,502.291,818.130,246.241,735.609,259.288,590.294
561.715,1002.266,502.555,818.399,246.369,735.342,259.257,590.344
561.480,1002.135,502.839,817.521,246.346,735.446,259.342,590.495
561.802,1002.243,502.669,817.158,246.405,735.603,259.611,590.417
561.561,1002.133,502.954,816.761,246.363,735.149,259.136,590.292
561.584,1002.250,503.280,817.589,246.465,735.296,259.129,590.313
561.478,1002.357,503.314,816.826,246.558,735.171,259.272,590.326
561.587,1002.349,502.664,817.842,246.425,735.252,259.299,590.295
561.450,1002.084,502.385,817.515,246.577,735.154,259.118,590.355
561.768,1002.252,502.840,817.545,246.441,735.718,259.348,590.474
561.376,1001.969,503.250,817.145,246.238,735.344,259.257,590.206
561.547,1002.143,502.626,816.495,246.228,735.620,259.307,590.293
561.430,1002.107,503.545,817.498,246.379,735.807,259.319,590.391
561.472,1002.072,503.764,818.604,246.455,735.541,259.385,590.235
561.449,1002.215,502.285,817.950,246.206,736.029,259.401,590.343
561.550,1002.005,502.360,817.277,246.330,735.430,259.452,590.248
561.573,1002.272,502.765,817.080,246.143,734.843,259.298,590.153
561.804,1002.396,503.090,816.279,246.519,735.795,259.229,590.250
561.656,1002.173,502.755,816.484,246.062,734.360,259.288,590.186
561.592,1002.088,502.505,816.327,246.439,735.392,259.360,590.275
561.607,1002.157,502.565,816.124,246.426,735.252,259.447,590.296
561.572,1002.010,501.953,815.965,246.458,735.432,259.336,590.238
561.608,1002.051,502.719,815.816,246.450,735.565,259.371,590.294
561.425,1002.063,502.358,815.736,246.404,735.649,259.523,590.329
561.668,1002.153,502.556,816.037,246.192,733.908,259.581,590.349
561.418,1001.910,502.460,816.185,246.394,735.110,259.439,590.303
561.290,1001.905,502.477,815.864,246.483,735.225,259.350,590.285
561.307,1001.821,502.402,815.725,246.501,735.065,259.270,590.194
561.305,1001.804,503.276,815.834,246.447,735.243,259.103,590.082
561.613,1002.183,502.164,815.911,246.416,735.061,259.171,589.994
561.544,1002.131,503.456,815.738,246.462,735.801,259.168,590.227
561.526,1002.235,502.988,815.458,246.444,735.449,259.376,590.325
561.392,1001.929,503.138,814.749,246.402,735.272,259.393,590.323
561.574,1002.170,503.380,814.843,246.348,735.049,259.405,590.298
561.212,1001.964,503.567,814.407,246.389,735.464,259.162,590.232
561.360,1001.874,502.327,815.234,246.407,735.400,259.380,590.281
561.656,1002.211,501.602,814.506,246.630,734.890,259.392,590.330
561.698,1002.236,501.998,814.303,246.647,734.979,259.393,590.310
561.397,1002.168,501.864,813.968,246.316,735.661,259.113,590.129
561.279,1002.128,501.716,814.250,246.221,736.135,259.163,590.120
561.656,1002.316,501.696,813.642,246.517,735.245,259.274,590.165
561.465,1002.268,502.158,813.113,246.473,735.271,259.451,590.190
561.691,1002.150,502.125,813.462,246.458,735.383,259.381,590.224
561.348,1001.958,502.337,813.924,246.390,735.659,259.261,590.184
561.399,1001.901,502.573,813.525,246.518,735.286,259.384,590.233
561.447,1002.099,502.741,813.500,246.504,735.142,259.217,590.010
561.381,1002.009,502.532,813.678,246.515,735.280,259.103,589.982
561.105,1001.707,502.079,814.034,246.528,734.854,259.211,590.238
561.112,1001.810,502.233,813.623,246.340,735.279,259.082,590.089
561.577,1001.926,502.325,813.254,246.388,735.598,259.464,590.412
561.751,1001.931,502.972,813.555,246.274,735.800,259.259,590.223
561.230,1001.929,502.155,813.450,246.270,735.576,259.262,590.134
561.470,1002.052,502.702,813.322,246.355,735.357,259.279,590.105
561.516,1001.919,502.510,813.364,246.462,735.174,259.074,590.020
561.447,1001.970,502.094,813.851,246.371,735.560,259.256,590.057
561.252,1002.185,502.835,813.578,246.328,735.352,259.322,590.115
561.371,1001.993,502.818,814.550,246.139,735.734,259.462,590.284
561.316,1002.177,502.785,814.609,246.217,735.502,259.319,590.269
561.408,1002.185,502.977,814.451,246.264,735.176,259.287,590.318
561.646,1002.396,503.064,814.244,246.125,735.321,259.210,590.292
561.498,1002.095,502.609,814.054,246.307,735.562,259.283,590.074
561.602,1002.204,503.192,814.105,246.320,735.479,259.259,590.161
561.602,1002.380,502.854,814.394,246.516,735.472,259.143,589.987
561.575,1002.284,503.760,813.868,246.331,735.409,259.132,589.946
561.321,1002.055,503.672,813.805,246.422,735.437,259.099,589.924
561.446,1002.161,503.422,813.542,246.502,735.182,259.171,589.965
561.412,1002.114,503.683,813.617,246.209,735.476,259.120,589.918
561.365,1002.133,503.129,813.965,246.135,735.656,259.257,589.976
561.645,1002.077,503.111,812.846,246.127,735.405,259.337,590.005
561.425,1002.117,502.724,812.436,246.374,735.248,259.180,589.961
561.581,1002.052,503.134,812.495,246.202,735.393,259.122,589.923
561.515,1002.111,504.342,810.643,246.189,735.535,259.146,589.871
561.730,1002.339,503.885,811.467,246.217,735.262,259.146,589.929
561.585,1002.194,503.696,811.207,246.260,735.098,259.133,590.049
561.383,1002.204,503.892,811.322,246.148,735.441,259.147,590.061
561.612,1002.271,503.429,812.814,246.306,734.791,259.268,590.122
561.550,1002.231,503.204,812.825,246.352,734.756,259.262,589.982
561.505,1002.173,503.594,811.382,246.293,735.062,259.343,590.090
561.434,1002.229,502.697,813.470,246.333,734.900,259.236,589.981
561.097,1001.995,502.913,813.470,246.434,735.110,259.301,589.965
561.394,1002.052,503.168,813.220,246.446,734.871,259.192,589.988
561.216,1001.940,502.601,814.203,246.246,735.380,259.078,590.033
561.738,1002.151,501.968,813.995,246.622,735.240,259.238,589.947
561.562,1002.020,502.428,814.082,246.227,735.375,259.201,589.922
561.739,1002.203,502.625,814.658,246.291,735.182,259.228,590.006
561.521,1001.901,501.951,814.546,246.228,735.056,259.192,590.031
561.457,1001.937,502.377,815.180,246.440,735.177,259.088,590.017
561.754,1002.231,502.323,815.372,246.595,735.282,259.234,590.057
561.593,1002.030,502.349,815.176,246.429,734.844,259.351,589.992
561.610,1002.104,502.393,815.208,246.385,734.852,259.056,589.863
561.552,1002.185,502.382,815.508,246.365,735.426,259.538,590.178
561.614,1002.185,502.469,815.727,246.316,735.371,259.464,590.086
561.604,1002.152,502.930,815.932,246.194,735.374,259.193,590.026
561.417,1002.049,502.755,815.686,246.237,735.185,258.869,589.971
561.646,1002.195,502.911,815.855,246.241,734.976,259.157,590.094
561.283,1002.032,502.992,815.055,246.313,735.219,259.211,590.269
561.210,1001.958,502.913,815.346,245.767,734.020,259.063,590.052
561.357,1001.985,502.210,815.423,246.336,735.602,258.628,589.982
561.586,1002.124,502.275,814.714,246.224,735.376,258.729,590.155
561.535,1002.083,502.251,814.800,246.564,735.374,258.935,590.044
561.316,1001.883,502.493,814.589,246.523,735.045,259.183,590.087
561.542,1002.142,502.767,815.191,246.486,735.038,259.046,589.966
561.650,1002.285,502.596,815.866,246.496,735.080,259.181,590.107
561.428,1001.962,502.827,816.039,246.541,734.840,259.019,590.117
561.371,1002.009,502.826,816.130,246.595,735.001,259.093,590.180
561.573,1002.123,503.075,815.328,245.921,734.498,259.287,590.338
561.275,1001.995,502.668,815.211,246.012,734.539,259.193,590.270
561.517,1001.978,502.658,814.897,245.926,734.143,259.154,590.380
561.586,1002.238,502.992,815.070,245.996,734.271,259.175,590.227
561.458,1002.107,502.585,814.901,245.958,734.206,259.336,590.418
561.740,1002.324,503.342,814.714,246.287,735.651,259.103,590.177
561.661,1002.126,503.143,814.147,246.236,735.524,259.137,590.128
561.625,1002.172,503.267,814.674,246.011,734.121,259.103,590.109
561.465,1002.284,503.701,814.685,245.980,734.455,259.474,590.321
561.359,1002.031,503.572,814.152,246.213,735.649,259.232,590.331
561.231,1001.939,503.730,814.403,246.341,734.931,259.218,590.136
561.682,1002.345,503.133,814.411,246.179,735.022,259.202,590.032
561.538,1002.178,502.786,814.171,246.429,735.277,259.079,590.091
561.422,1002.183,502.639,814.037,246.357,735.316,259.287,590.317
561.477,1002.037,502.498,814.858,246.080,734.218,259.357,590.371
561.435,1002.034,502.612,814.917,246.112,734.793,259.252,590.387
561.408,1001.911,503.080,814.881,246.352,735.173,259.227,590.046
561.486,1002.041,503.256,814.397,246.084,734.047,259.113,590.076
561.797,1002.225,503.126,814.714,246.287,735.259,259.192,590.070
561.485,1002.065,503.083,815.008,246.136,735.537,259.134,590.141
561.706,1002.306,502.808,814.596,246.185,734.886,259.148,590.156
561.693,1002.400,502.838,814.420,246.256,735.361,259.206,590.182
561.352,1002.005,502.694,814.331,246.275,735.174,258.832,590.288
561.524,1002.023,502.823,814.580,246.318,735.211,258.786,590.215
561.394,1002.341,502.982,814.452,246.391,735.099,259.114,590.105
561.424,1002.314,502.936,814.617,246.355,735.453,259.200,590.133
561.462,1002.057,503.002,814.398,245.931,733.799,259.118,590.006
561.521,1002.087,503.129,814.710,246.322,735.167,259.141,589.960
561.436,1002.021,503.186,814.800,245.993,734.105,259.169,590.138
561.706,1002.196,503.289,814.834,246.117,735.118,259.311,590.273
561.384,1001.888,503.134,814.704,246.210,734.796,259.324,590.208
561.344,1002.089,503.265,814.818,246.523,734.962,258.975,590.233
561.443,1002.108,503.219,814.857,246.444,734.973,259.290,590.211
561.405,1002.274,503.240,814.925,246.492,734.975,259.178,590.071
561.386,1002.131,502.967,814.717,246.392,734.660,259.353,590.236
561.361,1002.189,503.252,814.985,246.297,734.927,259.515,590.274
561.328,1002.014,503.290,814.924,246.150,735.225,259.294,590.153
561.366,1002.165,503.427,815.042,246.298,735.684,259.076,590.220
561.399,1001.986,503.352,814.852,246.144,735.316,259.169,590.247
561.443,1002.112,503.468,814.813,246.580,735.084,259.284,590.484
561.614,1002.295,503.714,812.654,246.201,735.270,259.408,590.416
561.697,1002.247,503.207,814.258,246.303,733.801,259.352,590.444
561.396,1002.012,503.015,814.525,246.379,735.009,259.292,590.165
561.396,1002.039,503.050,814.701,246.364,735.031,259.428,590.306
561.633,1002.199,503.217,814.562,246.240,735.398,259.168,590.379
561.502,1002.119,503.437,814.742,246.430,735.128,259.166,590.350
561.230,1002.113,503.486,814.814,245.925,733.622,259.044,590.168
561.415,1002.082,503.501,814.646,246.385,734.865,259.191,590.140
561.546,1002.169,503.557,814.566,246.333,735.048,259.049,590.300
561.599,1002.256,503.351,814.650,246.272,734.763,259.059,590.260
561.406,1002.237,502.952,814.584,246.357,735.152,258.850,590.143
561.588,1002.393,503.153,814.437,246.184,734.995,258.862,590.113
561.676,1002.395,503.232,814.635,246.399,735.105,259.063,590.172
561.385,1002.093,503.291,814.561,246.320,735.254,259.098,590.269
561.604,1002.321,503.300,814.950,246.508,735.008,259.125,590.332
561.652,1002.391,503.463,814.561,246.670,734.547,259.441,590.517
561.151,1002.274,503.632,814.590,246.364,733.793,259.298,590.358
561.194,1002.188,503.381,814.730,246.658,734.659,259.306,590.231
561.409,1002.188,503.532,814.729,246.696,734.635,259.276,590.113
561.555,1001.970,503.541,814.704,246.676,735.319,259.165,590.404
561.611,1002.166,503.492,814.619,246.684,734.874,259.108,590.357
561.524,1002.224,503.383,814.103,246.274,734.348,259.028,590.219
561.625,1002.375,503.407,814.340,246.152,734.269,259.051,590.350
561.766,1002.405,503.167,814.155,246.566,735.480,259.029,590.199
561.674,1002.241,503.271,814.366,246.543,735.834,259.054,590.144
561.446,1002.367,503.746,814.108,246.038,734.323,259.115,590.093
561.428,1002.389,503.414,814.168,246.100,734.190,259.254,590.169
561.144,1002.326,503.242,814.216,246.106,733.978,259.286,590.235
561.428,1002.122,503.573,814.585,246.440,734.808,259.223,590.371
561.714,1002.345,503.386,814.264,246.457,734.956,259.192,590.416
561.536,1002.258,503.400,814.112,246.413,735.358,259.477,590.396
561.786,1002.348,503.492,814.163,246.533,735.303,259.515,590.403
561.299,1001.996,503.474,813.871,246.373,735.088,259.467,590.454
561.312,1001.912,503.178,813.857,246.363,735.253,259.456,590.450
561.444,1002.136,503.719,813.781,246.445,735.403,259.374,590.501
561.754,1002.427,503.644,814.023,246.557,735.263,259.441,590.488
561.488,1002.053,503.961,813.260,246.313,735.167,259.332,590.291
561.812,1002.288,504.090,813.601,246.307,735.650,259.449,590.329
561.489,1002.144,504.722,813.537,246.292,735.723,259.232,590.226
561.484,1002.431,504.520,813.790,246.523,735.379,259.236,590.319
561.539,1002.233,504.454,813.360,246.246,735.370,259.268,590.341
561.630,1002.360,504.444,813.603,246.614,734.944,259.064,590.137
561.422,1002.188,504.532,813.873,246.212,735.123,259.290,590.258
561.206,1001.978,504.612,813.644,246.188,735.187,259.394,590.171
561.522,1002.191,504.455,813.613,246.211,735.020,259.335,590.196
561.633,1002.085,504.222,813.878,246.267,735.033,259.292,590.310
561.532,1002.093,503.755,813.760,246.241,735.007,259.366,590.411
561.573,1002.276,503.969,813.297,246.352,735.578,258.996,590.192
561.460,1002.159,503.742,813.441,246.435,735.584,259.076,590.156
561.421,1002.163,504.426,813.448,246.503,735.484,259.072,590.205
561.474,1002.373,504.478,813.466,246.119,734.466,259.130,590.306
561.734,1002.365,504.151,813.575,246.289,735.686,259.115,590.356
561.609,1002.219,504.124,813.463,246.437,735.572,259.243,590.392
561.589,1002.053,503.636,813.678,246.368,735.693,259.331,590.255
561.396,1002.184,504.042,813.833,246.412,735.419,259.519,590.282
561.514,1002.092,504.511,811.072,246.378,735.500,259.522,590.368
561.656,1002.097,503.564,812.600,246.345,735.204,259.235,590.196
561.565,1002.081,504.602,812.105,246.313,735.146,259.401,590.288
561.672,1002.197,504.407,812.901,246.178,735.484,259.241,590.188
561.592,1002.062,503.845,813.541,246.264,735.427,259.275,590.313
561.567,1002.160,503.590,814.050,246.610,735.744,259.146,590.281
561.571,1002.217,503.540,813.362,246.703,735.304,259.233,590.348
561.302,1002.094,503.842,813.676,246.118,735.708,258.719,590.398
561.487,1002.113,503.375,814.035,246.571,735.958,258.778,590.415
561.708,1002.195,503.630,813.224,246.235,734.325,259.127,590.213
561.712,1002.311,504.003,812.355,246.019,734.108,259.089,590.166
561.807,1002.373,504.334,812.270,246.162,734.463,258.978,590.328
561.631,1002.205,503.183,813.729,246.292,735.099,259.211,590.390
561.659,1002.368,503.866,812.386,246.285,735.021,259.100,590.346
561.394,1001.969,504.343,811.669,246.156,735.170,259.045,590.307
561.528,1002.184,504.769,811.346,246.186,735.268,259.086,590.294
561.666,1002.380,504.128,812.197,246.661,735.380,259.152,590.225
561.652,1002.396,503.069,813.539,246.683,735.436,259.121,590.095
561.590,1002.042,503.653,812.736,246.231,735.392,259.193,590.201
561.442,1001.973,504.206,811.291,246.392,734.731,259.367,590.269
561.560,1002.189,504.216,811.695,246.408,734.907,259.076,590.287
561.572,1002.353,504.046,811.120,246.389,734.934,259.231,590.339
561.463,1002.088,503.325,812.987,246.255,734.930,258.770,590.278
561.550,1002.196,504.604,810.648,246.217,735.450,259.240,590.399
560.863,1001.773,503.869,812.242,246.191,735.305,259.356,590.486
561.378,1002.122,503.611,813.036,246.155,735.224,258.983,590.222
561.492,1002.093,504.040,811.778,246.164,735.366,259.072,590.311
561.671,1002.116,504.315,811.321,246.231,735.464,259.159,590.265
561.583,1002.218,504.345,811.036,246.128,735.207,259.246,590.259
561.615,1001.980,503.576,813.190,245.979,735.347,259.156,590.214
561.633,1001.993,503.237,813.695,245.968,735.433,259.129,590.347
561.506,1002.071,504.008,811.918,246.316,735.536,259.215,590.224
561.640,1002.055,504.309,812.129,246.274,735.553,259.312,590.325
561.517,1001.961,503.838,813.121,246.268,735.718,259.191,590.423
561.435,1001.829,503.774,812.763,246.237,735.217,259.411,590.479
561.669,1002.044,503.632,813.988,246.610,734.690,259.352,590.386
561.655,1002.416,503.400,813.650,246.364,735.056,259.345,590.465
561.611,1002.188,503.515,813.753,246.400,735.062,259.285,590.330
561.307,1002.102,503.395,813.182,246.158,735.287,259.018,590.361
561.313,1002.082,503.722,813.069,246.378,735.188,258.984,590.279
561.254,1001.938,504.251,812.323,246.422,735.543,259.074,590.300
561.376,1002.234,504.286,812.333,246.477,735.481,259.000,590.373
561.519,1002.223,503.985,812.709,246.468,735.253,259.119,590.210
561.496,1002.150,503.641,813.476,246.526,735.208,259.181,590.266
561.550,1002.162,503.875,813.181,246.417,735.462,259.240,590.146
561.381,1001.960,504.364,810.494,246.249,735.774,259.099,590.195
561.728,1002.332,503.909,812.435,246.513,735.370,259.243,590.386
561.651,1002.172,503.315,812.214,246.363,735.414,259.109,590.278
561.651,1002.123,503.360,813.045,246.173,735.173,259.154,590.283
561.554,1002.150,504.460,810.665,246.398,735.400,259.093,590.158
561.264,1001.948,503.926,810.325,246.065,734.339,259.217,590.097
561.693,1002.350,503.510,812.041,246.050,734.054,259.061,590.106
561.651,1002.147,503.750,812.047,246.125,734.018,259.135,590.112
561.210,1001.958,503.089,812.875,246.448,735.139,259.051,590.068
561.675,1002.274,502.989,812.703,246.530,735.309,259.127,590.082
561.727,1002.601,503.426,811.716,246.265,735.198,259.161,590.191
561.629,1002.537,503.391,812.317,246.498,735.130,259.095,590.213
561.367,1002.278,503.960,812.678,246.502,735.111,259.290,590.293
561.605,1002.331,503.641,813.120,246.395,735.054,259.178,590.225
561.479,1002.258,503.323,812.842,246.501,734.840,259.312,590.310
561.454,1002.172,502.990,811.935,246.436,734.897,259.291,590.303
561.393,1002.291,503.538,811.769,246.081,734.343,259.248,590.246
561.668,1002.423,503.287,811.534,246.349,735.044,259.364,590.263
561.177,1002.380,503.777,812.220,246.324,735.197,259.395,590.363
561.636,1002.585,503.737,811.265,246.354,734.843,259.171,590.186
561.568,1002.634,503.390,812.609,246.427,734.935,259.207,590.165
561.527,1002.230,503.421,811.513,246.301,735.160,259.359,590.139
561.439,1002.199,503.981,811.064,245.936,733.980,259.428,590.276
561.716,1002.413,504.102,810.980,245.813,734.149,259.224,590.072
561.541,1002.405,504.631,811.233,246.285,735.563,259.305,590.152
561.692,1002.285,504.462,811.111,246.151,735.319,259.221,590.177
561.693,1002.537,504.268,811.024,245.783,734.684,259.187,590.097
561.420,1002.181,504.172,810.966,246.464,735.015,259.304,590.114
561.767,1002.501,503.897,811.632,246.451,735.529,259.201,590.171
561.444,1002.213,504.419,812.051,246.348,735.159,259.340,590.187
561.507,1002.217,503.892,812.007,246.199,735.022,259.320,590.229
561.437,1001.938,503.383,814.049,246.376,734.881,259.399,590.491
561.402,1002.017,503.855,814.278,246.052,735.827,259.284,590.479
561.464,1002.088,503.718,813.863,246.181,735.757,259.428,590.353
561.470,1002.272,503.091,813.908,246.110,735.412,259.358,590.212
561.470,1002.332,503.310,813.925,246.532,735.486,259.272,590.206
561.447,1002.222,503.713,813.402,246.340,735.456,259.164,590.453
561.435,1002.176,503.686,813.057,246.280,735.403,259.177,590.126
561.512,1002.199,504.707,811.005,246.258,735.661,258.920,590.419
561.524,1002.219,503.851,813.625,246.140,735.549,258.978,590.441
561.749,1002.499,503.213,813.871,246.396,735.442,259.423,590.469
561.764,1002.478,503.745,812.288,246.418,735.341,259.367,590.364
561.709,1002.443,503.413,813.878,246.407,735.149,259.346,590.416
561.687,1002.444,503.062,814.737,246.217,735.647,259.126,590.200
561.626,1002.400,502.870,814.689,246.296,734.990,259.338,590.284
561.503,1002.341,503.477,814.511,246.244,735.755,258.998,590.302
561.680,1002.590,503.368,814.128,246.277,735.216,258.896,590.235
561.577,1002.522,503.077,814.630,246.294,735.136,259.394,590.156
561.756,1002.534,503.156,814.368,246.382,735.438,259.197,590.324
561.364,1001.993,503.374,812.725,246.447,735.665,259.106,590.219
561.330,1001.951,504.008,812.445,246.332,735.106,259.130,590.269
561.763,1002.260,503.651,814.539,246.359,735.471,258.988,590.112
561.370,1002.225,503.492,814.159,246.396,735.426,259.254,590.251
561.672,1002.281,502.965,814.491,246.369,735.115,259.101,590.429
561.408,1002.582,502.878,814.543,246.335,735.107,259.145,590.301
561.372,1002.432,502.825,814.287,246.392,734.888,259.398,590.421
561.470,1002.288,503.066,814.037,246.373,735.187,259.495,590.446
561.520,1002.339,503.878,812.822,246.351,735.023,259.388,590.540
561.239,1002.334,503.689,812.037,245.999,733.791,259.338,590.511
561.403,1002.322,503.132,814.175,245.994,734.041,259.251,590.380
561.309,1002.094,503.316,814.138,246.192,735.049,259.375,590.232
561.489,1002.365,503.025,814.298,246.155,735.278,259.323,590.323
561.451,1002.317,503.019,814.218,245.806,734.143,259.397,590.391
561.679,1002.342,502.976,814.278,245.844,734.306,259.188,590.402
561.602,1002.336,503.265,814.171,246.098,733.990,259.269,590.454
561.569,1002.422,502.985,814.684,245.991,734.043,259.271,590.334
561.470,1002.281,502.830,814.318,246.319,735.389,259.148,590.176
561.695,1002.347,502.835,813.715,246.184,734.101,259.150,590.185
561.405,1002.150,502.782,813.745,246.104,734.599,259.125,590.285
561.235,1002.017,502.871,813.153,246.012,734.104,258.959,590.325
561.695,1002.659,503.210,813.809,245.976,734.402,259.325,590.425
561.578,1002.438,503.670,812.478,246.333,735.098,259.171,590.446
561.587,1002.344,503.316,813.098,246.340,735.394,259.222,590.320
561.233,1002.292,503.457,813.328,246.246,735.432,259.051,590.194
561.242,1002.242,503.410,813.183,246.377,734.983,259.136,590.358
561.383,1002.233,504.093,813.003,246.338,735.282,259.370,590.451
561.494,1002.263,503.615,812.919,245.928,734.034,259.207,590.511
561.468,1002.307,503.805,813.208,245.869,734.120,259.314,590.470
561.624,1002.233,503.679,812.815,245.868,734.162,259.387,590.345
561.804,1002.409,504.248,812.109,246.082,733.795,259.218,590.266
561.674,1002.348,504.206,812.299,245.952,734.022,259.573,590.502
561.354,1002.139,504.173,812.439,246.259,735.303,259.012,590.212
561.490,1002.290,504.304,812.460,246.357,735.341,259.100,590.319
561.390,1002.174,504.248,812.524,246.382,735.402,259.409,590.354
561.353,1002.130,504.336,812.641,246.312,735.471,259.351,590.416
561.233,1002.078,504.336,812.652,246.382,735.814,259.294,590.369
561.303,1002.190,504.481,812.420,246.319,735.148,259.025,590.366
561.493,1002.493,504.569,812.388,246.190,735.230,258.993,590.331
561.578,1002.012,504.196,812.606,246.297,735.110,259.298,590.565
561.731,1002.146,504.770,811.741,246.379,735.160,259.286,590.553
561.504,1002.156,504.921,811.098,246.038,735.474,259.181,590.383
561.674,1002.182,504.892,811.268,246.275,735.790,259.217,590.506
561.726,1002.473,505.247,812.084,246.335,735.528,259.252,590.449
561.790,1002.445,505.215,812.183,246.312,735.852,259.135,590.369
561.571,1002.341,504.999,811.746,246.510,735.399,259.153,590.278
561.846,1002.387,504.781,811.747,246.644,735.085,259.077,590.444
561.460,1002.141,504.809,811.639,246.137,735.355,259.241,590.432
561.605,1002.422,504.660,811.986,246.126,735.042,259.337,590.430
561.518,1002.374,504.665,812.328,245.846,733.861,259.298,590.433
561.539,1002.414,504.715,811.993,246.211,735.150,259.288,590.460
561.524,1002.377,504.505,812.219,245.937,734.143,259.412,590.421
561.684,1002.613,504.691,812.035,246.100,734.038,259.049,590.341
561.353,1002.282,504.588,812.069,246.004,733.877,259.052,590.403
561.442,1002.533,504.306,812.202,246.179,735.352,259.135,590.420
561.260,1002.452,504.431,811.645,246.272,735.012,259.178,590.356
561.282,1002.207,504.475,811.764,245.907,733.918,258.938,590.162
561.352,1002.191,504.557,811.639,246.006,733.941,258.927,590.192
561.507,1002.436,504.795,811.687,246.090,734.296,259.000,590.254
561.712,1002.530,504.775,811.099,246.352,735.165,259.059,590.279
561.698,1002.517,504.533,811.754,246.137,733.972,259.342,590.241
561.597,1002.447,504.951,810.565,246.378,735.264,259.213,590.442
561.473,1002.606,505.091,810.497,246.557,734.841,259.222,590.350
561.346,1002.549,505.309,810.692,246.319,735.722,259.181,590.435
561.686,1002.329,505.227,810.024,246.335,735.482,259.251,590.382
561.395,1002.045,505.779,810.621,246.298,735.244,258.981,590.230
561.610,1002.278,505.674,810.308,246.265,735.440,258.905,590.160
561.637,1002.540,505.319,810.459,246.294,735.405,258.928,590.281
561.662,1002.383,505.451,810.590,246.308,735.269,258.946,590.312
561.508,1002.401,505.673,810.302,246.266,735.255,259.219,590.255
561.559,1002.254,505.664,810.121,246.002,733.972,259.288,590.296
561.356,1002.363,505.691,809.406,246.039,734.149,259.389,590.276
561.874,1002.590,505.708,809.218,246.065,734.119,259.164,590.045
561.365,1002.214,506.068,809.350,245.824,734.030,259.350,590.277
561.437,1002.613,505.836,809.410,246.424,735.276,259.217,590.259
561.888,1002.655,506.084,809.019,246.304,735.021,259.274,590.229
561.532,1002.146,506.530,808.795,246.182,735.155,259.215,590.216
561.262,1002.199,506.161,808.830,246.161,735.137,259.350,590.254
561.747,1002.525,506.082,809.434,246.158,735.521,259.147,590.183
561.402,1002.391,505.961,809.630,246.174,735.285,259.259,590.292
561.759,1002.505,506.155,809.114,246.294,735.269,259.182,590.263
561.400,1002.558,505.895,809.978,246.356,734.831,258.994,590.289
561.764,1002.552,505.918,809.953,246.043,735.684,258.875,590.106
561.571,1002.145,505.896,810.051,246.083,735.277,259.045,590.221
561.832,1002.537,506.181,809.461,246.452,735.336,259.023,590.065
561.537,1002.211,506.459,808.780,246.463,735.347,259.252,590.172
561.519,1002.044,506.016,809.018,246.218,735.038,259.210,590.261
561.678,1002.382,506.531,808.276,246.254,734.820,259.034,590.208
561.705,1002.349,506.633,808.118,245.945,734.223,259.051,590.160
561.326,1002.066,506.226,807.942,245.859,734.224,258.868,590.130
561.339,1002.221,506.771,808.066,246.168,735.169,258.921,590.273
561.542,1002.552,506.622,807.597,246.219,735.564,258.782,590.411
561.589,1002.446,506.723,807.313,246.343,735.426,258.927,590.345
561.609,1002.349,506.942,806.811,246.315,735.272,258.967,590.074
561.501,1002.346,507.038,806.920,246.214,735.506,258.920,590.125
561.391,1002.198,506.801,807.394,246.362,735.501,258.889,590.278
561.389,1002.368,506.901,807.330,246.316,735.159,258.943,590.188
561.529,1002.230,506.894,807.457,246.682,734.576,259.092,590.174
561.379,1002.324,506.869,807.682,246.411,734.998,259.011,590.083
561.616,1002.277,506.889,807.714,246.074,734.257,259.196,590.140
561.623,1002.169,506.751,808.159,246.255,734.863,259.247,590.222
561.631,1002.284,506.703,808.302,245.880,733.284,259.289,590.146
561.488,1002.380,506.707,807.959,246.056,734.014,259.119,590.255
561.511,1002.397,506.875,807.727,246.092,734.154,259.034,590.234
561.508,1002.258,506.731,808.086,246.081,733.804,258.827,590.301
561.552,1002.322,506.767,808.337,246.100,734.112,258.640,590.127
561.488,1002.301,506.991,808.187,246.488,735.280,259.313,590.311
561.374,1002.288,506.656,808.094,246.485,735.141,259.284,590.214
561.542,1002.192,506.812,807.597,246.152,734.986,259.262,590.118
561.666,1002.190,506.550,807.688,246.349,734.730,259.146,589.934
561.834,1002.313,506.757,807.862,246.335,735.209,259.253,590.068
561.500,1002.050,506.906,807.570,246.490,735.141,259.280,590.179
561.667,1002.524,506.731,807.937,246.195,735.273,258.947,590.435
561.498,1002.459,506.780,808.508,246.311,735.469,258.904,590.448
561.700,1002.536,506.897,808.011,246.279,735.794,258.930,590.317
561.721,1002.429,506.892,808.156,246.006,735.611,259.093,590.277
561.696,1002.332,506.722,807.812,246.225,735.546,259.130,590.278
561.725,1002.480,506.634,807.599,246.009,735.489,259.310,590.514
561.652,1002.351,506.590,807.917,246.070,735.110,259.230,590.441
561.637,1002.323,506.846,807.674,246.355,735.808,259.059,590.333
561.601,1002.268,506.759,808.289,246.405,735.304,259.239,590.344
561.406,1002.257,506.871,807.756,246.309,735.443,259.328,590.297
561.675,1002.433,506.742,807.638,246.120,735.204,259.267,590.368
561.580,1002.285,506.657,807.689,246.047,735.266,258.842,590.293
561.591,1002.428,506.853,807.371,246.128,735.091,259.154,590.253
561.504,1002.248,506.689,807.681,246.279,735.151,259.203,590.258
561.476,1002.167,506.775,807.649,246.098,735.493,259.092,590.430
561.398,1002.254,506.921,807.821,246.088,735.048,259.219,590.146
561.698,1001.763,506.975,807.931,246.274,735.252,259.141,590.293
561.645,1002.409,506.813,807.785,246.205,735.407,259.049,590.221
561.577,1002.436,507.059,807.039,246.268,735.272,258.693,590.195
561.589,1002.212,507.164,807.348,246.238,735.265,259.302,590.160
561.807,1002.396,506.820,807.594,246.340,734.657,259.089,590.099
561.742,1002.457,506.826,807.687,246.349,734.556,259.193,590.161
561.654,1002.388,506.650,807.435,246.291,735.099,259.139,590.275
561.564,1002.384,506.844,807.701,246.094,735.341,259.087,590.390
561.775,1002.415,506.999,807.617,246.283,734.863,259.032,590.221
561.762,1002.655,506.722,807.893,246.376,734.894,259.005,590.205
561.798,1002.550,506.831,807.621,246.216,735.154,259.343,590.312
561.728,1002.419,506.722,807.735,245.941,733.921,259.052,590.418
561.718,1002.198,506.846,807.703,245.863,733.895,258.888,590.317
561.498,1002.528,506.900,807.602,246.391,735.015,259.178,590.113
561.527,1002.126,506.875,807.712,246.077,733.816,259.163,590.130
561.773,1002.466,506.773,807.445,245.827,733.483,259.084,590.054
561.720,1002.679,506.752,807.401,245.832,734.269,259.232,590.106
561.468,1002.285,506.903,806.998,246.205,733.600,258.982,590.224
561.529,1002.312,507.182,807.159,246.055,734.176,258.909,590.195
561.739,1002.533,507.144,807.388,246.172,733.765,259.201,590.193
561.492,1002.275,507.060,807.138,245.991,734.215,259.227,590.229
561.640,1002.273,507.030,807.023,246.213,734.090,259.289,590.313
562.004,1002.549,506.874,807.008,245.982,734.203,259.289,590.090
561.838,1002.369,507.016,806.828,246.083,735.623,259.215,590.212
561.761,1002.403,507.062,807.494,246.306,735.081,259.313,590.147
561.681,1002.419,507.245,807.167,246.296,735.094,259.246,590.098
561.524,1002.246,506.968,807.180,246.387,735.219,259.085,590.218
561.615,1002.438,507.217,807.435,246.270,735.428,259.109,590.142
561.730,1002.381,506.906,807.149,246.278,735.349,259.178,590.135
561.776,1002.372,506.859,807.585,246.343,735.111,259.129,589.977
561.599,1002.297,506.872,807.349,246.286,735.620,259.135,590.078
561.661,1002.581,506.980,807.200,246.359,735.464,259.192,590.094
561.367,1002.301,506.961,807.078,246.184,735.459,258.935,590.136
561.516,1002.630,507.040,807.125,246.331,735.517,259.002,590.246
561.227,1001.857,507.224,806.967,246.468,735.300,259.255,590.186
561.448,1001.888,506.942,807.247,246.372,735.377,259.175,590.298
561.575,1002.279,507.041,807.239,246.340,735.485,259.268,590.318
561.710,1002.198,507.029,807.124,246.310,735.275,259.248,590.346
561.582,1002.246,506.940,807.091,246.399,735.155,259.289,590.348
561.503,1002.324,506.798,807.664,246.353,735.408,259.142,590.123
561.626,1002.267,507.018,807.374,246.340,735.312,259.099,590.234
561.743,1002.408,507.379,807.478,246.197,735.374,259.343,590.433
561.769,1002.269,507.183,807.251,246.304,735.187,259.197,590.445
561.550,1002.349,506.969,807.266,245.961,733.786,259.100,590.313
561.419,1002.116,507.064,807.222,246.576,734.997,259.125,590.324
561.541,1002.117,507.106,807.187,245.987,734.215,259.029,590.218
561.469,1002.010,506.943,807.267,246.054,734.457,259.207,590.351
561.675,1002.539,506.817,807.639,246.324,735.383,259.061,590.266
561.498,1002.686,506.934,807.516,246.225,735.270,259.074,590.255
561.729,1002.485,507.006,806.979,246.249,735.492,259.250,590.335
561.554,1002.230,507.181,807.163,246.248,735.288,259.324,590.169
561.713,1002.588,506.926,807.131,246.197,735.391,259.321,590.141
561.426,1002.345,507.088,806.976,246.361,735.194,259.184,590.238
561.688,1002.669,506.874,807.107,246.223,735.346,259.241,590.221
561.828,1002.533,507.198,807.188,246.304,735.743,259.078,590.278
561.670,1002.264,507.036,806.925,246.240,735.732,259.254,590.238
561.730,1002.337,507.200,806.843,246.242,735.210,259.178,590.103
561.675,1002.365,507.143,806.937,246.400,735.028,259.142,590.150
561.657,1002.313,507.127,806.920,246.349,734.714,259.088,590.169
561.650,1002.361,507.121,806.773,246.263,734.653,259.245,590.100
561.874,1002.767,507.133,806.938,246.357,734.928,259.166,590.160
561.553,1002.991,507.337,806.958,246.346,735.005,259.129,590.187
561.307,1002.896,507.101,806.995,246.222,734.978,259.250,590.187
561.123,1003.460,507.100,806.940,246.297,735.032,258.998,590.290
560.633,1003.485,507.180,806.779,246.256,734.977,259.073,590.399
560.746,1003.672,507.292,806.898,246.356,734.763,259.273,590.324
560.749,1003.832,507.244,807.186,246.342,735.046,259.096,590.320
560.899,1003.823,507.049,806.806,246.353,735.582,259.170,590.210
560.865,1003.981,507.151,806.630,246.367,735.403,259.244,590.190
560.975,1003.477,507.066,806.762,246.240,735.211,258.976,590.315
560.994,1004.033,507.139,806.637,246.330,735.408,259.052,590.275
561.143,1003.785,507.046,806.893,246.245,735.058,259.099,590.086
560.989,1003.945,507.146,806.907,246.241,735.265,258.977,590.103
561.268,1003.775,506.986,806.756,245.889,733.880,259.150,590.208
561.412,1003.796,507.292,806.658,246.314,734.951,259.140,590.255
561.403,1003.800,507.004,807.001,246.206,735.373,259.137,590.134
561.379,1003.849,507.072,807.111,246.559,735.099,259.182,590.308
561.418,1003.796,507.019,806.829,246.298,735.169,259.094,590.213
561.526,1004.281,507.056,807.254,246.369,735.343,259.125,590.251
561.745,1004.941,507.090,807.397,246.416,734.964,259.066,590.155
561.942,1005.541,507.178,806.913,246.533,735.318,259.131,590.395
562.006,1005.859,507.249,806.949,246.418,735.564,259.156,590.240
561.976,1005.387,506.941,807.148,246.598,735.211,259.162,590.271
561.944,1005.404,507.196,807.245,246.339,735.050,259.346,590.337
562.316,1005.647,507.099,806.818,246.362,734.909,259.270,590.263
562.149,1005.639,507.111,806.857,246.394,735.038,259.183,590.224
561.908,1005.349,507.316,806.782,246.533,734.639,259.214,590.240
561.981,1005.237,507.017,807.121,246.280,734.537,259.144,590.348
562.134,1005.358,507.213,807.078,246.335,733.937,259.192,590.242
562.296,1005.518,507.093,807.252,246.311,735.229,259.261,590.267
562.159,1005.445,507.226,807.115,246.281,735.395,259.187,590.178
562.299,1005.410,506.979,806.970,246.482,734.690,259.008,590.180
562.311,1005.316,507.103,806.794,246.448,734.286,258.927,590.200
562.143,1005.317,507.397,807.101,246.557,735.024,259.162,590.222
562.294,1005.492,507.176,807.065,246.614,734.902,258.987,590.221
561.988,1005.028,507.178,807.229,246.270,735.087,258.821,590.207
562.226,1005.266,507.284,807.088,246.548,734.738,259.065,590.201
562.261,1005.308,506.957,806.769,246.360,735.269,258.852,590.299
562.089,1005.567,507.114,806.684,246.532,734.845,258.806,590.332
562.099,1005.226,507.283,806.871,246.265,735.135,259.114,590.199
562.015,1005.192,507.052,806.458,246.235,734.869,259.009,590.209
562.152,1005.028,507.258,806.556,246.461,734.798,259.371,590.130
561.968,1005.046,507.055,806.852,246.292,735.497,258.898,590.148
561.820,1005.079,506.987,806.879,246.345,735.069,259.120,590.295
562.192,1005.312,507.112,806.643,246.304,735.295,259.019,590.244
562.348,1005.317,507.113,806.670,246.305,735.137,259.102,590.207
561.778,1004.950,507.163,806.880,246.455,735.531,259.098,590.254
561.806,1005.054,507.136,806.840,246.425,735.487,259.193,590.323
562.137,1005.101,507.036,806.857,246.220,735.465,259.046,590.252
562.113,1005.260,507.037,806.802,246.241,735.461,258.988,590.217
561.955,1004.982,507.053,806.870,245.949,735.748,258.808,590.098
561.911,1005.073,507.097,806.858,245.933,735.817,258.797,590.113
562.125,1004.990,507.063,806.495,246.024,733.967,258.965,590.117
562.231,1005.257,507.026,806.891,246.191,735.310,258.896,590.029
562.037,1004.911,507.106,806.738,246.390,735.074,259.121,590.093
562.180,1005.185,506.972,806.882,246.186,735.606,259.095,590.035
562.122,1005.313,507.022,807.245,246.234,734.585,259.095,590.087
562.249,1005.282,507.080,806.841,246.314,735.126,259.160,590.257
562.532,1005.335,507.122,807.149,246.135,735.362,259.026,590.173
562.259,1005.027,507.054,806.845,246.240,735.539,258.870,590.032
562.168,1004.964,506.962,806.938,246.255,735.446,258.897,590.062
562.240,1005.095,507.029,806.642,246.643,734.902,259.071,590.097
562.052,1005.099,507.069,806.836,246.541,735.150,259.071,590.021
562.337,1005.396,507.079,807.047,246.212,735.558,259.056,590.115
562.173,1005.329,506.940,806.915,246.048,735.818,259.081,590.153
562.199,1004.964,507.188,806.764,246.114,735.249,258.836,589.987
561.942,1004.775,507.216,806.947,246.039,735.416,258.990,590.211
562.082,1004.938,507.092,806.981,246.033,735.153,259.064,590.252
562.325,1005.252,507.044,806.833,246.109,735.196,259.109,590.169
561.885,1005.156,507.105,806.928,246.174,734.907,259.092,590.085
561.981,1004.951,507.217,806.600,246.035,735.514,259.297,590.193
561.793,1005.290,507.245,806.605,246.248,735.084,259.239,590.073
562.071,1005.434,507.074,806.896,246.300,735.269,259.189,590.227
562.099,1005.114,507.048,806.955,246.342,735.334,259.276,590.241
562.133,1004.882,506.990,806.901,246.089,735.760,259.209,590.156
562.437,1005.213,507.161,806.744,246.073,735.381,259.195,590.173
561.982,1005.055,506.938,807.057,246.311,735.047,259.164,590.171
561.816,1005.005,506.938,807.040,246.219,734.846,259.342,590.290
561.697,1004.899,507.093,807.089,246.190,735.384,259.244,590.209
561.832,1005.348,506.994,806.863,246.276,735.365,259.280,590.189
561.940,1004.991,507.172,806.559,246.257,735.984,259.408,590.372
562.153,1005.304,507.290,806.466,246.267,735.529,258.946,590.113
561.980,1004.977,507.341,806.327,246.265,735.565,259.316,590.237
562.255,1005.276,507.126,806.880,246.361,735.418,258.885,590.128
562.031,1005.320,507.291,807.096,246.282,735.537,259.052,590.266
562.038,1005.344,507.161,807.368,246.233,735.210,259.350,590.199
562.253,1005.084,507.211,807.189,246.211,735.314,259.483,590.295
562.238,1005.454,507.381,806.982,246.261,735.413,259.216,590.181
562.068,1005.482,507.435,807.091,246.174,735.703,259.210,590.226
561.855,1005.169,507.395,806.812,246.394,734.933,259.072,590.099
561.930,1005.277,507.307,806.947,246.080,735.687,259.165,590.099
561.790,1004.980,507.186,806.744,246.156,735.756,258.905,590.177
561.988,1005.215,507.168,806.872,246.155,735.398,258.978,590.105
562.028,1005.132,506.938,807.029,246.447,735.254,259.147,590.330
562.247,1005.570,506.965,806.729,246.295,735.317,259.176,590.340
562.102,1005.396,507.060,806.661,246.273,735.253,259.074,590.268
562.193,1005.382,507.180,806.756,246.044,734.467,259.009,590.207
562.152,1005.195,507.154,806.758,246.053,734.468,259.125,590.183
562.229,1005.448,507.025,806.837,246.188,734.357,259.170,590.352
562.223,1005.114,507.031,806.839,246.152,734.339,259.299,590.386
561.916,1004.956,507.170,806.576,246.235,734.763,259.310,590.379
561.714,1005.110,507.083,806.865,245.972,734.378,259.295,590.311
561.794,1004.966,506.999,806.791,246.384,734.843,258.997,590.131
561.818,1005.045,507.032,806.882,246.351,735.053,259.146,590.170
561.800,1005.289,506.957,806.977,246.214,735.101,259.139,590.287
562.247,1005.517,507.084,807.007,245.956,733.928,259.051,590.388
562.407,1005.616,507.372,806.844,245.945,734.849,259.116,590.336
561.946,1005.211,507.125,806.586,246.248,735.401,259.197,590.335
562.156,1005.210,507.139,806.604,246.311,735.278,259.267,590.349
561.976,1005.376,507.001,806.842,246.146,735.522,259.180,590.244
561.842,1005.251,507.033,806.895,246.150,735.423,259.275,590.223
562.118,1005.424,507.219,807.012,246.158,735.631,259.233,590.317
562.067,1005.152,507.211,807.177,246.428,735.612,259.199,590.284
562.262,1005.400,507.158,807.097,246.274,735.226,259.136,590.166
561.940,1005.428,507.071,806.653,246.147,735.212,259.149,590.203
562.049,1005.232,507.085,806.758,246.245,735.174,259.325,590.206
562.063,1005.399,507.019,806.959,246.259,735.180,259.122,590.108
561.917,1005.109,507.092,806.720,246.106,735.578,259.155,590.188
561.855,1004.968,507.138,806.708,246.185,735.386,259.124,590.154
562.134,1005.295,507.153,806.502,246.258,735.735,259.164,590.232
561.831,1004.863,507.184,806.661,246.158,735.522,259.051,590.427
561.697,1005.104,507.131,806.685,246.185,735.626,259.274,590.410
561.876,1004.767,507.152,806.929,246.205,735.642,259.278,590.319
561.861,1004.917,507.250,806.508,246.085,735.370,259.374,590.410
562.033,1005.163,507.132,806.630,246.164,735.326,259.299,590.327
562.185,1005.206,507.170,806.558,246.306,735.060,259.224,590.373
562.087,1005.324,507.260,806.557,246.283,735.250,259.342,590.295
562.057,1005.492,507.261,806.646,246.149,735.237,259.377,590.301
561.657,1004.833,507.135,806.738,246.419,735.365,259.231,590.149
562.082,1005.302,507.038,806.875,246.423,735.299,258.818,590.152
562.000,1005.427,507.092,807.239,246.297,735.405,259.008,590.209
562.229,1005.471,507.155,806.635,246.160,735.702,259.189,590.299
562.339,1005.604,507.083,807.289,246.216,735.316,258.985,590.184
562.208,1005.301,507.088,807.031,246.027,735.604,259.180,590.435
562.114,1005.552,507.091,807.041,246.077,735.463,259.261,590.268
561.885,1005.066,507.332,806.845,246.404,735.267,259.631,590.278
562.145,1005.533,507.228,806.491,246.378,735.047,259.646,590.218
562.186,1005.644,507.095,806.995,246.290,735.460,259.992,590.633
562.184,1005.582,507.284,806.745,246.311,735.386,259.996,590.629
562.180,1005.270,507.261,806.704,246.080,735.606,260.251,590.565
562.120,1005.362,507.072,806.876,246.345,735.655,260.322,590.690
562.087,1005.374,507.247,806.368,246.279,735.704,260.382,590.882
562.322,1005.510,507.102,806.887,246.024,734.466,260.687,591.022
561.890,1005.150,507.235,806.628,246.223,735.025,260.861,591.386
561.895,1005.164,507.129,806.632,246.114,735.505,261.316,591.504
562.085,1005.055,507.301,806.853,246.365,735.043,261.444,591.633
561.810,1005.046,507.178,806.585,246.422,735.191,261.591,591.903
561.961,1005.070,507.219,806.691,246.383,734.985,261.693,591.985
562.056,1005.360,507.097,806.705,246.210,735.240,261.694,592.026
561.874,1005.317,507.178,806.721,246.314,734.895,261.464,592.068
562.100,1005.158,507.164,806.724,246.259,735.337,261.527,592.198
561.961,1005.098,507.257,806.796,246.315,735.272,262.433,592.557
561.687,1005.069,507.320,806.563,246.371,735.189,262.359,592.427
561.955,1004.928,507.110,806.544,246.079,735.320,262.204,592.407
561.726,1005.519,507.178,806.813,246.243,735.406,261.681,592.258
561.905,1005.210,507.112,806.651,246.276,735.136,261.058,592.041
561.970,1005.157,507.405,806.206,246.246,735.157,261.143,591.887
561.771,1005.167,507.059,806.588,246.093,735.423,261.306,591.571
562.024,1005.366,507.313,806.724,246.314,735.335,262.430,591.991
562.109,1005.163,507.286,806.557,246.132,734.900,261.971,591.872
562.174,1005.052,507.526,806.494,246.303,734.999,261.192,591.891
562.427,1005.317,507.349,806.295,246.285,735.108,260.989,591.702
562.036,1005.082,507.297,806.443,246.301,734.832,260.403,591.793
561.964,1005.260,507.300,806.482,245.894,734.135,260.704,591.552
562.049,1005.206,507.238,806.727,245.863,734.037,260.541,591.413
561.948,1004.905,507.427,806.172,246.091,735.371,260.920,591.562
561.990,1005.230,507.400,806.232,246.301,735.390,261.390,591.842
561.562,1004.843,507.183,806.739,246.342,735.001,262.068,592.093
561.653,1005.230,507.239,806.573,246.387,734.934,262.033,592.068
561.500,1004.781,507.502,806.568,245.886,734.110,262.186,592.128
561.746,1005.282,507.472,806.486,245.854,733.753,261.910,591.968
562.221,1005.220,507.430,806.313,245.895,734.556,261.578,591.927
562.400,1005.390,507.270,806.293,246.064,735.024,261.044,592.036
562.129,1005.225,507.240,806.521,246.168,734.973,261.155,592.188
562.153,1005.209,507.527,806.350,246.010,735.532,260.900,592.074
562.344,1005.355,507.435,806.549,246.062,735.508,260.744,591.931
561.969,1005.201,507.309,806.447,246.418,735.080,260.936,591.731
562.006,1005.013,507.125,806.649,246.389,735.167,260.878,591.662
562.235,1005.119,507.266,806.316,246.352,735.089,261.430,591.924
562.189,1004.966,507.195,806.444,246.235,735.130,261.455,591.908
562.223,1005.543,507.078,806.645,246.243,735.993,261.477,592.168
562.482,1005.477,507.219,806.409,246.309,735.741,261.654,592.004
562.168,1005.708,507.342,806.282,246.515,734.554,261.589,591.902
562.251,1005.436,507.317,806.397,246.630,734.707,261.403,592.052
562.372,1005.554,507.445,806.257,246.299,734.803,261.586,592.122
562.109,1005.464,507.427,806.614,246.392,735.311,261.697,592.006
562.346,1005.658,507.440,806.823,246.244,735.115,261.389,591.985
562.208,1005.350,507.270,806.564,246.307,735.593,260.989,592.026
562.322,1005.441,507.248,806.684,246.425,735.533,261.127,591.813
562.062,1005.193,507.444,806.514,246.298,734.565,261.058,591.608
562.229,1005.455,507.402,806.335,246.271,734.895,261.098,591.775
562.165,1005.229,507.351,806.096,246.454,735.353,261.553,591.892
562.231,1005.250,507.284,806.245,246.257,734.213,261.326,591.999
562.026,1005.001,507.342,806.226,246.322,735.411,261.817,591.973
561.941,1004.903,507.396,806.330,246.247,735.103,261.269,591.889
561.929,1005.046,507.312,806.522,246.315,735.131,261.622,591.967
562.051,1005.008,507.511,806.539,246.362,735.260,261.535,592.157
561.627,1004.917,507.308,806.375,246.454,735.228,261.696,592.043
561.939,1005.193,507.341,806.641,246.274,735.556,261.362,592.010
561.854,1005.374,507.320,806.782,246.361,735.389,261.501,592.180
561.939,1005.201,507.292,806.445,246.356,734.934,261.296,592.221
561.707,1005.019,507.325,806.467,246.301,734.823,261.397,592.138
561.950,1004.988,507.257,806.553,246.507,734.803,261.351,592.009
562.047,1004.987,507.365,806.477,246.269,735.217,261.187,591.969
562.001,1004.803,507.249,806.646,246.357,735.067,261.543,591.902
562.084,1005.003,507.327,806.369,246.279,735.118,261.255,591.987
562.234,1005.281,507.203,806.904,246.645,734.700,261.476,592.324
562.119,1005.281,507.113,806.998,246.309,735.045,261.355,592.214
562.084,1004.877,507.249,806.504,246.312,735.292,261.403,592.226
562.075,1004.861,507.323,806.430,246.527,734.610,261.589,592.259
562.037,1005.086,507.119,806.716,246.698,734.852,261.770,592.423
562.009,1005.280,507.302,806.893,246.481,735.124,261.720,592.333
562.055,1005.330,507.331,806.997,246.268,735.098,261.695,592.223
561.972,1005.083,507.268,806.427,246.340,735.127,261.455,592.192
562.108,1005.445,507.298,806.500,246.390,735.191,261.481,592.171
561.993,1004.691,507.239,806.842,246.216,735.206,261.465,592.307
561.897,1004.644,507.415,806.741,246.268,735.038,261.355,592.239
561.836,1004.980,507.640,806.668,246.384,735.576,261.115,592.131
562.089,1005.187,507.459,806.502,246.276,735.328,261.087,592.100
561.931,1005.088,507.409,806.732,246.114,735.233,261.242,592.175
561.714,1004.963,507.512,806.501,246.143,735.046,261.194,592.152
561.939,1005.133,507.417,806.745,246.252,735.408,261.122,592.188
562.118,1005.046,507.250,806.853,246.266,735.432,261.135,592.106
561.855,1005.160,507.638,806.100,245.961,734.468,261.036,592.148
562.317,1005.560,507.195,806.865,246.401,735.740,261.179,592.350
562.106,1005.265,507.372,806.485,246.321,735.645,261.073,592.192
562.198,1005.368,507.448,806.746,246.434,735.365,261.375,591.901
562.115,1005.386,507.533,806.811,246.463,734.931,261.168,592.016
562.155,1005.007,507.225,806.526,246.410,735.542,261.269,592.146
562.060,1004.996,507.236,806.552,246.458,735.433,261.183,592.029
561.969,1004.982,507.356,806.386,246.222,734.935,261.228,592.264
562.016,1005.069,507.355,806.653,246.441,735.020,261.097,592.146
561.717,1004.855,507.311,806.943,246.324,735.069,260.931,592.142
561.685,1005.126,507.179,806.567,246.452,734.741,260.986,592.177
562.045,1005.076,507.135,806.864,246.054,734.474,261.066,592.036
562.154,1004.896,507.244,806.662,246.094,734.133,261.122,592.150
561.956,1005.463,507.313,807.115,246.094,734.199,261.246,592.180
561.912,1005.045,507.183,806.739,246.032,734.175,261.460,592.304
561.864,1005.283,507.187,806.686,246.112,733.776,261.469,592.377
562.185,1005.510,507.372,806.647,246.370,735.392,261.313,592.201
561.884,1005.021,507.234,806.456,245.891,734.035,261.407,592.174
561.991,1005.485,507.393,806.998,246.244,735.148,261.530,592.308
561.935,1005.395,507.423,807.012,246.299,735.081,261.542,592.262
562.143,1005.268,507.421,806.789,246.287,735.159,261.411,592.183
562.076,1005.392,507.221,806.976,246.340,735.365,261.475,592.203
562.275,1005.238,507.307,806.519,246.172,735.584,261.205,592.150
562.260,1005.225,507.107,806.907,246.231,735.474,261.131,592.162
562.172,1004.964,507.385,806.871,246.268,733.599,261.273,592.113
561.928,1004.934,507.370,807.019,245.971,733.645,261.543,592.254
561.906,1005.128,507.463,806.922,245.914,733.572,261.236,592.107
561.905,1005.154,507.496,806.789,245.935,734.096,261.363,591.894
561.963,1005.081,507.528,806.838,245.979,733.835,261.315,591.932
562.190,1005.459,507.440,806.811,246.354,735.572,261.727,592.122
562.166,1005.216,507.438,806.749,246.028,733.584,261.270,592.155
562.083,1005.078,507.487,806.583,245.984,734.304,261.478,592.103
562.278,1005.062,507.395,806.627,245.924,733.951,261.393,592.058
562.420,1005.476,507.467,806.670,246.267,735.378,261.343,592.127
562.470,1005.429,507.427,806.624,246.281,735.344,261.408,592.221
562.352,1005.281,507.481,806.667,246.236,735.249,261.407,592.270
562.414,1005.231,507.293,806.651,246.406,735.504,261.280,592.184
561.880,1004.808,507.454,806.462,246.267,733.745,261.533,592.337
561.978,1004.741,507.425,806.613,246.199,734.865,261.485,592.355
562.127,1004.977,507.276,806.513,246.080,733.765,261.432,592.346
562.067,1004.910,507.598,806.776,246.312,735.324,261.348,592.247
562.039,1004.980,507.364,806.767,246.594,734.805,261.351,592.229
562.035,1004.808,507.576,805.959,246.081,735.407,261.307,592.294
561.954,1004.883,507.444,806.290,246.134,735.371,261.404,592.357
562.217,1005.387,507.405,806.850,246.126,735.429,261.522,592.213
561.892,1005.368,507.416,806.608,246.046,734.967,261.416,592.171
561.912,1005.102,507.448,806.294,246.275,735.275,261.571,592.355
561.974,1005.180,507.343,806.459,246.061,735.235,261.523,592.163
561.894,1004.976,507.248,806.606,246.176,735.452,261.560,592.261
562.037,1005.050,507.222,806.567,246.203,734.885,261.447,592.126
561.960,1004.985,507.449,806.745,246.266,735.548,261.548,592.328
562.169,1005.399,507.425,806.439,246.260,735.651,261.645,592.452
562.128,1005.078,507.598,806.225,246.330,735.372,261.279,592.209
561.891,1004.805,507.393,806.697,245.947,735.617,261.058,592.197
562.077,1004.808,507.512,806.497,246.332,735.190,261.168,592.235
561.862,1004.537,507.302,806.595,246.429,735.170,261.083,592.262
561.855,1004.950,507.285,806.686,246.197,735.400,260.896,592.202
562.105,1005.032,507.458,806.747,246.017,735.614,261.167,592.279
561.806,1005.010,507.555,806.513,245.897,734.379,261.228,592.290
561.889,1005.287,507.258,806.661,246.317,735.170,261.321,592.294
562.059,1005.376,507.254,806.733,245.988,734.399,261.396,592.264
562.122,1005.382,507.507,806.426,245.779,734.413,261.386,592.351
562.095,1005.202,507.350,806.620,246.158,735.434,261.389,592.321
561.939,1005.361,507.284,806.785,246.350,735.471,261.335,592.192
562.073,1005.055,507.105,806.427,246.380,735.210,261.112,592.124
562.108,1005.216,507.578,806.342,245.984,735.511,261.461,592.292
561.777,1005.147,507.360,806.623,246.160,735.377,261.215,592.228
561.888,1004.983,507.335,807.056,246.179,735.328,261.160,592.261
561.935,1005.176,507.341,806.708,245.946,735.032,261.181,592.399
561.845,1005.080,507.400,806.616,245.983,735.154,261.158,592.356
562.056,1005.224,507.476,806.582,246.058,735.287,261.514,592.323
561.951,1005.142,507.369,806.725,246.078,735.190,261.306,592.323
562.163,1005.062,507.437,806.202,245.970,735.106,261.067,592.264
562.175,1005.101,507.366,806.449,246.073,735.101,261.101,592.242
562.065,1005.106,507.523,806.550,246.121,735.086,261.343,592.431
561.904,1005.013,507.394,806.406,246.124,734.762,261.412,592.307
561.877,1004.919,507.328,806.260,245.878,734.027,261.221,592.253
562.330,1005.432,507.389,806.501,246.019,735.197,261.310,592.322
562.033,1005.052,507.337,806.550,245.786,734.050,261.465,592.382
562.201,1005.217,507.472,806.429,246.025,735.047,261.251,592.324
562.218,1005.298,507.486,806.183,246.083,735.249,261.359,592.359
562.039,1005.172,507.436,806.034,246.034,735.214,261.412,592.371
562.115,1005.236,507.350,806.183,246.191,735.148,261.395,592.262
562.051,1005.075,507.616,806.269,246.167,735.104,261.681,592.383
562.172,1005.142,507.660,806.170,246.329,734.998,261.526,592.212
562.157,1005.359,507.758,806.333,245.973,735.466,261.316,592.112
562.345,1005.492,507.704,806.298,246.326,735.057,261.453,592.104
562.238,1005.302,507.352,806.560,246.370,735.159,261.552,592.327
562.234,1005.266,507.491,806.439,246.320,735.555,261.443,592.208
561.944,1005.182,507.569,806.582,246.075,735.488,261.517,592.209
562.210,1005.478,507.396,806.307,246.141,735.617,261.687,592.231
562.303,1005.399,507.466,806.119,246.243,735.191,261.318,592.043
562.014,1005.290,507.406,806.277,246.249,735.276,261.371,592.244
562.065,1005.149,507.422,806.749,246.147,735.190,261.362,592.257
562.183,1005.381,507.740,806.157,246.225,735.259,261.395,592.266
562.035,1005.143,507.687,806.043,246.486,734.995,261.491,592.337
562.201,1005.170,507.585,806.352,246.162,735.406,261.824,592.518
562.278,1005.455,507.475,806.412,246.145,735.387,261.589,592.476
562.036,1005.159,507.443,806.211,246.182,735.166,261.798,592.685
562.177,1005.281,507.445,806.154,246.272,735.180,261.505,592.684
562.079,1005.090,507.522,806.364,246.145,735.595,261.592,592.583
562.049,1005.158,507.412,806.327,246.183,735.387,261.350,592.327
562.039,1005.299,507.481,806.453,246.122,735.761,261.096,592.264
561.815,1004.967,507.512,806.462,246.315,735.143,261.180,592.640
562.061,1005.118,507.332,806.633,245.939,734.935,261.104,592.480
562.293,1005.331,507.227,806.708,246.104,735.009,261.482,592.271
562.017,1005.119,507.309,806.630,246.119,734.847,261.242,592.246
561.804,1005.418,507.525,806.617,246.383,734.653,261.005,591.935
561.530,1005.334,507.511,806.698,246.371,734.888,261.125,591.178
562.052,1005.065,507.272,806.659,246.332,734.969,260.482,590.889
561.763,1005.304,507.242,806.668,246.463,734.841,260.549,591.159
562.198,1005.254,507.303,806.810,246.307,735.492,261.243,591.811
561.977,1005.343,507.338,806.646,245.896,733.774,261.283,591.758
561.882,1004.899,507.301,806.447,246.078,735.449,261.546,591.924
562.010,1005.173,507.334,806.562,245.990,735.729,261.069,591.351
561.882,1004.891,507.229,806.752,246.043,735.357,261.220,591.607
561.751,1004.891,507.469,806.581,245.932,735.458,261.523,591.934
562.343,1005.328,507.435,806.660,246.126,735.592,261.487,592.244
562.021,1005.068,507.506,806.403,246.300,735.846,261.571,592.312
562.228,1005.246,507.452,806.415,246.272,736.151,261.597,592.322
562.192,1005.216,507.498,806.324,246.240,735.326,261.567,592.325
562.023,1005.093,507.398,806.680,246.334,735.660,261.601,592.500
562.117,1005.157,507.374,806.623,246.185,735.992,261.462,592.724
562.157,1005.103,507.455,806.597,246.077,736.183,261.567,592.819
562.255,1005.287,507.602,806.157,246.349,735.454,261.603,592.850
562.010,1005.050,507.464,806.741,246.203,735.807,261.580,592.876
562.089,1005.218,507.386,806.420,246.418,734.985,261.575,592.803
562.266,1005.207,507.470,806.304,246.440,735.002,261.520,592.767
562.245,1005.229,507.432,806.834,246.184,735.494,261.114,592.570
561.872,1005.035,507.448,806.585,246.395,735.551,261.341,592.694
561.971,1005.127,507.496,806.519,246.212,735.326,261.404,592.739
562.141,1005.171,507.493,806.380,246.218,735.536,261.447,592.747
562.217,1005.235,507.479,806.206,246.159,735.765,261.386,592.721
562.224,1005.305,507.570,806.398,246.492,735.146,261.509,592.723
562.280,1005.472,507.480,806.448,246.533,735.350,261.444,592.660
562.248,1005.457,507.515,806.526,246.513,735.069,261.576,592.745
562.279,1005.459,507.439,806.638,246.505,735.271,261.700,592.720
562.105,1005.261,507.431,806.418,246.415,735.463,261.581,592.819
562.113,1005.216,507.524,806.587,246.276,735.245,261.701,592.736
562.012,1005.206,507.485,806.643,246.251,736.071,261.763,592.859
561.975,1005.269,507.330,806.591,246.198,735.424,261.734,592.776
561.785,1005.182,507.297,806.392,245.992,735.231,261.570,592.688
561.995,1005.124,507.240,806.492,246.244,735.185,261.503,592.764
561.745,1005.167,507.242,806.730,246.093,735.859,261.297,592.657
562.320,1005.602,507.360,806.681,246.178,735.565,261.279,592.814
562.167,1005.437,507.418,806.562,246.036,735.513,261.527,592.830
561.985,1005.390,507.542,806.870,246.202,735.630,261.390,592.582
562.384,1005.481,507.576,806.877,246.138,735.863,261.368,592.769
562.127,1005.219,507.702,806.956,246.188,735.603,261.532,592.798
561.821,1005.024,507.618,806.974,246.179,735.631,261.378,592.831
562.297,1005.416,507.634,806.847,246.196,735.521,261.543,592.566
562.094,1005.610,507.745,807.162,246.203,735.519,261.546,592.615
562.116,1005.208,507.626,807.190,246.370,735.253,261.658,592.741
562.171,1005.280,507.693,807.111,246.234,735.267,261.542,592.790
561.984,1004.823,507.520,807.273,246.068,735.830,261.527,592.694
561.998,1005.329,507.620,807.326,246.074,735.575,261.511,592.657
562.281,1005.215,507.664,807.364,245.990,735.787,261.403,592.668
562.202,1005.407,507.659,807.275,246.247,735.605,261.495,592.799
562.247,1005.420,507.770,807.104,246.296,735.801,261.334,592.610
562.276,1005.263,507.750,807.039,246.357,735.930,261.270,592.571
562.135,1005.189,507.687,807.222,246.100,735.928,261.515,592.725
562.002,1005.026,507.933,806.998,246.169,735.726,261.359,592.652
562.116,1005.383,507.778,807.377,246.077,736.279,261.326,592.324
561.960,1005.360,507.809,807.198,246.143,735.701,261.816,592.806
562.155,1005.203,507.713,807.413,246.218,735.821,261.988,592.902
562.219,1005.154,507.790,807.182,246.252,735.194,262.009,592.496
562.010,1005.120,507.625,807.394,246.233,735.550,262.126,592.550
562.185,1005.146,507.816,807.238,246.401,735.326,262.160,592.468
562.071,1005.012,507.839,807.089,246.370,735.316,262.187,591.930
562.133,1005.006,507.936,806.837,246.215,735.854,261.672,591.583
561.843,1004.900,507.858,807.066,246.210,735.663,261.106,591.925
562.044,1004.951,507.689,807.191,246.067,735.643,261.510,592.037
561.775,1004.782,507.749,807.401,246.106,735.853,262.028,592.980
561.973,1005.031,507.763,807.174,246.229,735.218,262.675,593.853
561.901,1005.235,507.829,807.349,246.279,735.310,262.805,594.529
562.265,1005.304,507.912,807.167,246.208,735.186,262.785,594.646
562.245,1005.082,507.901,807.049,246.442,735.483,262.997,595.152
562.124,1004.838,507.794,807.098,246.513,734.951,263.140,595.275
562.119,1004.957,507.850,807.054,246.159,734.991,263.032,595.219
562.171,1005.033,507.901,807.053,246.409,734.967,263.148,595.288
562.218,1005.117,507.722,807.027,246.201,735.060,263.521,594.839
562.213,1005.481,507.748,807.007,246.525,735.267,263.801,595.117
561.990,1005.535,507.836,807.004,246.101,734.174,264.554,595.179
561.817,1005.323,507.772,807.375,246.188,735.275,264.129,595.358
561.906,1005.348,507.622,807.335,246.181,735.403,263.644,595.231
562.164,1005.137,507.862,806.871,246.211,735.624,263.608,594.902
562.158,1005.041,507.850,806.913,246.229,735.537,263.039,594.517
562.140,1005.079,507.763,807.237,246.387,735.201,263.035,594.083
562.053,1005.341,507.751,807.315,246.100,734.392,262.822,593.976
562.246,1005.048,507.883,806.803,246.370,735.032,262.700,593.604
561.916,1005.117,507.760,806.910,246.053,735.418,262.534,593.761
561.857,1005.052,507.872,807.113,246.113,734.951,263.142,594.399
562.220,1005.316,507.898,806.969,246.115,735.083,263.198,594.795
562.105,1005.183,507.786,807.383,246.345,735.355,262.889,594.096
562.187,1005.119,507.906,807.309,246.145,735.436,262.574,593.845
562.192,1005.128,507.712,807.401,246.119,734.743,262.437,594.029
562.178,1004.809,507.720,807.475,245.989,735.045,262.685,594.302
562.270,1005.046,507.667,807.475,246.040,735.000,262.886,594.602
562.379,1005.300,507.732,807.244,246.133,735.597,262.952,594.784
562.213,1005.594,507.639,807.379,246.067,735.573,262.655,594.958
562.233,1005.679,507.881,807.100,245.966,735.155,263.128,595.366
562.256,1005.368,507.740,807.224,246.079,735.398,263.115,595.281
562.164,1005.314,507.870,807.252,246.256,735.049,263.247,595.232
562.023,1005.212,507.801,807.338,246.301,735.444,263.293,595.173
562.333,1005.310,507.739,807.429,246.294,735.754,263.429,594.997
562.156,1005.407,507.767,807.296,246.077,735.897,263.569,595.159
561.937,1005.357,507.721,807.157,246.255,735.779,263.026,594.611
562.105,1005.407,507.698,807.351,246.251,735.626,262.925,594.577
562.230,1005.266,507.806,807.281,246.402,733.798,262.365,593.780
562.003,1005.316,507.658,807.020,246.063,735.469,262.090,593.516
561.859,1004.916,507.760,806.928,245.854,734.693,261.986,593.447
562.130,1005.136,507.886,806.793,246.044,735.747,262.299,592.832
562.213,1005.459,507.867,807.067,245.777,734.488,262.581,593.488
562.042,1005.148,507.834,807.189,245.966,735.642,262.602,594.094
562.171,1005.022,507.802,807.143,245.950,735.376,262.822,594.246
562.234,1005.460,507.719,807.304,246.056,735.651,262.598,594.164
562.315,1005.333,507.848,807.080,246.113,735.738,261.998,594.134
562.374,1005.658,507.735,807.167,246.164,735.627,262.341,594.696
562.298,1005.626,507.742,807.227,246.144,735.794,263.013,594.745
562.181,1005.144,507.705,807.148,245.919,734.037,263.470,595.007
562.247,1005.364,507.767,807.169,245.772,734.421,263.117,594.565
562.203,1005.468,507.872,807.228,246.164,735.467,262.330,594.087
562.023,1005.238,507.577,807.526,245.962,734.173,262.826,594.737
562.243,1005.456,507.644,807.516,246.327,735.007,262.525,594.624
562.090,1005.533,507.724,807.384,246.203,735.895,262.958,594.686
562.026,1005.505,507.691,807.202,246.221,735.738,263.167,594.796
562.238,1005.471,507.754,806.911,246.343,735.535,263.388,594.914
562.111,1005.134,507.703,807.429,246.361,735.605,263.323,594.878
562.478,1005.422,507.602,807.479,246.079,736.187,263.227,594.907
562.121,1005.179,507.765,807.389,246.188,736.006,263.104,594.828
562.147,1005.361,507.838,807.096,246.237,735.588,263.258,594.792
561.999,1005.040,507.759,807.129,246.148,735.824,263.689,595.003
562.262,1005.426,507.612,807.454,246.376,735.085,263.771,594.730
562.154,1005.392,507.726,807.211,246.341,735.324,263.550,594.664
562.280,1005.429,507.904,807.299,246.308,735.277,263.288,594.677
562.020,1005.221,507.836,807.221,246.374,735.204,263.649,594.700
561.659,1005.440,507.754,807.230,245.950,734.384,263.729,594.699
561.725,1005.193,507.764,807.354,246.104,735.507,263.530,594.561
561.984,1005.091,507.965,807.100,246.351,735.634,263.950,594.599
562.128,1005.250,507.811,807.139,246.346,735.600,263.396,594.513
562.298,1005.152,507.867,807.212,246.244,735.543,263.551,594.509
562.035,1005.114,507.690,807.173,246.312,735.625,263.707,594.473
562.258,1005.297,507.654,807.432,246.293,735.579,263.566,594.485
562.084,1005.112,507.674,807.552,246.439,735.314,263.151,594.564
562.093,1004.905,507.762,807.241,246.376,735.158,263.288,594.429
562.130,1005.312,507.745,806.936,246.539,735.098,263.538,594.607
562.015,1005.057,507.817,807.004,246.429,735.336,263.148,594.555
561.877,1005.007,508.023,806.912,246.299,735.632,263.538,594.598
561.908,1005.153,507.944,807.060,246.589,735.108,263.456,594.603
561.959,1005.069,508.019,806.856,246.424,735.263,263.596,594.720
562.168,1005.196,507.780,807.075,246.424,734.831,263.594,594.935
562.416,1005.694,507.778,807.146,246.645,734.597,263.609,594.716
562.257,1005.256,507.752,807.132,246.351,735.129,263.366,594.934
562.275,1005.282,507.669,807.526,246.370,735.394,263.477,594.957
562.123,1005.172,507.671,807.390,246.321,735.379,263.405,594.849
562.197,1005.219,507.779,807.238,246.332,735.324,263.479,594.945
562.451,1005.483,507.753,807.318,246.319,735.026,263.418,594.769
562.432,1005.595,507.680,807.511,246.455,735.141,263.268,594.776
562.314,1005.334,507.809,807.042,246.666,735.188,263.494,594.786
562.438,1005.467,507.914,807.082,246.615,734.805,263.309,594.852
562.057,1005.183,507.788,807.423,246.207,735.562,263.557,595.099
562.201,1005.213,507.922,807.051,246.518,734.823,263.611,594.877
562.286,1005.258,507.848,807.210,246.459,735.046,263.858,594.940
561.556,1005.047,507.950,806.970,246.039,735.397,263.427,594.785
561.807,1005.293,508.004,806.847,246.028,735.908,263.437,594.941
562.127,1005.246,507.809,807.303,245.836,734.236,263.107,594.825
562.300,1005.464,507.856,807.375,246.136,735.398,263.238,594.831
561.949,1005.346,507.854,807.413,245.955,734.812,263.069,594.803
561.968,1005.448,507.774,807.336,246.358,735.507,262.964,594.672
561.786,1005.050,507.805,807.525,246.397,735.478,263.315,594.880
561.975,1005.208,507.779,807.473,246.426,735.181,263.240,594.851
562.236,1005.368,507.873,807.158,246.311,735.435,263.419,595.160
562.322,1005.399,507.844,807.120,246.183,735.609,263.018,594.984
562.068,1005.227,507.876,807.123,245.991,735.790,263.236,595.066
562.356,1005.446,507.828,807.030,245.828,734.101,263.103,594.804
562.348,1005.402,507.824,807.024,245.739,734.516,263.203,594.921
562.355,1005.733,507.767,807.020,246.117,735.357,263.275,594.972
562.764,1005.733,507.773,807.259,246.036,735.675,263.077,594.860
562.319,1005.357,507.991,806.851,246.285,735.423,262.943,594.822
562.257,1005.351,507.903,807.053,246.275,735.347,263.178,594.860
562.197,1005.332,507.969,807.209,246.313,735.544,263.390,594.906
562.099,1005.197,507.979,807.407,246.326,735.193,263.287,595.095
562.199,1005.223,507.793,807.329,246.113,735.634,263.548,595.125
562.393,1005.532,507.821,807.425,246.072,735.602,263.833,595.236
562.187,1005.307,508.106,806.706,246.088,735.147,264.390,595.687
562.112,1005.030,507.973,806.891,246.435,734.927,264.162,595.277
562.450,1005.291,508.051,807.050,246.544,735.001,264.143,595.266
562.276,1005.402,507.898,807.348,246.278,735.675,263.884,594.932
562.334,1005.349,507.808,807.430,246.227,735.113,264.036,595.002
562.026,1005.485,507.928,807.308,246.264,735.105,264.320,594.805
562.053,1004.990,507.793,807.622,246.311,735.209,264.164,594.938
562.313,1005.307,507.827,807.379,246.219,735.128,264.854,595.129
562.255,1005.410,507.814,807.519,246.202,735.319,264.627,595.263
562.142,1005.513,507.944,807.096,246.116,735.003,265.612,595.365
561.897,1005.493,507.915,807.126,246.224,735.011,265.296,595.109
562.262,1005.156,507.879,807.338,246.168,735.158,264.792,595.103
562.204,1005.294,507.918,807.171,246.054,735.116,264.725,594.946
562.102,1005.339,507.889,807.242,246.290,735.210,264.797,595.035
562.283,1005.323,507.725,807.590,246.104,735.541,265.123,595.219
562.407,1005.549,507.985,807.423,246.138,734.890,265.454,596.037
562.055,1005.462,508.015,807.299,246.034,735.548,265.118,595.284
562.097,1005.390,507.989,807.125,246.369,735.514,265.237,595.205
562.151,1005.728,507.934,807.162,246.502,735.201,265.664,595.805
562.407,1005.497,507.933,807.093,246.216,735.534,266.521,595.540
562.085,1005.228,507.883,807.427,245.984,735.163,268.230,597.029
562.083,1005.075,507.672,807.461,246.045,735.202,268.508,597.199
562.224,1005.092,507.942,807.268,246.173,735.256,268.337,596.790
562.339,1005.142,507.837,807.064,246.210,735.165,266.922,596.081
562.157,1005.251,507.816,807.263,246.216,735.505,268.696,597.070
562.484,1005.413,507.786,807.313,246.434,734.870,269.182,597.310
562.327,1005.334,507.915,806.994,246.146,735.765,268.073,596.453
562.273,1005.302,508.015,807.138,246.036,735.520,266.645,596.224
562.207,1005.123,507.854,807.118,245.830,734.224,266.745,596.054
562.256,1005.230,507.880,807.262,246.130,735.248,266.903,596.685
562.119,1005.187,507.906,807.256,245.781,733.934,267.112,596.222
562.266,1005.365,507.921,807.374,245.982,734.075,268.212,597.536
562.441,1005.593,507.981,807.334,245.886,733.922,269.039,597.888
562.378,1005.626,507.792,806.994,246.234,735.552,268.817,597.723
562.602,1005.735,507.785,807.156,246.102,735.679,268.564,598.123
562.792,1005.688,507.910,807.014,246.249,735.441,268.407,598.741
562.346,1005.384,507.981,807.076,246.346,735.491,268.707,598.653
562.413,1005.677,507.859,807.422,246.368,735.561,269.591,599.038
562.168,1005.386,507.839,807.350,246.324,735.410,269.247,598.901
562.207,1005.210,507.955,807.188,246.365,735.759,269.226,599.224
561.915,1004.931,507.987,807.114,246.309,735.080,269.915,600.118
562.159,1005.209,507.858,807.263,246.193,734.604,269.027,598.797
562.034,1005.113,507.907,807.158,246.254,735.080,268.635,598.094
562.030,1004.906,507.793,807.473,246.146,735.006,268.746,598.131
562.148,1005.506,507.824,807.217,245.933,735.560,269.389,598.326
562.153,1005.346,507.825,807.287,245.914,735.170,269.357,598.593
562.168,1005.099,507.744,807.548,245.844,735.265,270.082,600.038
562.070,1005.094,507.767,807.603,246.241,735.414,270.391,600.076
561.978,1005.207,507.693,807.359,246.369,735.444,269.073,600.072
562.179,1005.422,507.788,807.424,246.272,735.152,269.402,599.727
562.122,1005.050,507.964,807.049,246.027,735.597,269.196,599.712
562.360,1005.196,507.794,807.346,246.064,735.514,269.055,599.430
562.284,1005.225,507.751,807.302,246.252,735.498,269.089,599.674
561.973,1005.093,507.990,807.087,246.051,735.687,269.545,599.440
561.924,1005.346,507.714,807.419,246.287,735.445,270.699,599.425
562.262,1005.314,507.968,807.218,246.365,735.128,270.512,599.386
562.425,1005.335,507.919,807.330,246.280,735.286,270.802,599.397
562.246,1005.178,507.928,807.224,246.312,735.198,270.871,600.042
561.830,1005.104,507.747,807.426,246.391,734.942,271.074,600.652
562.472,1005.601,507.827,807.725,246.390,735.402,271.557,601.239
562.194,1005.263,507.875,807.473,246.316,735.482,271.159,601.139
562.141,1005.236,507.903,807.318,246.241,735.697,270.477,600.713
562.360,1005.330,508.057,807.460,246.326,735.453,270.304,600.843
562.273,1005.018,507.801,807.523,246.336,735.067,269.930,599.899
562.017,1004.980,507.797,807.715,246.315,734.851,269.962,600.523
562.163,1005.167,507.972,807.245,246.139,735.344,270.837,599.933
562.154,1005.082,507.967,807.182,246.079,735.036,270.767,600.549
562.118,1004.881,508.063,806.926,246.085,735.232,271.391,601.403
561.931,1005.066,507.958,807.013,246.058,735.644,270.799,599.833
562.187,1005.154,507.867,807.287,246.116,735.876,270.310,599.788
562.301,1005.229,507.801,806.923,245.803,734.158,269.982,599.583
561.963,1005.182,507.867,807.027,245.972,735.506,269.621,600.069
561.868,1005.337,507.858,806.870,246.154,735.628,270.092,600.298
561.919,1004.879,507.766,807.129,246.115,735.657,271.050,600.085
562.485,1005.302,507.872,807.075,246.257,735.550,270.834,599.513
562.452,1005.466,507.885,806.813,246.295,735.426,270.780,599.681
562.075,1004.979,507.861,807.336,245.910,734.645,270.339,599.682
561.774,1004.666,507.897,807.399,246.342,735.395,270.575,599.575
562.088,1005.360,507.868,807.284,246.096,735.039,270.557,599.681
562.231,1005.437,507.841,807.419,245.944,735.266,271.015,599.652
562.179,1005.399,507.865,807.343,246.248,735.590,271.490,600.592
562.135,1005.178,507.712,807.639,246.162,735.774,272.228,602.053
561.862,1005.149,507.935,807.405,246.185,735.595,271.643,601.759
562.208,1005.177,507.946,807.039,246.168,735.453,270.938,601.898
562.237,1005.122,507.976,807.449,246.162,735.763,270.670,601.577
561.954,1004.689,508.015,807.265,245.966,735.948,270.105,601.016
562.078,1005.299,507.923,807.309,246.071,735.836,269.854,600.964
562.091,1004.845,507.933,807.076,245.662,734.552,269.889,601.020
562.314,1005.127,507.961,807.302,245.812,734.692,270.144,601.080
562.152,1004.989,507.762,807.476,245.858,734.179,269.806,601.471
562.169,1004.925,507.912,807.207,245.788,734.364,269.925,601.283
562.141,1005.099,507.823,807.189,246.035,733.658,269.446,600.676
562.297,1005.246,508.090,806.943,246.078,733.855,269.742,601.453
562.208,1005.168,507.978,807.171,246.102,735.536,270.158,601.697
561.992,1004.945,507.902,807.321,245.833,734.354,270.275,602.280
562.150,1005.110,507.920,807.251,245.816,734.359,270.645,602.574
562.230,1005.030,507.907,807.300,245.726,734.309,269.638,602.296
562.241,1005.093,507.842,807.307,245.849,734.283,270.500,602.758
562.366,1005.011,507.923,807.071,245.568,734.127,270.683,602.415
562.139,1005.076,507.892,807.007,245.811,734.259,270.035,601.422
562.115,1004.998,508.004,806.841,245.905,734.186,270.035,601.404
562.152,1005.054,507.943,806.766,245.902,734.236,270.285,601.465
561.911,1005.396,507.882,807.221,246.296,734.987,270.733,602.732
562.081,1005.235,507.777,807.330,246.206,734.795,270.966,603.338
562.195,1005.244,508.005,807.104,245.905,733.780,270.398,603.508
562.365,1005.319,507.792,807.650,245.869,734.298,270.580,603.779
562.296,1005.350,508.085,806.919,245.621,734.576,270.095,603.300
562.045,1004.988,508.103,807.020,246.220,735.012,269.853,602.859
562.062,1005.144,508.017,807.077,246.332,734.805,269.762,602.477
562.042,1005.040,507.977,806.849,245.815,734.130,270.045,602.832
562.031,1004.985,507.896,807.176,245.607,734.691,270.286,603.030
562.115,1005.193,508.182,806.966,246.061,735.737,270.267,602.283
562.167,1004.917,508.141,806.910,245.912,735.571,269.791,601.935
562.348,1005.290,507.949,806.945,246.020,735.518,269.713,601.634
562.103,1005.328,507.901,807.171,246.159,735.105,270.063,601.717
562.252,1005.178,507.958,806.999,246.305,735.331,271.631,603.800
562.287,1005.333,507.955,807.172,246.400,735.451,271.870,603.659
561.956,1005.712,508.021,807.295,246.182,735.282,271.204,603.901
562.339,1005.484,507.964,807.170,246.122,735.118,270.983,603.496
562.369,1005.418,508.066,807.233,246.317,735.337,269.671,602.734
562.124,1005.006,507.796,807.479,246.161,735.274,269.516,602.437
562.179,1005.165,507.822,807.377,246.119,735.518,269.441,602.897
562.215,1005.043,508.063,806.965,246.130,735.086,270.387,603.404
562.225,1005.098,507.957,807.211,246.094,735.173,270.547,603.691
562.119,1005.176,508.000,807.382,246.173,735.457,270.804,604.196
562.171,1005.285,507.868,807.313,246.126,735.472,270.499,603.986
562.377,1005.520,507.992,807.216,246.440,735.170,270.202,603.865
562.432,1005.451,507.960,807.232,246.400,735.027,270.241,603.826
562.235,1005.326,507.877,807.186,246.589,734.763,269.821,603.654
562.103,1005.433,507.805,807.320,246.407,735.083,268.989,603.451
562.306,1005.486,507.967,807.156,246.448,734.373,269.408,603.055
562.438,1005.505,508.102,806.998,246.144,735.217,269.935,602.653
562.378,1005.387,507.791,807.541,246.033,735.094,270.768,603.217
562.167,1005.167,507.927,807.257,246.187,734.823,270.288,603.724
562.350,1005.149,507.927,807.408,246.278,734.956,270.078,603.587
562.202,1005.380,507.970,807.213,246.144,735.454,269.750,603.487
562.025,1005.239,507.997,807.252,246.203,735.151,269.504,603.401
562.110,1005.022,507.918,807.223,246.077,735.258,269.598,603.279
562.133,1005.124,508.032,807.023,246.100,735.424,269.549,603.109
562.226,1005.235,507.955,807.069,246.119,735.078,270.713,603.970
562.445,1005.376,507.968,807.036,246.288,735.141,271.255,604.425
562.174,1005.162,508.041,807.228,246.275,735.413,270.925,604.522
562.413,1005.224,507.886,807.228,246.288,735.073,271.133,604.736
562.238,1005.384,507.863,807.335,246.277,735.188,271.308,604.539
562.482,1005.411,507.802,807.319,246.342,735.453,270.809,604.750
562.317,1005.351,508.267,806.955,246.219,735.643,271.241,604.542
562.286,1005.285,507.939,807.251,246.151,735.242,270.445,604.307
562.338,1005.284,507.968,807.181,246.394,735.096,270.612,604.163
562.520,1005.414,508.018,807.211,246.141,735.083,270.956,604.375
562.378,1005.374,507.879,807.588,246.139,735.224,270.990,604.400
562.159,1005.336,507.886,807.476,245.926,734.104,270.569,604.228
562.294,1005.370,508.007,807.362,246.003,733.613,271.638,605.022
562.247,1005.434,507.972,807.199,246.116,733.514,271.800,605.153
562.236,1005.465,507.981,807.214,245.901,733.646,271.487,605.124
561.883,1005.301,507.982,807.270,246.060,734.744,270.686,605.942
562.342,1005.485,508.210,807.042,246.011,734.899,271.162,605.914
562.261,1005.232,508.064,807.060,246.180,734.817,271.475,606.343
562.337,1005.358,507.942,807.320,246.206,734.636,271.040,606.629
562.283,1005.374,508.142,806.987,246.263,734.857,270.718,606.711
562.260,1005.381,508.037,807.136,246.307,735.308,271.342,606.352
562.376,1005.501,508.206,806.944,246.361,735.206,271.107,606.380
562.318,1005.500,507.937,807.343,246.207,735.409,270.505,606.489
562.273,1005.489,507.950,807.313,246.230,735.794,270.417,606.183
561.844,1005.302,507.950,807.386,246.070,735.427,270.733,606.906
561.692,1005.132,507.889,807.380,245.942,735.385,271.005,606.493
562.339,1005.405,507.969,807.073,246.121,735.531,270.008,606.772
562.017,1005.458,507.865,807.558,246.169,735.441,269.749,606.108
562.276,1005.161,508.059,807.329,245.999,734.481,269.976,606.281
562.274,1005.383,508.048,807.187,246.443,735.411,270.926,606.530
562.223,1005.413,508.026,807.478,245.921,735.218,268.702,606.815
562.365,1005.293,507.944,807.324,246.222,734.877,269.842,607.082
561.946,1005.157,508.117,806.910,245.673,733.974,270.491,607.222
562.288,1005.164,508.130,806.898,246.042,734.688,270.576,607.457
562.252,1005.210,508.215,806.818,246.202,734.968,270.283,607.348
561.983,1005.426,507.952,807.287,246.011,734.880,270.101,606.955
562.225,1005.613,508.039,807.121,246.188,735.482,270.810,607.538
562.339,1005.630,507.761,807.599,246.073,735.530,270.795,607.649
562.091,1005.308,507.842,807.338,246.021,735.584,270.422,607.598
562.398,1005.601,507.856,807.512,246.025,735.080,270.420,607.317
562.159,1005.219,507.898,807.429,246.081,735.166,271.025,606.706
562.169,1005.153,507.753,807.620,246.179,735.486,271.860,606.523
562.067,1004.961,507.840,807.597,246.194,735.275,272.463,606.633
562.080,1005.118,507.912,807.406,246.202,735.548,273.453,606.375
562.162,1005.259,507.905,807.208,246.167,735.858,273.545,606.958
562.135,1005.389,508.013,807.488,246.042,735.898,273.485,606.951
562.130,1005.899,507.982,807.442,246.216,735.330,272.191,607.025
562.137,1005.365,507.940,807.534,246.254,735.433,271.935,607.788
561.945,1005.109,507.986,807.405,246.453,735.224,271.260,607.043
562.120,1005.276,507.957,807.642,246.609,735.252,271.093,606.536
561.967,1005.282,507.846,807.437,246.543,735.217,271.741,606.968
562.082,1005.157,507.934,807.453,246.485,735.221,272.759,607.078
562.370,1005.579,507.819,807.466,246.379,735.270,272.968,607.945
562.343,1005.518,507.971,807.354,246.470,735.200,272.227,608.011
562.320,1005.665,507.930,807.378,246.335,735.718,272.414,607.331
562.461,1005.597,507.924,807.507,246.452,735.385,272.892,607.645
562.173,1005.030,508.029,807.441,246.178,735.296,272.572,607.809
561.977,1004.860,507.962,807.176,246.333,735.392,272.715,606.925
562.285,1005.073,508.091,806.919,246.301,735.297,273.631,607.136
561.820,1004.849,508.012,807.546,246.422,735.006,273.621,608.952
562.021,1004.851,508.004,807.273,246.287,735.108,273.165,608.341
562.105,1004.961,508.106,807.153,246.225,734.964,272.275,608.027
562.199,1004.924,507.959,807.321,246.407,734.948,272.614,607.736
562.347,1005.266,507.967,807.155,246.303,735.087,272.922,607.569
562.347,1005.421,508.084,806.899,246.347,735.069,273.607,607.707
562.075,1005.194,508.105,807.133,246.303,735.394,273.438,607.320
562.355,1005.191,507.928,807.362,246.306,735.242,274.159,608.133
562.151,1005.299,508.025,807.197,246.327,735.168,273.855,608.551
561.916,1004.994,507.963,807.293,246.241,735.383,273.034,608.131
562.227,1005.231,508.077,807.462,246.197,735.338,272.392,608.306
562.241,1005.374,508.102,807.361,246.316,734.977,272.571,608.261
562.296,1005.326,508.002,807.472,246.189,735.152,272.306,607.858
562.260,1005.099,507.976,807.285,246.303,734.855,272.447,607.862
562.332,1005.254,508.160,807.285,246.013,735.316,273.400,608.344
562.112,1004.991,508.272,806.836,246.186,734.927,273.721,608.177
562.419,1005.348,508.231,806.899,246.192,735.160,273.491,607.558
562.031,1004.977,507.968,807.441,246.292,735.217,272.999,607.392
562.070,1004.948,507.915,807.255,246.234,735.418,272.270,607.407
562.093,1005.260,507.982,807.433,246.248,735.160,272.075,606.910
562.373,1005.385,507.992,807.407,246.221,735.334,272.019,606.860
562.130,1005.201,508.045,807.358,246.350,735.260,271.933,606.648
562.229,1005.211,507.938,807.351,246.256,735.089,271.724,606.835
562.185,1005.088,507.959,807.346,246.288,735.644,271.634,606.772
562.036,1005.008,508.072,807.298,246.287,735.653,271.699,606.834
562.078,1005.139,508.027,807.072,246.446,735.286,271.896,607.031
562.296,1005.341,508.174,807.391,246.261,735.374,272.069,606.734
562.290,1005.554,508.043,807.257,246.202,735.249,271.928,606.545
562.054,1005.357,508.229,807.050,246.189,734.943,272.344,606.138
561.961,1005.392,508.105,806.988,246.121,735.088,272.868,606.266
561.997,1005.047,508.067,807.383,246.225,735.573,273.005,606.745
561.958,1004.979,508.080,807.091,246.279,735.578,273.266,607.670
562.145,1005.269,507.931,807.356,246.227,735.687,272.313,606.809
562.134,1005.086,507.862,807.443,246.316,735.422,272.312,606.700
562.043,1005.353,507.965,807.488,246.363,735.162,272.856,605.979
561.996,1005.394,507.970,807.484,246.324,735.194,273.086,605.793
562.241,1005.137,507.986,807.434,246.297,734.655,272.286,605.963
562.269,1005.617,508.013,807.399,246.313,735.303,272.433,605.917
562.336,1005.536,507.888,807.657,246.136,734.730,272.125,605.295
562.185,1005.273,507.792,807.694,246.138,735.374,273.226,606.290
562.299,1005.179,507.923,807.695,246.281,735.115,273.316,607.070
562.313,1004.978,507.715,807.708,246.168,735.124,273.390,606.930
562.277,1005.293,507.874,807.520,246.200,735.157,272.687,606.718
562.285,1005.167,507.840,807.512,246.239,735.131,272.096,606.378
562.270,1005.261,507.945,807.364,246.248,735.139,272.214,606.811
562.305,1005.472,507.898,807.464,246.001,733.816,272.104,606.364
562.244,1005.317,508.074,807.318,245.917,733.689,272.066,607.004
562.238,1005.179,507.998,807.231,246.147,735.459,272.501,606.880
562.120,1005.034,508.017,807.298,246.144,735.381,272.111,606.614
562.253,1005.330,508.010,807.510,246.358,734.440,271.891,606.681
562.388,1005.507,507.911,807.579,246.252,735.030,272.353,606.668
562.348,1005.286,507.734,807.668,246.405,734.623,272.541,607.305
562.182,1005.259,507.801,807.548,246.298,734.923,272.140,608.381
562.104,1004.956,507.765,807.584,245.962,733.846,271.700,607.438
561.931,1004.690,507.926,807.451,246.304,734.943,272.275,606.390
562.157,1004.870,507.888,807.642,246.233,735.064,272.459,607.648
562.223,1005.421,507.897,807.637,246.068,735.639,271.794,606.715
561.833,1005.084,507.949,807.550,246.044,735.585,272.100,607.250
562.220,1005.061,507.832,807.609,246.125,735.490,272.461,607.182
561.967,1005.038,507.851,807.475,246.186,735.313,272.653,606.888
562.129,1005.004,507.966,807.474,246.442,734.965,272.881,608.371
562.084,1005.008,507.964,807.460,246.222,735.032,273.017,608.161
562.064,1005.107,508.124,807.063,246.111,735.165,272.100,608.019
562.020,1005.137,508.066,807.270,246.389,735.226,271.370,608.125
562.055,1005.181,508.065,807.193,246.290,735.151,271.078,607.266
562.010,1005.443,508.067,807.453,246.160,735.476,271.117,606.568
562.343,1005.521,508.128,807.160,246.165,735.397,271.018,607.160
562.125,1005.249,508.041,807.418,246.189,735.049,270.922,607.508
562.220,1005.451,508.003,807.477,246.255,735.375,271.007,607.148
561.838,1005.207,507.964,807.339,246.267,734.877,271.338,606.464
561.995,1005.008,507.878,807.511,246.439,734.789,271.584,606.534
562.132,1005.308,508.130,807.324,246.220,735.500,272.145,607.021
562.130,1005.361,508.152,807.285,246.310,735.562,271.621,606.860
562.156,1005.263,508.095,807.267,246.382,735.071,270.515,605.815
562.279,1005.354,508.038,807.213,246.157,734.963,270.392,606.167
562.298,1005.494,508.072,807.591,246.147,735.329,270.176,606.004
562.336,1005.228,507.941,807.318,246.190,735.747,271.806,606.809
562.328,1005.181,508.163,807.201,246.397,734.870,271.337,606.113
562.337,1005.531,507.952,807.418,246.186,735.060,271.498,607.001
561.839,1005.310,508.029,807.321,246.237,734.821,270.633,606.508
561.979,1005.261,508.162,807.367,246.306,735.380,270.738,606.300
561.789,1005.106,507.993,807.301,246.344,735.242,270.238,607.463
561.913,1005.091,507.976,807.271,246.361,734.708,269.963,607.569
562.018,1005.306,507.906,807.433,246.451,734.770,270.729,607.125
562.209,1005.159,507.861,807.557,246.241,735.227,271.205,607.345
562.311,1005.280,507.784,807.512,246.424,734.707,271.225,607.419
562.251,1005.154,507.915,807.274,246.277,735.229,270.843,607.387
562.438,1005.272,507.923,807.254,246.229,734.905,270.479,607.668
562.264,1005.203,507.915,807.502,246.189,735.251,270.291,607.497
562.133,1005.043,507.953,807.470,246.579,735.162,270.843,608.226
562.118,1005.519,508.174,807.219,246.599,734.561,270.993,608.040
561.947,1005.120,508.150,807.177,246.196,734.866,271.155,607.454
562.159,1005.295,508.052,807.140,246.296,734.836,270.810,607.511
562.031,1005.559,507.995,807.400,246.092,735.131,271.103,607.523
562.193,1005.336,507.901,807.584,246.195,734.693,271.602,607.603
562.140,1005.359,507.893,807.645,246.187,734.698,271.535,607.760
562.205,1005.278,507.887,807.645,246.264,734.903,271.133,608.327
561.903,1004.960,508.153,807.123,246.169,735.285,270.792,607.964
562.054,1005.352,508.146,807.022,246.340,735.072,271.542,608.758
562.294,1005.347,507.993,807.570,246.289,735.191,270.662,608.348
562.222,1005.146,508.108,807.397,246.355,735.178,270.536,608.281
562.046,1005.369,508.200,807.336,246.390,735.228,271.418,609.454
562.206,1005.332,508.141,807.207,246.157,735.516,271.970,609.948
562.172,1005.171,508.167,807.285,246.278,735.181,270.888,607.634
562.322,1005.133,508.058,807.531,246.233,735.172,272.111,609.558
562.216,1005.385,508.071,807.509,246.254,735.264,271.630,609.435
562.102,1005.138,508.129,807.562,246.340,735.560,271.314,608.454
562.359,1005.614,508.067,807.490,246.313,735.751,270.597,606.615
562.198,1005.373,508.226,807.425,246.206,735.463,271.066,607.833
562.192,1005.309,508.069,807.606,246.262,735.251,269.764,607.129
562.270,1005.466,507.967,807.731,246.399,735.165,271.385,608.374
562.321,1005.812,508.115,807.532,246.194,735.353,271.780,609.618
562.290,1005.356,508.008,807.560,245.952,735.052,271.752,609.954
562.430,1005.384,507.974,807.746,246.180,734.990,271.097,608.470
561.986,1005.170,508.131,807.404,245.874,734.531,272.097,610.012
562.197,1005.331,508.051,807.418,246.110,735.573,272.114,609.858
561.984,1004.915,507.943,807.678,245.986,735.398,271.536,608.289
562.294,1005.080,507.935,807.568,246.237,734.810,272.645,609.947
562.177,1005.220,508.040,807.292,246.262,735.566,272.127,608.854
561.810,1005.183,507.994,807.659,246.197,735.079,272.060,607.770
562.129,1005.354,508.032,807.497,246.205,735.260,272.613,610.475
562.106,1005.146,507.957,807.510,246.127,735.539,272.563,609.836
562.268,1005.172,508.037,807.308,246.175,735.133,270.842,607.339
562.268,1004.961,508.156,807.177,246.163,735.289,272.217,608.426
562.092,1004.988,508.028,807.503,246.130,735.336,272.541,608.326
561.963,1005.271,508.068,807.296,246.304,735.297,273.779,608.862
562.307,1005.634,508.009,807.513,246.110,735.246,273.191,608.598
562.185,1005.161,507.970,807.384,246.177,735.175,273.791,607.417
562.305,1005.124,508.055,807.492,246.176,735.214,274.583,607.230
562.047,1004.891,508.034,807.361,246.091,734.013,274.854,607.089
562.113,1005.121,508.115,807.233,246.311,735.184,275.038,607.001
562.145,1005.094,508.030,807.316,246.287,735.120,274.665,606.647
562.305,1005.244,508.001,807.368,246.201,735.750,273.681,606.164
562.288,1005.179,508.141,807.290,246.195,735.203,272.828,605.992
562.180,1005.120,508.130,807.307,246.278,734.875,271.797,605.584
562.086,1004.994,507.979,807.520,246.066,735.413,271.524,605.737
562.179,1005.082,508.134,807.117,246.264,735.639,271.467,605.324
562.351,1005.576,508.117,807.261,246.166,735.409,271.346,605.418
562.278,1005.666,508.061,807.393,246.057,735.602,271.090,605.506
562.211,1005.316,508.046,807.278,246.119,735.938,270.879,605.620
562.163,1005.221,508.066,807.401,246.127,735.242,270.610,605.405
562.316,1005.486,508.171,807.224,246.239,735.336,270.739,605.780
561.915,1004.961,508.063,807.241,246.303,735.183,270.922,605.600
562.185,1005.210,508.016,807.528,246.157,735.276,271.018,605.714
562.313,1005.093,508.062,807.462,246.192,735.544,270.942,605.799
562.139,1005.072,507.968,807.605,246.058,735.498,271.353,605.974
562.220,1005.312,507.978,807.193,246.139,735.693,271.366,605.785
562.198,1005.094,508.359,806.953,246.236,735.347,271.967,605.911
562.268,1005.132,508.394,806.895,246.472,735.318,271.671,605.847
562.386,1005.297,508.130,807.535,246.913,734.799,271.218,605.385
562.151,1005.044,507.977,807.423,246.737,734.930,271.414,605.826
562.017,1005.134,508.040,807.456,246.332,735.512,271.915,605.923
562.384,1005.294,507.853,807.747,246.529,735.032,271.903,606.040
562.093,1005.216,507.994,807.442,246.345,735.787,272.295,606.287
562.154,1005.149,508.092,807.297,246.379,735.544,271.971,606.069
562.114,1005.500,508.092,807.072,246.281,735.340,273.062,606.344
562.134,1005.382,508.030,807.365,246.205,735.595,272.678,605.884
562.339,1005.340,508.017,807.259,246.267,735.606,272.430,605.838
562.399,1005.567,508.018,807.476,246.203,735.426,271.839,605.696
562.242,1005.330,508.148,807.128,246.318,735.524,272.237,605.978
562.197,1005.501,508.032,807.378,246.397,735.294,271.634,605.817
562.340,1005.592,508.104,807.337,246.439,735.412,271.815,605.729
562.503,1005.370,507.959,807.369,246.450,735.273,272.229,606.041
562.391,1005.327,507.959,807.550,246.393,735.505,272.567,606.081
562.294,1005.376,508.150,807.425,246.455,735.525,272.286,605.576
562.319,1005.300,507.955,807.450,246.482,735.377,272.534,605.793
562.199,1005.496,508.101,807.074,246.376,735.067,272.711,605.902
562.140,1005.513,508.161,807.187,246.491,735.557,272.260,605.851
562.321,1005.247,508.053,807.178,246.236,734.953,271.630,605.387
562.295,1005.319,508.189,807.168,246.276,735.161,271.104,605.277
562.275,1004.997,508.110,807.244,246.233,735.181,271.732,605.580
562.157,1005.115,508.086,807.479,246.558,735.141,272.534,605.990
561.965,1005.370,508.012,807.603,246.459,735.370,272.331,605.726
562.266,1005.309,507.979,807.405,246.285,735.803,272.634,606.105
562.327,1005.537,508.049,807.475,246.301,735.888,272.200,605.941
561.830,1005.012,508.054,807.216,246.332,735.438,272.807,605.773
562.126,1004.956,508.084,807.274,246.296,735.544,273.120,605.935
562.156,1004.940,508.256,807.117,246.220,735.850,272.266,605.829
562.252,1005.237,508.243,807.019,246.184,735.608,272.233,605.755
562.177,1005.168,508.157,807.280,246.222,735.704,272.100,605.934
562.408,1005.127,508.094,807.321,246.269,735.673,272.000,606.086
562.278,1004.987,508.186,807.060,245.951,734.773,272.926,606.245
562.325,1005.143,508.080,807.374,246.204,735.937,274.290,606.532
562.395,1005.135,508.249,807.150,246.409,735.979,274.245,606.357
562.543,1005.433,508.170,807.337,246.467,735.519,274.309,606.388
562.408,1005.309,507.945,807.727,246.010,735.876,274.147,606.455
561.982,1004.948,508.134,807.315,246.365,735.729,273.979,606.266
561.806,1004.931,508.173,807.284,246.377,735.945,273.933,606.258
562.094,1005.238,507.976,807.454,246.445,735.897,273.876,606.118
562.124,1005.233,508.156,807.231,246.480,735.204,273.977,606.842
562.160,1005.311,508.133,807.428,246.489,735.234,273.218,606.795
562.071,1005.398,508.152,807.361,246.577,734.867,273.469,606.579
562.073,1005.121,508.204,807.173,246.372,735.346,273.859,606.281
561.930,1005.582,508.088,807.355,246.329,735.302,273.236,605.439
562.198,1005.466,508.196,807.453,246.220,735.029,273.119,606.104
562.375,1005.342,508.230,807.277,246.360,735.237,273.499,606.529
562.465,1005.320,508.346,807.137,246.273,735.441,273.632,606.829
562.112,1005.588,508.248,807.621,246.158,734.608,273.952,606.515
562.298,1005.396,508.117,807.598,246.282,735.064,273.580,607.611
562.038,1005.635,508.053,807.262,246.362,734.737,272.864,607.323
562.196,1005.589,508.109,807.151,246.358,734.977,272.685,607.068
562.220,1005.620,508.127,807.216,246.338,735.106,273.559,606.414
562.174,1005.674,508.121,807.362,246.421,735.469,273.722,606.767
562.159,1005.301,508.238,807.105,246.452,735.232,272.984,606.960
562.116,1005.448,508.146,807.148,246.581,734.839,272.733,607.288
562.198,1005.598,508.207,807.117,246.398,734.941,272.398,606.991
562.236,1005.586,508.174,807.398,246.484,735.030,273.064,607.273
562.385,1005.503,508.410,807.116,246.256,735.179,272.937,607.848
562.272,1005.183,508.118,807.339,246.268,734.896,273.162,606.720
562.408,1005.450,508.290,807.158,246.225,735.342,273.462,606.909
561.910,1005.349,508.111,807.631,246.334,735.123,272.693,606.817
562.043,1005.163,507.976,807.623,246.432,734.915,272.461,606.618
562.030,1005.159,508.142,807.478,246.222,735.335,273.169,606.083
562.085,1005.556,508.045,807.565,246.255,735.160,274.518,606.406
562.350,1005.219,508.066,807.485,246.632,735.165,275.348,607.609
562.256,1005.081,508.026,807.574,246.630,735.041,273.803,607.868
561.844,1005.045,508.108,807.497,246.108,735.168,273.782,607.059
561.817,1005.105,508.162,807.313,246.196,734.935,272.882,607.137
562.132,1005.473,508.047,807.614,246.287,734.863,273.406,606.891
561.993,1005.199,508.124,807.335,246.488,735.356,274.100,606.303
562.057,1005.134,507.998,807.562,246.403,734.930,274.003,606.588
562.186,1005.219,508.110,807.298,246.552,734.863,275.172,606.273
562.223,1005.291,508.077,807.483,246.156,735.292,275.477,606.246
562.267,1005.360,508.118,807.196,246.284,734.961,276.426,607.513
562.246,1005.152,508.085,807.294,246.377,735.121,276.014,607.940
562.398,1005.401,508.327,806.991,246.588,734.559,275.883,608.967
562.381,1005.296,508.348,807.291,246.450,734.850,276.053,609.681
562.329,1005.186,508.173,807.248,246.182,735.150,276.370,610.176
562.143,1005.364,508.318,807.283,246.116,735.343,277.987,610.425
562.097,1005.351,508.252,807.142,246.221,735.342,278.981,610.814
562.062,1005.543,508.088,807.619,246.147,735.700,279.405,610.811
562.192,1005.301,508.038,807.480,246.429,735.255,278.512,608.643
561.850,1005.343,508.022,807.602,246.227,735.264,279.620,609.923
562.389,1005.547,508.183,807.431,246.505,734.986,275.850,608.652
562.280,1005.376,508.148,807.273,246.485,735.047,275.973,608.834
562.328,1005.366,508.138,807.102,246.516,735.354,276.901,608.867
561.863,1005.228,508.233,807.185,246.424,735.089,275.904,608.740
562.111,1005.356,508.049,807.545,246.514,735.073,275.383,609.039
561.910,1005.359,508.289,807.322,246.371,735.269,275.330,608.723
561.686,1005.122,508.296,807.148,246.347,735.556,276.044,608.348
561.997,1005.129,507.924,807.444,246.386,735.472,276.405,608.852
561.562,1005.197,508.050,807.395,246.364,735.346,275.729,609.095
561.986,1005.168,508.262,806.900,245.795,734.435,275.338,609.022
562.145,1005.640,508.151,807.304,246.129,735.780,274.856,609.303
562.137,1005.650,508.052,807.310,246.147,735.448,274.968,608.244
562.158,1005.753,508.156,807.112,246.314,735.430,278.234,610.869
562.202,1005.561,508.536,806.835,246.044,735.235,279.352,610.915
562.201,1005.335,508.392,807.186,246.513,734.962,276.283,608.708
561.859,1005.217,508.459,807.125,246.415,734.954,275.897,608.262
562.109,1005.653,508.302,806.986,246.134,735.131,277.141,608.576
561.961,1005.394,508.115,807.322,246.087,735.098,277.271,608.648
562.163,1005.420,508.235,807.207,246.251,735.581,279.087,610.397
562.333,1005.623,508.135,807.269,246.273,735.538,278.035,609.292
562.552,1005.874,508.164,807.302,246.176,735.313,275.249,608.300
562.431,1005.790,508.181,807.236,246.207,735.320,274.819,608.152
562.261,1005.963,508.150,807.636,246.254,735.282,275.982,608.576
562.274,1005.854,508.143,807.533,246.119,735.440,275.768,608.353
562.302,1005.805,508.004,807.566,246.117,734.926,277.918,608.688
562.318,1005.879,508.135,807.128,246.210,734.798,279.621,610.387
562.539,1005.933,508.139,807.293,246.295,735.239,279.506,610.319
562.365,1005.701,508.114,807.419,246.647,734.777,276.388,608.446
562.218,1005.448,508.133,807.508,246.542,734.796,276.379,608.481
562.177,1005.504,508.157,807.589,246.460,735.257,275.228,608.292
562.006,1005.578,508.225,807.631,246.333,735.509,276.122,608.601
562.187,1005.193,508.061,807.414,246.185,735.724,274.989,608.657
562.079,1005.295,508.113,807.597,246.200,735.702,277.364,609.864
562.479,1005.400,508.153,807.433,246.244,735.540,275.803,608.692
562.139,1005.740,508.321,807.182,246.202,735.432,276.090,608.938
562.468,1005.456,508.130,807.524,246.358,735.006,276.057,608.562
562.370,1005.545,508.176,807.313,246.337,735.240,277.361,609.374
562.361,1005.864,508.083,807.376,246.358,734.929,276.591,609.085
561.909,1005.264,508.161,807.314,246.185,735.092,276.371,608.591
562.054,1004.990,508.222,807.316,246.351,734.812,275.654,608.486
562.261,1005.606,508.201,807.070,246.148,734.698,275.469,608.285
562.209,1005.570,508.110,807.382,246.235,734.820,276.048,608.128
562.306,1005.709,508.024,807.401,246.083,735.356,275.507,608.136
562.271,1005.569,507.929,807.401,246.269,735.317,276.056,608.161
562.077,1005.530,508.294,807.112,246.133,735.096,275.973,608.089
562.049,1005.604,508.418,806.878,246.110,735.051,275.737,607.235
562.228,1005.482,508.370,807.006,246.101,735.422,276.181,607.962
562.337,1005.477,508.278,807.007,246.208,735.258,276.569,608.069
562.154,1005.279,508.086,807.448,246.152,735.383,279.430,609.329
562.090,1005.226,508.282,807.215,246.265,735.277,280.018,609.500
562.273,1005.389,508.414,807.366,246.203,735.238,280.367,610.605
562.253,1005.228,508.405,807.204,246.197,735.306,280.172,610.538
562.471,1005.758,508.398,807.271,246.229,735.429,279.721,609.853
562.416,1005.676,508.249,807.069,246.359,735.429,280.096,610.193
562.425,1005.556,508.225,807.141,246.334,735.607,280.080,610.262
562.127,1005.481,508.140,807.110,246.191,735.513,280.297,610.225
562.242,1005.410,508.093,807.179,246.284,735.698,278.630,610.413
562.423,1005.739,508.079,807.376,246.130,735.115,276.710,609.755
562.245,1005.568,508.292,807.017,246.292,735.031,277.790,609.134
562.056,1005.582,508.308,807.115,246.027,734.222,279.794,610.182
562.242,1005.436,508.289,807.081,246.077,734.163,279.226,610.299
562.131,1005.482,508.153,807.150,246.237,735.404,279.059,610.317
561.927,1005.239,508.206,807.175,246.284,735.376,278.066,609.768
561.995,1005.552,508.206,807.101,246.211,735.305,277.743,609.414
561.910,1005.275,508.191,807.076,246.265,735.775,277.031,608.790
562.227,1005.635,508.287,807.070,246.222,735.428,276.727,608.464
562.015,1005.544,508.461,806.742,246.190,735.337,276.416,608.061
562.179,1005.942,508.543,806.937,246.118,735.332,275.896,608.648
562.205,1005.560,508.189,807.168,246.149,735.461,276.009,608.689
562.120,1005.559,508.357,806.917,246.084,735.720,275.759,608.724
562.268,1005.681,508.178,807.199,246.121,735.390,276.265,608.078
562.129,1005.776,508.288,807.012,245.984,735.368,277.514,607.702
562.271,1005.398,508.290,807.076,246.267,735.215,279.130,609.019
562.253,1005.524,508.383,807.290,246.218,735.078,279.549,610.316
562.359,1005.445,508.157,807.607,246.136,734.480,276.066,609.402
562.400,1005.444,508.278,807.370,246.241,734.780,275.094,608.273
561.964,1005.105,508.398,806.821,246.302,735.111,276.156,608.337
562.259,1005.545,508.388,807.130,246.283,735.150,277.281,608.717
561.979,1005.620,508.136,807.303,246.328,735.123,276.174,608.558
562.395,1005.394,508.156,807.144,246.337,734.863,275.709,608.786
562.019,1005.636,508.180,807.248,246.380,734.850,275.805,608.807
562.095,1005.375,508.112,807.399,246.291,734.791,277.457,608.656
561.972,1005.353,508.273,807.059,246.346,735.305,276.372,608.584
562.087,1005.261,508.329,807.007,246.277,735.333,276.470,609.169
562.054,1005.373,508.341,807.218,246.466,735.149,275.619,609.265
561.894,1005.301,508.400,807.030,246.384,735.544,276.327,608.917
562.091,1005.383,508.462,806.996,246.344,735.324,276.469,607.885
562.099,1005.408,508.362,807.212,246.347,735.425,275.847,608.005
562.120,1005.259,508.227,807.231,246.267,735.157,275.776,607.700
562.162,1005.234,508.510,806.942,246.137,735.263,275.198,608.129
562.186,1005.404,508.106,807.342,246.107,735.700,276.733,607.542
562.242,1005.642,508.327,806.967,246.203,735.016,276.694,606.775
561.875,1005.275,508.451,806.723,246.208,735.780,276.532,606.910
562.004,1005.429,508.339,806.772,246.240,735.521,276.116,606.487
562.461,1005.783,508.326,806.987,246.344,735.274,277.309,607.013
562.329,1005.717,508.295,807.015,246.324,735.183,276.364,606.455
562.074,1005.263,508.528,806.484,246.259,735.437,276.776,607.221
561.815,1005.408,508.308,806.968,246.297,735.363,276.621,607.823
562.259,1005.193,508.473,806.898,246.517,735.091,277.688,608.271
562.314,1005.331,508.376,807.006,246.474,735.018,277.898,607.972
562.220,1005.231,508.578,806.549,246.219,735.207,276.743,606.706
562.159,1005.266,508.481,806.597,246.329,735.028,278.782,608.168
562.243,1005.380,508.541,806.814,246.282,735.326,280.357,609.966
562.067,1005.220,508.414,806.936,246.374,735.026,280.440,610.293
562.387,1005.227,508.408,806.946,246.478,734.759,280.122,610.153
562.098,1005.267,508.433,806.984,246.714,735.016,279.311,609.255
562.148,1005.292,508.178,807.142,246.346,735.337,279.247,608.699
562.344,1005.416,508.379,807.052,246.283,735.107,279.148,609.066
562.168,1005.369,508.304,807.019,246.326,734.945,278.138,609.235
562.082,1005.265,508.225,807.346,246.241,735.508,277.052,609.070
562.133,1005.124,508.413,807.090,246.264,735.530,276.352,609.099
562.336,1005.268,508.367,807.117,246.196,735.431,275.302,608.828
562.347,1005.260,508.422,806.804,246.303,735.502,274.904,608.862
562.025,1005.021,508.312,807.131,246.401,735.058,274.783,608.260
562.099,1005.309,508.482,806.850,246.297,735.201,273.548,607.623
562.314,1005.476,508.364,807.207,246.370,735.431,274.742,607.421
562.254,1005.261,508.490,806.937,246.428,735.281,275.248,607.306
562.397,1005.697,508.412,806.985,246.257,735.067,275.400,607.555
562.110,1005.489,508.448,807.036,246.201,735.108,275.285,607.172
561.996,1005.138,508.393,806.978,246.252,734.719,275.429,607.105
561.984,1004.949,508.316,807.232,246.184,735.526,275.825,607.344
561.967,1005.157,508.336,807.142,246.002,735.376,275.493,607.325
562.018,1005.248,508.187,807.106,246.101,734.934,275.367,607.767
561.955,1005.104,508.204,807.049,246.147,734.672,276.020,607.613
561.945,1005.285,508.256,806.852,246.272,735.104,275.714,607.857
561.920,1005.179,508.397,806.979,246.229,735.064,275.486,607.773
562.184,1005.429,508.417,807.174,246.317,735.349,275.605,607.812
562.257,1005.499,508.360,807.073,246.319,735.325,275.480,607.048
561.969,1005.181,508.374,807.151,246.352,734.983,276.241,607.728
561.914,1005.190,508.363,807.229,246.309,735.267,276.312,608.325
562.241,1005.573,508.375,807.490,246.327,735.364,276.321,608.772
561.908,1005.244,508.252,807.361,246.318,734.929,275.891,608.125
562.063,1005.227,508.282,807.421,246.343,735.130,274.605,608.011
562.282,1005.117,508.310,807.154,246.323,734.801,275.967,608.006
562.294,1005.341,508.161,807.438,246.346,735.145,275.858,607.355
562.195,1005.127,508.255,807.491,246.373,735.495,276.436,607.662
562.255,1005.072,508.273,807.425,246.349,734.979,276.682,607.900
562.337,1005.015,508.288,807.135,246.282,735.086,277.164,608.342
562.202,1005.437,508.337,807.069,246.373,734.761,276.220,608.360
562.021,1005.194,508.162,807.480,246.267,735.057,274.298,607.626
562.055,1005.510,508.286,807.342,246.542,734.799,275.090,607.770
561.964,1005.215,508.392,807.194,246.151,735.565,275.582,607.918
562.227,1005.518,508.357,807.439,246.282,735.519,276.458,607.769
562.162,1005.367,508.474,807.123,246.171,734.935,276.265,608.512
562.187,1005.779,508.251,807.430,246.137,734.436,275.231,609.215
562.030,1005.665,508.412,807.384,246.125,734.695,274.107,608.559
562.239,1005.665,508.095,807.448,246.473,734.277,274.909,608.686
562.136,1005.568,507.933,807.380,245.932,734.599,275.513,608.214
562.540,1005.690,508.294,807.306,246.198,735.075,275.602,607.872
562.437,1005.620,508.218,807.480,246.334,734.861,276.010,608.319
562.072,1005.574,508.436,807.331,246.297,734.622,275.894,609.241
562.227,1005.647,508.181,807.512,246.325,734.623,275.776,609.718
562.044,1005.489,508.270,807.186,246.208,733.226,275.500,609.066
561.996,1005.482,508.299,807.258,246.116,733.366,275.821,608.400
562.399,1005.681,508.554,806.955,246.274,734.922,276.723,608.441
561.994,1005.574,508.253,807.481,246.265,734.600,276.610,607.949
562.410,1005.659,508.407,807.287,246.329,735.051,277.300,608.063
562.325,1005.506,508.319,807.263,246.401,735.180,277.170,607.909
562.645,1005.809,508.324,807.221,246.330,735.084,277.581,608.217
562.117,1005.477,508.189,807.141,246.349,734.597,277.854,607.201
562.345,1005.947,508.247,807.336,246.455,734.627,277.706,607.503
562.300,1005.720,508.384,807.131,246.457,735.041,277.115,607.298
562.322,1005.904,508.193,807.377,246.358,735.067,277.063,607.434
562.317,1005.622,508.343,807.212,246.431,735.224,275.505,607.347
562.236,1005.491,508.268,807.161,246.405,735.402,274.919,607.102
562.291,1005.517,508.276,807.440,246.389,735.014,275.471,607.444
562.239,1005.530,508.260,807.263,246.340,735.393,276.320,607.690
562.334,1005.464,508.107,807.446,246.455,734.970,275.997,607.268
562.363,1005.705,508.300,807.091,246.457,735.747,275.893,607.082
562.367,1005.708,508.413,806.890,246.437,734.988,276.185,607.098
562.205,1005.617,508.368,807.308,246.296,735.326,276.918,607.303
561.792,1005.795,508.376,807.292,246.375,735.578,277.256,607.430
561.748,1005.976,508.260,807.100,246.360,735.108,277.211,607.260
561.835,1006.240,508.444,807.009,246.431,734.883,276.911,607.043
561.890,1006.468,508.211,807.255,246.280,735.123,277.198,607.596
562.107,1006.656,508.184,807.459,246.211,735.033,277.134,607.482
562.027,1006.040,508.216,807.349,246.206,735.228,276.503,607.009
561.961,1006.367,508.323,807.191,246.098,734.958,276.796,607.243
561.991,1006.188,508.132,807.339,246.288,735.198,275.545,606.708
561.709,1006.086,508.255,807.252,246.265,735.213,275.445,606.460
562.010,1006.110,508.222,807.291,246.143,735.314,276.245,606.760
562.098,1006.367,508.290,807.224,246.147,735.407,276.364,606.708
561.980,1006.904,508.324,807.111,246.257,735.689,276.312,607.033
562.237,1006.567,508.363,807.082,246.242,735.602,276.358,607.145
562.202,1006.556,508.314,807.345,246.584,734.671,276.538,607.284
561.838,1006.243,508.292,807.167,246.231,735.374,276.633,606.924
562.077,1006.160,508.280,807.112,246.178,735.261,276.510,607.180
562.368,1006.258,508.489,806.876,246.270,734.908,276.980,607.020
562.145,1006.579,508.271,807.400,246.286,735.124,276.860,607.065
562.530,1006.234,508.467,807.015,246.206,735.215,276.855,607.100
562.484,1006.609,508.286,806.896,246.231,734.921,276.983,606.968
562.144,1006.209,508.337,807.094,246.142,735.186,276.754,606.636
562.430,1006.160,508.317,807.138,246.157,734.674,276.940,606.516
562.138,1006.113,508.310,807.512,246.199,734.817,277.289,606.967
562.157,1006.162,508.355,807.402,246.004,734.773,277.332,607.382
562.265,1006.540,508.306,807.430,246.105,734.914,276.724,607.245
562.203,1006.388,508.375,807.245,246.223,735.209,277.527,607.870
562.214,1006.202,508.267,807.438,246.061,735.059,277.338,607.782
562.406,1006.324,508.390,807.132,246.177,735.158,276.463,607.117
562.294,1006.248,508.419,807.087,246.203,734.992,276.361,606.974
562.035,1006.392,508.357,807.442,246.162,735.431,276.778,607.129
562.217,1006.150,508.115,807.494,246.266,735.346,277.486,607.822
561.870,1006.276,508.316,807.185,246.193,735.235,276.582,607.641
562.126,1006.103,508.266,807.259,246.255,735.345,276.396,608.050
562.261,1006.102,508.389,807.070,246.193,734.877,277.900,607.880
562.161,1006.083,508.370,807.054,246.107,734.927,276.441,608.150
562.222,1006.066,508.442,806.833,246.242,734.933,277.141,607.464
562.061,1005.933,508.511,806.719,246.332,735.229,277.040,606.900
562.447,1006.139,508.438,806.771,246.562,734.823,277.354,606.616
562.402,1006.501,508.143,807.610,246.349,735.359,277.165,606.389
562.322,1006.172,508.340,807.090,246.127,735.424,277.093,606.918
562.514,1006.206,508.318,807.141,246.343,735.383,277.259,607.042
562.583,1006.198,508.419,806.924,246.358,735.541,277.044,606.936
562.393,1006.119,508.269,807.412,246.342,735.095,277.793,606.962
562.496,1006.153,508.309,807.369,246.328,735.079,277.770,607.258
562.259,1006.176,508.436,807.098,246.294,734.946,277.209,607.766
562.221,1006.176,508.496,807.248,246.253,735.143,276.546,606.950
562.278,1006.641,508.329,807.257,246.288,735.444,275.609,606.504
562.230,1006.148,508.364,807.436,246.383,735.268,275.639,606.506
562.326,1006.146,508.113,807.261,246.655,734.992,275.040,606.490
562.176,1006.307,508.270,807.096,246.251,735.057,276.145,607.020
562.265,1005.998,508.351,807.114,246.709,734.859,276.365,606.713
562.152,1006.256,508.061,807.579,246.657,735.145,276.612,607.766
562.089,1006.376,508.272,807.324,246.647,735.153,276.246,608.465
562.190,1006.564,508.333,807.242,246.195,735.373,275.327,608.783
562.195,1006.568,508.266,807.392,246.415,735.351,275.137,607.762
562.110,1006.306,508.226,807.338,246.334,735.359,274.701,607.612
562.106,1006.343,508.216,807.375,246.288,735.314,275.646,606.609
562.367,1006.438,508.337,807.257,246.367,735.137,275.641,606.845
561.826,1005.933,508.316,807.261,246.257,734.849,275.723,607.426
562.360,1006.555,508.408,807.168,246.345,735.268,276.044,607.563
562.362,1006.433,508.473,807.018,246.484,735.275,276.045,607.364
562.292,1006.520,508.533,807.235,246.571,735.496,277.289,606.919
562.213,1006.845,508.539,807.002,246.625,735.048,277.235,606.495
562.410,1006.426,508.424,807.100,246.581,735.090,277.130,606.621
562.467,1006.376,508.416,807.176,246.212,735.561,277.678,606.846
562.268,1006.119,508.292,807.479,246.177,735.575,277.574,607.758
562.532,1006.574,508.466,806.771,246.324,735.628,276.927,607.710
562.567,1006.548,508.427,807.011,246.107,735.558,275.829,607.636
562.511,1006.410,508.302,807.189,246.026,735.541,277.482,607.685
562.242,1006.468,508.375,807.156,246.029,735.403,277.901,607.814
562.434,1006.286,508.487,806.870,246.189,735.192,277.983,608.766
562.521,1006.615,508.434,806.908,246.228,735.401,275.811,607.671
562.457,1006.412,508.301,807.025,246.129,735.346,275.395,607.429
562.427,1006.652,508.422,807.104,246.386,734.972,275.739,607.514
562.683,1006.820,508.475,807.003,246.267,735.656,275.393,607.251
562.445,1006.227,508.294,807.393,246.356,735.193,275.389,607.554
562.651,1006.602,508.435,807.125,246.268,735.403,276.522,607.335
562.387,1006.556,508.452,806.806,246.378,735.313,276.272,608.196
562.452,1006.418,508.492,807.030,246.255,735.185,275.774,608.138
562.440,1006.486,508.341,807.356,246.242,735.617,273.645,608.563
562.438,1006.540,508.302,807.571,246.229,735.364,275.332,607.770
562.229,1006.308,508.517,807.021,246.019,735.482,276.583,607.602
562.216,1006.653,508.670,806.885,246.060,735.402,276.556,607.822
562.127,1006.390,508.578,806.901,246.427,735.183,276.655,609.202
562.150,1006.542,508.422,807.024,246.448,735.130,276.960,609.227
562.624,1006.746,508.541,806.929,246.627,735.052,276.041,608.306
562.390,1006.516,508.535,806.764,246.763,735.003,277.421,607.971
562.502,1006.621,508.538,806.746,246.174,735.275,277.861,607.925
562.738,1006.691,508.457,807.056,246.058,735.004,277.716,608.227
562.349,1006.124,508.323,807.015,246.341,735.155,277.785,607.611
562.703,1006.651,508.354,807.306,246.429,734.952,278.537,606.268
562.041,1006.331,508.391,807.241,246.442,734.708,278.293,606.639
562.486,1006.611,508.519,807.098,246.163,735.064,278.069,607.348
562.367,1006.685,508.406,807.136,246.263,735.060,278.290,607.467
562.568,1006.879,508.569,806.842,246.033,735.241,279.056,607.494
562.243,1006.804,508.390,807.331,246.230,734.818,279.037,607.755
562.186,1006.716,508.275,807.559,246.136,735.457,278.225,606.915
562.376,1006.373,508.329,807.475,246.170,734.838,278.449,606.833
562.223,1006.591,508.386,807.362,246.085,734.948,279.172,607.699
562.445,1006.618,508.268,807.342,246.032,735.256,279.791,607.781
562.443,1006.607,508.334,807.293,246.380,734.811,279.433,608.413
562.495,1006.667,508.419,807.328,246.497,734.742,279.108,608.209
562.581,1006.920,508.371,807.152,246.512,734.692,278.045,607.609
562.309,1006.508,508.416,806.984,246.477,735.087,277.625,607.629
562.631,1006.827,508.539,806.725,246.448,735.211,276.696,606.829
562.529,1006.831,508.411,807.154,246.507,734.853,276.950,607.548
562.321,1006.655,508.338,807.107,246.264,735.005,275.768,606.839
562.808,1006.641,508.468,806.969,246.209,735.409,276.593,606.164
562.923,1006.722,508.549,806.857,246.304,735.320,276.981,606.081
562.518,1006.454,508.359,807.211,246.425,735.074,277.284,606.033
562.586,1006.348,508.529,807.258,246.388,735.011,277.427,606.071
562.625,1006.590,508.504,807.014,246.319,734.794,278.721,606.682
562.528,1006.390,508.522,807.196,246.434,735.051,278.716,606.391
562.481,1006.377,508.425,807.237,246.247,735.325,279.096,607.094
562.364,1006.544,508.513,806.971,246.225,735.305,278.556,606.376
562.455,1006.509,508.506,807.092,246.109,734.992,277.749,606.182
562.492,1006.291,508.445,806.992,246.097,734.921,278.198,606.446
562.565,1006.754,508.443,807.046,246.156,734.906,277.713,606.110
562.285,1006.397,508.418,807.530,246.183,735.041,277.371,606.700
562.553,1006.916,508.168,807.673,246.019,734.811,276.743,606.836
562.418,1006.500,508.141,807.633,246.083,734.741,276.023,606.797
562.517,1006.549,508.273,807.624,246.215,734.854,276.075,607.477
562.457,1006.408,508.437,807.495,246.316,734.903,275.841,606.876
562.181,1006.198,508.312,807.561,245.862,733.569,277.008,606.482
562.463,1006.614,508.287,807.339,246.313,735.248,276.148,607.526
562.198,1006.440,508.288,807.310,246.255,735.150,276.092,608.909
562.315,1006.352,508.603,806.980,246.566,734.799,277.572,607.121
562.394,1006.420,508.677,806.815,246.372,734.612,277.179,606.570
562.009,1006.069,508.368,807.647,246.490,734.559,278.068,606.578
562.363,1006.260,508.233,807.621,246.329,734.980,277.878,606.430
562.296,1006.260,508.315,807.686,246.338,735.443,277.647,606.255
562.402,1006.262,508.407,807.645,246.232,734.804,276.790,606.195
562.275,1006.317,508.373,807.347,246.420,735.001,276.749,606.200
562.189,1006.309,508.552,807.308,246.504,734.759,275.817,606.104
561.842,1005.939,508.445,807.024,246.439,734.919,275.760,606.141
562.574,1006.394,508.375,807.371,246.585,734.902,275.874,606.089
562.586,1006.493,508.289,807.706,246.640,734.916,275.606,605.994
562.425,1006.317,508.349,807.338,246.296,735.058,275.640,606.114
562.534,1006.456,508.418,807.182,246.336,734.784,275.871,606.209
562.259,1006.384,508.348,807.124,246.233,734.845,276.136,606.610
562.375,1006.581,508.483,807.095,246.243,735.166,275.824,606.584
562.194,1006.526,508.696,806.897,245.982,733.953,276.133,606.444
562.348,1006.760,508.372,807.299,246.197,734.771,275.982,606.403
562.614,1006.970,508.367,807.094,246.239,734.690,277.066,606.648
562.477,1006.502,508.390,807.206,246.267,735.178,277.186,606.450
562.478,1006.667,508.335,807.140,246.251,735.161,277.234,606.729
562.393,1006.526,508.293,807.256,246.321,735.171,276.452,606.254
562.286,1006.549,508.202,807.607,246.025,735.157,276.094,606.515
562.321,1006.526,508.392,807.172,246.291,735.176,276.674,606.404
562.367,1006.526,508.370,807.312,246.323,735.134,276.454,606.340
562.569,1006.673,508.321,807.213,246.264,735.554,276.870,606.726
562.218,1006.603,508.405,807.218,246.195,735.480,276.696,606.321
562.408,1006.438,508.454,807.183,246.612,734.934,276.895,606.965
562.514,1006.721,508.444,807.281,246.324,735.174,276.802,606.781
562.739,1006.463,508.331,807.186,246.455,734.940,276.575,606.410
562.616,1006.866,508.370,807.384,246.432,735.048,277.499,606.746
562.669,1006.560,508.277,807.572,246.438,735.177,277.115,606.783
562.388,1006.636,508.417,807.165,246.513,734.799,275.808,606.112
562.411,1006.348,508.449,807.208,246.478,735.073,276.397,606.245
562.342,1006.125,508.546,806.782,246.178,735.616,275.401,606.334
562.404,1006.286,508.304,807.385,246.193,735.296,275.640,606.373
562.140,1006.346,508.328,807.120,246.542,735.397,276.043,606.502
562.499,1006.306,508.505,807.210,246.430,735.266,275.467,606.629
562.402,1006.591,508.306,807.464,246.158,735.147,274.985,606.927
562.477,1006.740,508.419,807.255,246.215,735.503,275.160,606.671
562.696,1006.731,508.669,807.084,246.714,734.611,274.917,606.945
562.620,1006.829,508.271,807.446,246.588,734.486,274.829,606.741
562.692,1006.848,508.546,807.098,246.209,734.930,275.411,606.758
562.345,1006.937,508.704,806.787,246.519,734.891,275.704,606.924
562.609,1006.819,508.424,807.230,246.492,734.909,275.477,606.753
562.585,1006.740,508.335,807.294,246.488,734.990,276.362,606.989
562.669,1006.684,508.389,807.450,246.414,735.047,276.316,607.037
562.273,1006.643,508.378,807.283,246.458,735.397,275.776,606.931
562.209,1006.668,508.363,807.333,246.557,734.933,276.003,607.281
562.405,1006.725,508.423,807.290,246.601,735.115,275.618,607.084
562.433,1006.948,508.481,807.279,246.577,734.702,275.670,606.897
562.618,1006.490,508.364,807.283,246.445,734.687,276.365,607.295
562.538,1006.657,508.499,807.268,246.405,734.826,277.883,608.611
562.537,1006.287,508.258,807.405,246.336,734.797,279.897,609.730
562.380,1006.291,508.344,807.178,246.423,734.909,279.783,609.195
562.458,1006.502,508.503,807.273,246.343,734.855,277.700,607.584
562.515,1006.879,508.380,807.310,246.339,735.468,276.178,607.198
562.585,1006.729,508.525,807.171,246.207,735.137,276.358,607.126
562.390,1006.621,508.519,807.076,246.362,734.911,277.241,607.056
562.303,1006.589,508.613,807.074,246.331,735.344,277.731,606.891
562.466,1006.455,508.458,807.255,246.281,734.919,277.693,606.808
562.364,1006.615,508.462,807.310,246.438,734.760,277.793,606.787
562.384,1006.589,508.338,807.418,246.303,735.167,278.127,606.367
562.525,1006.787,508.529,807.212,246.337,735.368,277.915,606.153
562.328,1006.478,508.317,807.405,246.396,735.594,277.981,606.020
562.395,1006.531,508.341,807.340,246.414,735.408,278.210,606.233
562.402,1006.454,508.487,807.256,246.616,734.910,278.225,606.137
562.259,1006.436,508.364,807.378,246.566,735.040,278.270,606.131
562.240,1006.537,508.263,807.748,246.604,735.101,278.163,606.130
562.616,1006.541,508.510,807.002,246.595,735.321,278.278,606.199
562.605,1006.634,508.540,807.216,246.589,735.371,278.241,606.214
562.396,1006.301,508.317,807.258,246.115,734.134,278.094,606.366
562.400,1006.241,508.380,807.225,246.123,734.369,277.745,606.244
562.052,1006.315,508.370,807.295,246.313,735.064,277.953,606.234
562.114,1006.327,508.325,807.236,246.239,734.864,278.050,606.210
562.544,1006.695,508.270,807.429,246.319,735.719,277.545,605.859
562.398,1006.256,508.349,807.206,246.318,735.514,276.846,605.630
562.404,1006.506,508.333,807.339,246.461,734.926,276.734,605.724
562.498,1006.642,508.311,807.368,246.340,735.044,277.226,605.318
562.561,1006.465,508.387,807.383,246.408,735.055,277.197,605.303
562.504,1006.492,508.426,807.134,246.440,735.015,277.627,605.309
562.619,1006.373,508.422,807.377,246.120,735.163,277.637,605.482
562.446,1006.520,508.399,807.174,246.190,734.950,276.941,605.507
562.562,1006.466,508.412,807.258,246.313,735.224,277.006,605.863
562.594,1006.759,508.438,807.488,246.405,735.213,277.012,605.974
562.398,1006.529,508.355,807.505,246.491,734.994,277.744,606.441
562.537,1006.632,508.421,807.219,246.454,735.206,278.050,606.045
562.466,1006.513,508.509,807.193,246.454,735.114,277.960,606.075
562.709,1006.767,508.305,807.682,246.337,735.762,278.492,605.854
562.431,1006.700,508.456,807.048,246.352,735.095,278.396,605.718
562.532,1006.366,508.424,806.873,246.312,735.272,279.192,606.314
562.488,1006.333,508.279,807.348,246.259,735.271,279.218,606.398
562.233,1006.434,508.362,807.321,246.371,735.035,279.273,606.984
562.286,1006.129,508.418,807.211,246.221,735.230,279.824,607.798
562.464,1006.502,508.499,807.277,246.181,735.081,281.211,609.368
562.541,1006.222,508.373,807.307,246.156,733.861,279.660,608.974
562.385,1006.099,508.408,807.120,246.204,733.890,279.531,609.081
562.228,1005.740,508.479,807.183,246.139,735.477,278.422,609.960
562.649,1005.909,508.495,806.895,246.136,735.607,278.489,609.816
562.583,1006.256,508.432,807.294,246.576,734.337,281.089,610.051
562.585,1006.310,508.537,806.966,246.339,733.734,281.379,609.768
562.493,1006.541,508.544,806.968,246.241,735.244,281.238,610.238
562.025,1006.242,508.287,807.525,246.219,735.447,280.526,610.165
562.253,1006.163,508.340,807.500,245.987,735.282,278.493,608.534
562.459,1005.948,508.285,807.207,246.085,735.228,278.727,608.356
562.307,1005.961,508.478,807.055,246.302,734.816,278.124,608.127
562.340,1005.983,508.476,807.274,246.290,734.584,277.686,608.000
562.263,1006.167,508.323,807.446,246.631,735.037,277.732,607.528
562.288,1006.384,508.563,807.049,246.405,735.299,278.792,607.823
562.274,1006.349,508.470,806.930,246.565,735.287,278.287,607.176
562.171,1006.194,508.559,806.991,246.212,735.269,279.339,607.545
562.207,1005.827,508.525,807.125,246.143,734.885,280.326,608.042
562.214,1006.043,508.450,807.272,246.250,735.649,281.776,609.031
562.463,1006.278,508.487,807.046,246.202,735.538,282.399,609.077
562.338,1006.493,508.578,806.784,246.473,735.196,282.330,609.313
562.429,1006.371,508.614,806.781,246.465,735.044,280.065,608.207
562.534,1006.553,508.580,807.191,246.102,734.721,279.049,608.017
562.482,1006.625,508.509,807.043,245.956,734.694,278.666,607.980
562.527,1006.706,508.528,807.127,246.368,735.518,278.476,608.157
562.432,1006.729,508.406,807.070,246.288,735.882,278.213,608.420
562.490,1006.561,508.548,806.862,246.568,735.238,278.791,607.860
562.637,1006.628,508.500,807.078,246.515,734.953,278.598,607.841
562.528,1006.417,508.549,806.710,246.637,735.108,278.566,608.025
562.318,1006.155,508.618,807.111,246.396,735.219,278.314,608.394
562.237,1006.338,508.472,807.255,246.510,735.173,279.603,607.761
562.564,1006.424,508.645,806.839,246.070,735.256,279.358,607.359
562.503,1006.484,508.556,806.994,246.186,735.067,279.360,606.928
562.505,1006.355,508.647,806.743,246.497,734.836,279.455,606.241
562.725,1006.563,508.520,806.862,246.535,735.316,279.559,606.799
562.229,1006.326,508.561,806.668,246.378,734.939,279.168,606.976
562.328,1006.304,508.471,806.921,246.340,734.719,280.431,607.117
562.105,1006.028,508.482,807.081,246.353,735.224,280.854,606.668
562.336,1006.042,508.528,806.734,246.285,734.936,280.899,607.415
562.365,1006.193,508.427,807.262,246.261,735.342,280.880,607.285
562.710,1006.576,508.596,807.069,246.179,735.856,279.481,607.953
562.610,1006.392,508.543,807.024,246.275,735.778,279.227,607.691
562.717,1006.247,508.358,807.217,246.217,735.044,279.595,607.622
562.635,1006.258,508.279,807.334,246.315,734.826,279.622,607.184
562.498,1006.344,508.377,807.430,246.362,735.116,278.085,606.917
562.387,1006.266,508.401,807.245,246.264,735.507,278.215,606.954
562.492,1006.849,508.507,807.203,246.275,735.641,279.069,607.283
562.226,1006.338,508.467,807.274,246.328,735.537,279.672,606.216
562.334,1006.516,508.463,807.268,246.025,734.521,281.128,606.497
562.289,1006.355,508.522,807.032,246.041,734.347,280.289,606.200
562.282,1006.213,508.633,806.794,246.360,735.064,280.261,606.446
562.311,1006.356,508.576,806.992,246.537,735.083,279.645,607.034
562.558,1006.393,508.425,807.124,246.261,735.659,279.424,607.015
562.543,1006.705,508.536,807.105,246.535,735.196,281.123,606.549
562.514,1006.485,508.339,807.307,246.529,735.193,280.940,606.612
562.411,1006.273,508.483,806.825,246.416,735.561,280.833,606.467
562.417,1006.255,508.548,806.933,246.641,735.300,281.077,606.794
562.632,1006.342,508.578,806.770,246.574,735.046,282.674,607.777
562.802,1006.683,508.472,806.834,246.493,735.059,283.082,607.799
563.016,1006.937,508.641,806.702,246.193,735.442,283.138,608.350
562.883,1006.786,508.570,806.672,246.268,735.576,281.575,607.945
562.421,1006.446,508.541,807.079,246.628,734.736,279.905,606.859
562.278,1006.463,508.658,806.978,246.560,735.115,280.013,606.214
562.485,1006.400,508.623,807.052,246.299,735.438,280.209,606.483
562.663,1006.390,508.686,806.978,246.583,735.269,282.100,607.559
562.460,1006.356,508.594,807.040,246.520,735.214,281.235,606.864
562.663,1006.675,508.591,806.845,246.259,735.265,280.829,607.347
562.826,1006.954,508.612,806.861,246.226,735.439,280.880,607.437
562.664,1006.793,508.843,806.475,246.337,735.661,280.619,606.260
562.609,1006.888,508.806,806.702,246.342,735.579,279.731,606.263
562.483,1006.787,508.650,806.540,246.329,735.741,280.668,606.624
562.711,1006.817,508.630,806.866,246.238,735.147,282.035,607.832
562.618,1006.401,508.484,807.087,246.263,735.485,281.333,608.018
562.555,1006.290,508.541,807.206,246.226,735.633,280.709,607.511
562.529,1006.403,508.478,807.296,246.544,734.890,280.231,605.912
562.549,1006.432,508.378,807.341,246.579,734.700,280.644,606.032
562.401,1006.400,508.480,807.058,246.556,734.931,280.174,606.112
562.522,1006.494,508.442,807.244,246.398,735.280,280.379,605.553
562.619,1006.503,508.581,806.958,246.237,735.201,279.934,605.535
562.298,1006.227,508.467,807.194,246.236,735.331,281.556,605.401
562.306,1006.459,508.513,807.002,246.318,735.323,281.448,605.616
562.555,1006.439,508.607,807.033,246.101,735.881,281.466,606.120
562.106,1006.196,508.571,806.930,246.168,735.764,281.562,606.317
562.241,1006.307,508.651,806.886,246.308,735.222,281.928,605.987
562.360,1005.996,508.479,807.142,246.282,735.251,282.055,605.928
562.518,1006.330,508.521,806.569,246.155,735.478,282.305,606.272
562.415,1006.057,508.729,806.514,246.249,735.372,281.934,606.802
562.384,1006.509,508.590,806.909,246.351,735.165,282.016,606.396
562.381,1006.485,508.601,806.898,246.374,735.143,281.950,606.207
562.428,1006.351,508.584,807.094,246.347,734.778,281.827,605.719
562.206,1006.300,508.433,807.261,246.328,734.649,281.871,606.317
562.186,1006.263,508.560,806.890,246.587,734.697,282.054,606.538
562.387,1006.319,508.731,806.721,246.425,734.928,281.578,606.106
562.343,1006.229,508.657,807.017,246.530,734.468,280.844,606.079
562.507,1006.605,508.586,807.107,246.533,734.954,280.649,607.314
562.619,1006.553,508.586,807.076,246.362,735.362,280.540,607.378
562.800,1006.521,508.344,807.211,246.565,734.923,280.987,607.039
562.511,1006.479,508.510,806.875,246.615,735.109,282.220,607.647
562.519,1006.561,508.615,807.018,246.056,735.122,282.172,607.476
562.509,1006.231,508.685,806.701,246.292,735.057,281.317,607.216
562.354,1006.250,508.564,807.148,246.406,734.901,281.728,607.510
562.166,1006.001,508.569,806.663,246.076,735.063,281.631,606.902
562.698,1006.298,508.688,806.897,246.375,735.096,280.392,605.898
562.301,1006.072,508.449,807.049,246.402,735.109,279.792,605.180
562.433,1006.245,508.411,807.327,246.495,735.743,279.145,604.944
562.242,1006.219,508.360,807.477,246.405,735.219,279.747,606.471
562.273,1006.419,508.497,807.263,246.374,735.314,279.060,606.923
562.597,1006.318,508.560,807.034,246.498,734.912,280.973,607.821
562.455,1006.449,508.531,806.947,246.317,735.265,281.070,608.033
562.396,1006.433,508.524,807.165,246.345,735.180,280.281,607.160
562.205,1006.302,508.587,807.161,246.374,735.421,280.973,608.999
562.679,1006.432,508.640,806.924,246.393,735.146,281.498,608.117
562.621,1006.441,508.628,806.956,246.381,735.106,281.820,608.317
562.593,1006.663,508.432,807.477,246.474,734.771,279.966,606.676
562.486,1006.152,508.441,807.011,246.374,734.747,279.249,605.457
562.492,1006.301,508.365,807.517,246.115,733.978,280.042,605.578
562.451,1006.629,508.460,807.297,246.358,734.891,281.602,606.898
562.720,1006.792,508.522,807.210,246.019,733.796,281.216,606.852
562.538,1006.316,508.598,806.953,246.262,735.102,281.444,607.123
562.629,1006.386,508.558,807.070,246.214,735.158,281.477,607.487
562.503,1006.396,508.532,806.951,245.887,734.150,281.162,607.489
562.523,1006.650,508.511,807.210,246.178,734.978,281.544,607.373
562.464,1006.323,508.493,807.138,246.106,734.302,282.595,607.244
562.441,1006.505,508.341,807.500,246.052,734.334,281.963,606.983
562.304,1006.363,508.311,807.529,246.182,735.180,280.653,607.728
562.119,1006.452,508.604,806.945,246.205,735.046,281.348,607.329
562.289,1006.480,508.518,807.310,246.480,735.075,281.379,607.721
562.454,1006.174,508.598,807.196,246.257,733.943,282.365,607.256
562.606,1006.241,508.553,807.263,246.237,735.651,281.631,608.445
562.445,1006.197,508.542,807.047,246.305,735.501,281.122,607.762
562.530,1006.441,508.481,807.315,246.217,735.472,281.643,607.100
562.681,1006.710,508.581,807.025,246.704,734.865,281.610,607.446
562.369,1006.615,508.573,806.875,246.428,734.815,281.461,608.515
562.510,1006.713,508.519,806.784,246.146,735.048,282.511,607.281
562.660,1006.318,508.604,806.646,246.224,735.368,283.789,604.422
562.553,1006.286,508.499,807.245,246.382,736.366,283.655,605.013
562.437,1006.485,508.491,807.110,246.529,736.638,283.788,605.911
562.722,1006.418,508.441,807.117,246.684,735.944,284.642,606.104
562.608,1006.538,508.589,807.000,246.919,735.868,284.443,606.148
562.464,1006.694,508.615,806.968,246.985,736.019,283.863,605.956
562.704,1006.642,508.735,806.891,246.731,736.137,283.585,607.132
562.585,1006.569,508.564,807.160,246.665,735.951,283.525,607.384
562.444,1006.187,508.586,806.976,246.996,735.913,283.804,607.336
562.239,1006.210,508.538,807.153,247.092,735.701,283.357,606.555
562.271,1005.864,508.452,807.279,246.686,736.054,283.283,607.286
562.227,1005.828,508.498,807.390,246.900,735.691,283.150,606.972
562.568,1006.446,508.457,807.185,246.816,736.339,282.720,606.077
562.580,1006.419,508.372,807.365,246.854,736.493,282.398,605.715
562.445,1006.331,508.469,807.134,246.869,736.386,281.813,605.817
562.583,1006.014,508.461,806.935,246.840,736.104,281.752,605.603
562.456,1006.079,508.465,807.333,246.922,736.110,282.285,606.125
562.400,1006.321,508.530,807.058,246.919,735.859,283.128,606.569
562.125,1006.242,508.572,807.139,246.666,736.699,283.571,606.659
562.363,1006.424,508.519,807.079,246.734,736.359,283.474,606.629
562.517,1006.516,508.389,807.364,246.955,736.002,283.135,606.387
562.468,1006.552,508.407,807.270,246.798,736.194,283.183,606.350
562.661,1006.428,508.369,807.566,247.109,735.897,283.406,606.781
562.538,1006.376,508.480,807.496,246.966,735.730,283.521,606.784
562.472,1006.275,508.489,807.374,247.015,735.867,283.534,606.730
562.764,1006.231,508.533,807.315,246.815,735.942,283.579,606.553
562.523,1006.533,508.586,807.267,246.803,736.121,283.600,606.699
562.406,1006.366,508.551,807.275,247.034,735.850,282.900,606.460
562.231,1006.405,508.528,807.314,246.767,736.425,281.679,606.053
562.352,1006.213,508.699,806.912,246.718,735.796,281.681,605.597
562.031,1006.253,508.664,807.011,246.894,735.807,281.674,605.218
562.226,1006.279,508.587,806.976,246.923,735.830,281.781,605.422
562.286,1006.311,508.505,807.414,246.826,736.203,281.167,605.518
562.349,1006.132,508.623,807.310,246.622,735.750,282.639,605.546
562.244,1006.307,508.419,807.324,246.902,735.972,283.010,605.309
562.662,1006.547,508.399,807.764,246.751,736.323,283.303,606.332
562.436,1006.076,508.465,807.242,246.800,736.195,282.951,605.924
562.233,1006.252,508.559,807.220,246.777,736.445,283.221,606.144
562.420,1006.486,508.445,807.257,246.667,736.151,282.734,606.060
562.408,1006.437,508.474,807.204,246.716,735.902,282.575,605.898
562.447,1006.264,508.465,807.360,246.796,735.733,282.452,605.680
562.479,1005.997,508.489,807.261,246.830,735.806,283.536,606.306
562.186,1006.364,508.731,806.580,246.746,736.109,283.055,605.528
561.937,1006.301,508.571,806.944,246.722,735.866,283.893,606.058
561.938,1006.265,508.639,806.967,246.964,735.476,283.057,605.375
562.326,1006.665,508.717,806.966,247.045,735.218,282.872,605.301
562.436,1006.485,508.671,806.773,247.081,735.997,282.866,605.354
562.328,1006.269,508.801,806.663,246.934,735.870,283.463,605.649
562.378,1006.518,508.674,806.902,246.917,735.807,283.206,605.472
562.198,1006.254,508.762,806.714,246.981,736.291,282.968,605.434
562.451,1006.206,508.579,806.773,247.133,735.955,283.026,605.443
562.412,1006.538,508.839,806.642,247.030,735.591,283.049,605.311
562.718,1006.445,508.562,807.172,246.678,735.949,283.306,605.238
562.200,1006.306,508.517,807.124,246.841,735.788,283.298,605.457
562.132,1006.460,508.616,806.878,246.759,735.895,283.354,605.413
562.193,1006.328,508.583,807.050,247.176,736.013,283.613,605.095
562.398,1006.516,508.465,807.192,247.063,735.732,283.926,604.985
562.201,1006.427,508.500,807.245,246.844,736.015,283.678,605.386
562.428,1006.426,508.576,807.293,246.900,735.733,283.931,605.826
562.386,1006.096,508.471,807.452,247.011,736.487,283.710,605.223
562.577,1006.277,508.519,807.465,246.961,735.841,283.248,605.519
562.474,1005.959,508.571,807.008,246.830,736.088,282.692,605.768
562.376,1006.166,508.562,807.058,247.026,735.992,283.443,605.557
562.318,1006.412,508.607,806.898,247.031,735.921,282.384,605.550
562.546,1006.107,508.543,807.196,246.690,736.547,283.352,606.045
562.681,1006.371,508.536,807.200,247.035,736.228,282.604,605.716
562.724,1006.422,508.478,807.270,246.702,735.910,279.910,604.157
562.659,1006.586,508.450,807.368,246.617,736.191,279.564,602.672
562.470,1006.606,508.517,806.833,246.578,735.788,279.222,603.087
562.550,1006.498,508.547,807.306,246.518,736.309,281.154,604.131
562.374,1006.244,508.566,807.174,246.749,736.160,280.567,602.669
562.599,1006.247,508.646,807.140,246.751,736.378,280.330,602.352
562.236,1006.034,508.619,807.036,247.129,735.768,279.377,604.607
562.318,1005.962,508.631,806.954,247.022,735.697,279.837,604.418
562.597,1006.542,508.540,807.267,247.037,735.281,279.583,604.278
562.416,1006.109,508.599,807.283,246.689,736.273,281.188,605.164
562.618,1006.528,508.524,807.317,246.737,735.880,280.988,605.378
562.388,1006.474,508.737,806.990,244.340,739.979,280.420,605.214
562.496,1006.371,508.591,807.209,239.946,742.621,281.480,605.428
562.441,1006.180,508.413,807.213,238.622,742.615,280.577,604.355
562.385,1006.521,508.466,807.261,238.535,743.421,281.043,604.790
562.562,1006.130,508.649,807.091,238.639,743.131,280.139,604.034
562.377,1006.081,508.523,807.104,238.610,743.518,281.126,604.265
562.394,1006.346,508.394,807.577,238.971,743.810,280.070,603.611
562.366,1006.273,508.364,807.540,239.029,743.970,280.935,604.463
562.435,1006.181,508.438,807.181,238.941,744.042,281.168,604.749
562.217,1006.045,508.667,807.049,239.097,743.803,281.348,604.681
562.551,1006.502,508.655,806.940,239.411,745.542,281.450,605.190
562.347,1006.413,508.592,807.089,238.904,743.161,281.773,605.465
562.354,1006.254,508.629,807.230,238.891,743.241,281.729,605.860
562.336,1005.692,508.472,807.219,238.791,743.518,279.574,606.561
562.082,1005.813,508.489,807.266,238.923,743.273,281.204,606.395
562.209,1005.947,508.623,807.224,238.883,743.208,281.553,606.573
562.172,1006.037,508.576,807.141,238.902,743.178,282.273,605.667
562.306,1006.541,508.572,807.410,239.641,745.248,281.288,606.052
562.425,1006.417,508.530,807.389,239.583,745.183,280.516,605.578
562.280,1006.114,508.561,807.112,239.525,745.173,281.447,604.822
562.220,1006.123,508.578,807.018,239.302,745.391,281.996,604.620
562.094,1006.190,508.489,807.221,239.193,745.148,282.181,604.553
562.594,1006.407,508.506,807.032,239.538,745.061,282.669,603.317
562.516,1006.065,508.584,806.847,239.435,744.877,282.329,602.953
562.441,1006.547,508.422,807.352,239.414,744.567,281.918,602.066
562.509,1006.368,508.650,806.948,239.449,744.770,282.205,601.868
562.596,1006.361,508.585,807.103,239.277,742.488,282.369,601.604
562.456,1006.439,508.614,806.998,239.591,744.820,281.649,601.614
562.221,1006.558,508.572,807.185,239.318,744.951,282.036,601.845
562.476,1006.191,508.404,807.273,239.496,745.146,282.152,601.948
562.472,1006.218,508.467,807.062,239.263,745.038,282.373,602.314
562.602,1006.360,508.533,806.919,239.557,744.819,282.191,602.202
562.374,1006.242,508.485,807.156,239.248,742.733,282.260,602.246
562.544,1006.227,508.449,807.207,239.650,744.902,282.357,602.547
562.691,1006.378,508.573,807.172,239.430,744.762,281.728,603.915
562.676,1006.608,508.550,807.198,239.396,744.978,282.590,604.446
562.741,1006.358,508.612,806.726,239.174,742.490,281.717,605.270
562.901,1006.774,508.574,806.931,239.671,743.117,281.303,605.697
562.733,1006.627,508.511,807.220,239.317,742.843,280.921,606.205
562.487,1006.509,508.473,807.286,239.588,745.081,281.739,605.934
562.576,1006.371,508.533,807.416,239.679,744.908,281.822,605.207
562.477,1006.553,508.521,807.318,239.889,744.873,281.192,605.054
562.393,1006.482,508.442,807.420,239.522,742.958,281.233,604.584
562.520,1006.276,508.611,807.313,239.990,744.615,281.917,603.513
562.444,1006.438,508.642,807.113,239.950,745.023,281.638,603.309
562.543,1006.202,508.490,807.297,239.844,745.147,281.946,602.540
562.318,1006.278,508.637,807.273,239.578,743.433,282.485,602.374
562.259,1006.386,508.490,807.315,239.795,744.251,282.766,601.981
562.377,1006.465,508.613,807.382,240.042,744.513,282.739,601.583
562.459,1006.390,508.577,807.260,239.665,744.649,282.664,602.521
562.831,1006.694,508.397,807.507,239.989,744.806,282.755,602.783
562.627,1006.607,508.534,807.300,239.955,744.596,282.438,602.716
562.392,1006.394,508.586,807.253,239.544,743.159,282.155,601.752
562.417,1006.591,508.492,807.382,239.552,743.247,282.598,602.093
562.161,1006.125,508.559,807.277,239.751,744.395,283.393,602.177
562.199,1005.770,508.453,807.355,239.876,744.558,283.302,602.527
562.392,1006.216,508.531,807.187,239.895,743.322,283.382,602.949
562.427,1006.022,508.628,807.150,239.966,744.806,283.143,603.018
562.324,1006.170,508.595,807.247,239.629,743.528,283.086,604.957
562.299,1005.863,508.566,807.224,239.700,743.308,282.920,605.122
562.452,1006.496,508.580,807.320,239.820,743.223,283.012,605.420
562.093,1006.703,508.543,807.130,239.838,743.364,283.103,604.826
562.580,1006.563,508.813,806.860,239.937,743.542,283.450,604.630
562.558,1006.441,508.486,807.356,239.724,743.398,282.635,604.370
562.537,1006.438,508.514,807.361,239.924,743.187,281.705,605.473
562.700,1006.476,508.553,807.138,240.126,744.703,281.689,604.731
562.740,1006.423,508.787,806.831,240.029,743.163,282.129,604.718
562.241,1006.369,508.544,807.209,240.217,743.058,282.763,605.206
562.676,1006.669,508.681,806.926,240.185,743.159,282.942,605.820
562.632,1006.246,508.664,807.233,240.059,742.994,282.914,605.660
562.566,1006.462,508.718,807.153,240.037,743.161,281.882,605.006
562.623,1006.550,508.676,807.337,240.143,743.337,279.516,604.493
562.606,1006.521,508.608,807.318,240.025,743.085,280.658,605.250
562.581,1006.382,508.634,807.043,240.035,742.880,282.625,605.122
562.565,1006.385,508.543,807.114,240.181,743.069,280.161,605.375
562.708,1006.465,508.491,807.242,239.917,742.762,280.576,604.823
562.570,1006.521,508.534,807.361,240.152,742.760,281.713,605.212
562.526,1006.242,508.612,807.352,240.123,742.498,281.813,605.723
562.568,1006.626,508.551,807.296,240.402,744.459,279.451,605.814
562.490,1006.279,508.550,807.413,240.472,744.227,279.806,606.687
562.549,1006.333,508.580,807.379,240.224,744.709,278.959,605.482
562.455,1006.347,508.512,807.283,240.417,744.835,279.888,606.294
562.641,1006.426,508.520,807.152,240.346,744.566,279.844,606.546
562.649,1006.470,508.609,807.246,240.408,744.539,279.761,606.391
562.093,1006.302,508.504,807.369,240.493,744.364,279.569,606.648
562.763,1006.325,508.529,807.203,240.274,743.004,279.813,607.090
562.707,1006.514,508.556,807.153,240.296,743.082,279.158,607.510
562.580,1006.417,508.537,807.142,240.446,743.425,279.484,607.196
562.470,1006.391,508.474,807.007,240.410,742.973,279.304,607.839
562.361,1006.390,508.493,807.160,240.227,742.980,278.807,607.582
562.570,1006.499,508.490,807.050,240.344,742.972,278.527,607.708
562.579,1006.267,508.528,807.253,240.469,744.218,278.964,607.946
562.752,1006.512,508.575,807.174,240.546,744.366,279.838,608.331
562.566,1006.608,508.641,807.072,240.715,744.284,279.605,607.210
562.192,1006.200,508.667,807.196,240.757,744.622,279.848,607.271
562.137,1006.329,508.654,807.270,240.601,744.177,279.463,607.382
562.000,1006.226,508.581,807.180,240.668,744.336,279.949,607.860
562.279,1006.490,508.542,807.327,240.690,744.230,279.708,608.088
562.305,1006.343,508.626,807.106,240.699,744.355,279.749,607.508
562.469,1006.149,508.584,807.044,240.516,742.862,279.369,607.852
562.368,1006.081,508.597,807.303,240.409,743.029,279.959,608.956
562.559,1006.068,508.647,807.360,240.445,742.843,279.423,607.942
562.419,1006.307,508.630,807.290,240.449,742.648,279.392,608.561
562.476,1006.185,508.431,807.458,240.475,742.616,279.563,608.936
562.417,1006.298,508.354,807.691,240.335,742.999,279.980,609.583
562.483,1006.351,508.261,807.810,240.430,742.732,279.404,609.051
562.578,1006.622,508.622,807.099,240.413,742.468,279.064,609.313
562.678,1006.527,508.489,807.407,240.481,742.685,279.071,609.334
562.539,1006.271,508.422,807.535,240.549,743.209,279.041,609.446
562.663,1006.364,508.506,807.353,240.420,743.060,278.870,608.857
562.622,1006.383,508.801,806.959,240.233,742.521,279.744,609.814
562.667,1006.357,508.613,807.316,240.528,742.888,279.287,608.451
562.666,1006.399,508.488,807.700,240.446,742.598,279.196,608.333
562.696,1006.502,508.512,807.574,240.525,742.603,279.104,608.346
562.559,1006.444,508.638,807.392,240.538,742.788,279.234,608.045
562.218,1006.232,508.768,806.699,240.556,742.622,278.970,608.952
562.380,1005.989,508.756,806.773,240.549,742.523,278.815,609.030
562.413,1006.244,508.613,807.108,240.315,742.388,279.244,609.178
562.399,1006.371,508.652,807.271,240.294,742.477,279.221,609.573
562.447,1006.428,508.578,806.943,240.439,742.722,278.910,609.567
562.530,1006.240,508.421,807.562,240.488,742.634,279.084,609.440
562.544,1006.318,508.659,806.933,240.524,742.863,279.685,608.892
562.529,1006.179,508.503,807.470,240.626,742.689,280.081,608.990
562.701,1006.548,508.598,807.358,240.689,744.108,279.568,608.565
562.653,1006.473,508.708,807.072,240.572,742.890,279.745,608.951
562.444,1006.359,508.383,807.490,240.878,743.928,279.427,608.991
562.507,1006.356,508.521,807.455,240.498,742.514,279.203,608.480
562.534,1006.232,508.670,807.161,240.667,743.628,279.673,608.860
562.350,1006.396,508.609,807.168,240.812,743.959,279.636,609.237
562.320,1006.155,508.528,807.210,240.840,743.775,279.526,608.736
562.209,1006.103,508.691,807.620,240.799,743.975,279.371,608.961
562.396,1006.417,508.782,807.230,240.633,743.783,279.423,608.434
562.162,1006.331,508.687,807.132,240.692,743.497,279.604,609.278
562.428,1006.552,508.560,807.173,240.696,743.749,279.603,609.422
562.185,1006.143,508.488,807.254,240.812,743.295,279.418,609.509
562.300,1006.317,508.558,807.482,240.836,743.357,279.081,608.963
562.277,1006.154,508.644,807.190,240.750,743.742,279.831,610.792
562.227,1006.132,508.686,807.092,240.683,743.481,279.022,609.759
562.430,1006.210,508.608,806.984,240.687,743.329,279.757,609.686
562.323,1006.274,508.660,806.845,240.817,743.782,279.635,610.016
562.191,1005.922,508.632,807.072,240.686,742.227,279.758,609.621
562.443,1006.085,508.602,807.267,240.893,743.370,280.149,609.023
562.438,1006.134,508.630,807.209,240.835,743.639,279.319,608.396
562.348,1006.188,508.567,807.228,241.036,743.563,279.418,608.015
562.530,1006.135,508.680,807.097,241.063,743.685,279.249,608.488
562.346,1006.244,508.459,807.467,240.705,743.353,279.046,609.416
562.308,1006.070,508.604,807.232,240.750,743.362,279.709,609.173
562.514,1006.017,508.664,806.831,241.115,743.494,279.027,609.495
562.375,1006.270,508.605,806.971,240.958,743.584,279.107,609.538
562.285,1006.403,508.582,807.285,241.203,743.664,279.202,609.022
562.318,1006.300,508.572,807.321,241.177,743.435,280.260,608.589
562.559,1006.460,508.641,807.303,240.563,742.246,279.597,608.554
562.487,1006.376,508.750,807.175,240.704,743.366,279.719,609.137
562.527,1006.052,508.496,807.432,240.710,743.667,280.277,609.823
562.065,1006.158,508.436,807.443,240.750,743.869,279.275,608.863
562.444,1006.406,508.481,807.317,240.899,744.000,279.354,608.413
562.464,1006.197,508.653,807.305,240.822,743.358,279.790,609.182
562.472,1006.034,508.642,807.389,240.873,743.578,280.449,610.025
562.277,1006.040,508.532,807.554,240.491,741.948,279.620,609.174
562.162,1005.962,508.593,807.564,240.458,742.179,279.863,609.041
562.147,1006.357,508.633,807.345,240.929,743.839,279.746,608.864
562.247,1006.593,508.518,807.467,240.817,743.833,280.024,609.652
562.230,1006.052,508.717,806.775,240.637,742.347,279.816,609.378
562.276,1006.304,508.594,807.305,240.966,743.711,279.204,609.074
562.256,1006.258,508.748,807.378,240.693,742.499,279.547,609.632
562.504,1006.483,508.673,807.396,240.642,742.822,279.588,610.001
562.470,1006.529,508.668,807.377,240.698,742.908,279.846,610.457
562.771,1006.619,508.760,806.856,241.038,743.707,279.674,608.733
562.207,1006.432,508.803,806.815,240.701,742.351,280.113,609.729
562.343,1006.363,508.551,807.359,240.948,743.818,279.584,609.814
562.416,1006.535,508.625,807.287,240.983,743.888,280.456,609.010
562.629,1006.107,508.586,806.857,240.882,743.717,280.031,608.197
562.438,1006.241,508.544,807.103,241.032,743.716,279.728,607.473
562.394,1006.350,508.547,807.333,240.725,742.381,279.514,608.084
562.453,1006.358,508.513,807.572,240.739,742.423,278.228,607.396
562.457,1005.876,508.537,807.315,240.894,743.664,278.322,606.760
562.351,1006.163,508.810,807.211,240.940,743.431,279.916,607.582
562.034,1005.742,508.592,807.264,240.835,743.429,280.666,608.576
561.864,1005.718,508.563,807.263,240.991,743.770,280.702,609.388
561.807,1006.071,508.605,807.305,240.992,743.865,280.695,608.888
562.294,1006.128,508.511,807.081,240.866,743.403,280.996,609.241
562.180,1006.109,508.494,807.296,240.958,743.658,281.280,609.544
562.216,1006.245,508.471,807.495,241.003,743.543,281.805,608.998
561.778,1005.817,508.479,807.259,241.026,743.744,281.597,608.748
562.160,1005.946,508.788,806.986,241.051,744.052,281.583,607.665
562.181,1006.085,508.628,807.195,240.919,743.875,282.189,607.651
562.194,1005.903,508.760,806.880,241.060,743.718,282.988,606.814
562.132,1005.994,508.665,806.927,241.011,743.930,282.224,607.387
562.045,1005.894,508.712,807.263,241.039,743.798,282.878,606.026
562.276,1005.792,508.633,807.176,241.050,743.573,282.104,606.934
562.571,1006.312,508.591,807.384,241.081,743.690,282.213,607.007
562.308,1006.395,508.648,807.190,240.759,742.708,282.406,607.100
562.662,1006.255,508.852,806.718,240.950,743.694,283.580,606.954
562.079,1005.776,508.783,807.166,240.655,743.805,282.129,606.627
562.240,1006.110,508.843,806.983,240.666,743.645,282.086,606.633
562.578,1006.506,508.587,807.239,240.817,743.470,281.296,606.037
562.525,1006.515,508.483,807.458,240.747,743.656,281.348,605.080
562.481,1006.245,508.668,807.186,241.035,743.439,281.176,606.188
562.614,1006.225,508.668,807.279,240.855,743.322,282.206,605.797
562.499,1006.307,508.719,807.032,240.899,744.097,282.560,606.060
562.280,1006.003,508.803,806.920,240.850,743.941,282.227,605.890
562.433,1006.275,508.606,807.167,241.024,743.836,281.966,605.862
562.528,1006.252,508.594,807.211,240.948,743.956,281.323,605.951
562.356,1006.082,508.720,807.002,241.052,743.574,282.149,605.752
562.399,1006.255,508.848,807.197,241.102,743.782,282.221,605.854
562.452,1006.010,508.569,807.251,241.055,743.562,283.176,606.092
562.467,1006.314,508.760,806.931,240.949,743.746,282.599,605.900
562.356,1006.346,508.749,807.279,240.954,743.738,282.185,606.029
562.472,1006.130,508.934,806.711,240.971,743.836,281.469,605.200
562.530,1006.186,508.787,806.744,241.053,743.966,281.219,604.901
562.679,1006.014,508.961,806.572,241.058,743.731,282.261,606.021
562.571,1006.347,508.772,806.852,241.002,743.843,282.386,605.693
562.557,1006.084,508.625,806.925,241.079,743.936,281.530,605.584
562.629,1005.918,508.734,806.836,241.068,743.926,281.328,605.429
562.500,1005.857,508.734,807.086,240.942,743.489,281.685,605.631
562.522,1006.202,508.630,807.126,241.096,743.800,282.358,606.757
562.712,1006.239,508.681,807.226,241.041,743.718,283.106,606.755
562.577,1006.294,508.593,807.031,241.039,743.551,284.389,607.630
562.432,1006.411,508.550,807.357,241.017,743.878,284.162,607.945
562.232,1006.170,508.688,806.896,241.042,743.843,284.092,608.202
562.297,1006.490,508.732,806.934,241.072,743.887,284.845,608.639
562.604,1006.004,508.618,807.393,241.032,743.693,284.591,609.731
562.679,1006.506,508.678,807.042,240.779,742.307,285.209,609.596
562.600,1006.032,508.603,806.924,240.983,743.786,285.312,610.098
562.831,1006.510,508.663,806.960,241.016,743.630,284.863,608.998
562.609,1006.476,508.797,807.048,240.848,742.333,285.902,609.353
562.713,1006.602,508.597,807.117,241.027,743.446,286.150,608.790
562.759,1006.596,508.683,807.203,240.779,743.497,286.219,609.408
562.302,1006.064,508.820,807.082,240.808,743.489,286.237,609.620
562.471,1006.141,508.650,807.616,240.949,743.575,285.801,609.524
562.609,1005.961,508.719,807.263,240.988,743.643,285.232,609.016
562.805,1006.377,508.777,807.105,241.229,743.710,285.462,609.459
562.662,1006.316,508.616,807.547,241.018,743.855,285.457,609.381
562.594,1006.374,508.632,807.586,240.842,742.654,286.050,609.491
562.676,1006.239,508.776,807.593,240.936,743.598,286.585,610.065
562.743,1006.522,508.684,807.503,241.167,743.796,285.548,610.093
562.715,1006.436,508.813,807.456,241.061,743.620,285.149,609.090
562.695,1006.311,508.886,807.311,241.077,743.716,283.487,606.891
562.842,1006.547,508.904,807.184,241.146,743.698,281.387,605.951
562.826,1006.647,508.749,807.084,241.180,743.715,282.999,608.001
562.409,1006.013,508.868,807.198,240.911,743.574,282.580,607.774
562.530,1006.279,508.781,807.239,240.903,743.489,282.718,606.633
562.503,1006.318,508.821,807.005,241.142,744.011,282.561,605.566
562.526,1006.298,508.649,807.524,241.168,743.679,282.202,605.618
562.347,1006.346,508.630,807.403,241.008,743.793,283.969,606.084
562.330,1006.017,508.781,807.025,240.973,743.843,284.371,605.837
562.494,1006.236,508.735,806.997,241.061,743.827,284.152,606.570
562.469,1006.238,508.811,807.003,241.141,743.514,284.704,606.173
562.432,1006.207,508.975,806.739,241.146,743.455,284.093,605.138
562.699,1006.386,508.787,807.196,241.076,743.717,284.194,605.424
562.890,1006.164,508.921,806.837,241.041,743.601,283.671,604.218
562.816,1006.457,508.756,806.760,241.136,743.629,284.854,605.547
562.533,1006.094,508.796,806.914,241.065,743.487,284.231,605.000
562.438,1006.578,508.773,806.987,241.355,743.827,283.706,605.321
562.739,1006.630,508.696,806.916,241.401,743.590,283.950,605.491
562.580,1006.326,508.699,807.169,241.069,743.864,285.797,606.844
562.778,1006.652,508.714,807.056,241.058,743.902,285.192,607.332
562.489,1006.530,508.652,807.336,241.190,743.526,283.777,606.779
562.550,1006.349,508.643,807.190,241.141,743.433,283.767,605.842
562.496,1006.349,508.830,807.054,241.092,743.534,284.648,605.799
562.821,1006.226,508.619,807.198,241.181,743.695,284.369,606.800
562.600,1006.346,508.723,807.245,241.240,743.642,284.850,607.542
562.578,1006.475,508.699,807.244,241.145,743.621,286.002,608.697
562.601,1006.452,508.802,807.026,241.203,743.632,285.674,608.107
562.605,1006.146,508.717,807.216,241.055,743.830,285.207,608.009
562.450,1006.207,508.796,806.949,241.238,743.626,283.178,607.763
562.551,1006.409,508.725,807.214,241.114,743.348,284.050,606.316
562.335,1006.205,508.600,807.388,241.091,743.311,284.774,606.652
562.529,1006.270,508.610,807.326,241.021,743.524,285.313,606.513
562.552,1006.172,508.718,807.157,240.870,742.595,285.380,606.365
562.321,1006.072,508.645,807.299,241.139,743.428,285.018,607.688
562.646,1006.471,508.687,807.094,241.206,743.406,285.737,607.470
562.542,1006.293,508.530,807.270,241.171,743.379,285.724,607.569
562.523,1006.348,508.502,807.314,241.223,743.574,284.623,608.237
562.378,1006.659,508.597,807.026,241.218,743.766,284.953,608.005
562.180,1006.351,508.565,807.183,241.397,743.615,285.408,608.112
562.279,1006.235,508.566,807.056,241.228,743.700,285.153,608.349
562.646,1006.271,508.665,807.013,241.081,743.685,284.875,608.747
562.636,1006.568,508.578,807.502,241.144,743.616,284.810,608.538
562.547,1006.211,508.741,807.277,240.961,742.681,285.035,608.597
562.541,1006.352,508.842,807.287,241.128,743.860,285.509,608.449
562.180,1006.117,508.695,807.197,241.295,743.423,285.929,608.012
562.616,1006.421,508.539,807.447,241.228,743.519,286.010,608.102
562.491,1006.344,508.761,807.101,241.192,743.607,285.701,608.449
562.278,1005.919,508.619,807.348,240.745,742.076,285.906,607.964
562.539,1006.218,508.755,807.589,240.805,742.106,285.983,607.441
562.369,1006.232,508.748,807.109,240.925,743.377,284.913,607.889
562.513,1006.623,508.761,807.183,241.064,743.723,284.890,607.618
562.489,1006.461,508.729,807.294,241.065,743.168,284.809,607.415
562.616,1006.410,508.827,807.065,241.287,743.535,284.605,607.607
562.511,1006.213,508.714,807.417,240.899,743.471,284.815,607.525
562.571,1006.241,508.614,807.358,241.014,743.352,285.171,607.677
562.550,1006.122,508.757,807.143,240.959,743.415,286.015,607.217
562.575,1006.310,508.767,807.225,241.084,743.375,286.183,607.538
562.735,1006.438,508.720,807.248,241.224,743.416,286.206,607.591
562.533,1006.587,508.711,807.512,241.110,743.456,285.475,608.141
562.505,1006.420,508.675,807.591,241.136,743.337,285.916,607.824
562.820,1006.615,508.627,807.491,241.130,743.418,285.551,607.256
562.666,1006.261,508.676,807.530,241.096,743.418,285.776,608.098
562.512,1006.718,508.803,806.973,241.216,743.513,285.900,608.465
562.758,1006.539,508.788,807.014,241.356,743.524,285.730,607.898
562.731,1006.478,508.629,807.154,241.036,743.409,285.931,607.205
562.885,1006.849,508.689,807.160,241.046,743.309,285.538,607.255
562.633,1006.484,508.636,807.572,240.898,743.391,285.543,606.965
562.608,1006.512,508.597,807.307,240.926,743.284,285.675,607.007
562.562,1006.480,508.666,807.409,241.113,743.611,284.160,606.313
562.531,1006.435,508.684,807.593,241.161,743.395,284.306,606.435
562.067,1005.742,508.697,807.439,241.129,743.479,285.524,607.024
562.447,1006.598,508.700,807.239,241.186,743.386,285.910,607.046
562.701,1006.453,508.660,806.958,240.908,742.366,286.032,607.037
562.467,1006.577,508.768,807.008,241.031,742.644,286.068,607.886
562.448,1006.408,508.752,807.079,240.891,742.709,285.998,607.814
562.609,1006.134,508.689,807.205,241.002,742.322,285.770,607.620
562.586,1006.083,508.728,807.067,241.012,742.409,285.689,606.749
562.453,1006.291,508.692,807.392,241.248,743.381,285.697,606.690
562.283,1005.849,508.776,807.019,241.248,743.559,285.565,606.590
562.502,1006.235,508.765,807.238,241.366,743.703,284.078,605.694
562.545,1006.327,508.621,807.262,241.420,743.546,284.708,606.144
562.523,1005.984,508.684,807.444,241.306,743.245,284.840,605.877
562.372,1005.982,508.693,807.277,241.347,743.277,283.983,605.896
562.366,1006.199,508.685,807.234,241.365,743.323,284.341,606.170
562.366,1006.002,508.681,807.235,241.313,743.491,285.930,607.078
562.284,1006.132,508.573,807.540,241.154,743.587,285.726,606.794
562.419,1006.444,508.651,807.626,241.144,743.400,285.909,606.382
562.202,1006.202,508.499,807.410,241.146,743.416,285.477,606.131
562.320,1006.719,508.637,807.451,240.960,743.284,283.760,605.748
562.098,1006.443,508.579,807.512,241.195,743.495,283.374,605.537
562.139,1006.449,508.556,807.309,240.964,743.355,282.881,605.286
562.456,1006.497,508.677,807.546,241.046,743.280,282.943,604.688
562.540,1006.176,508.673,807.223,241.191,743.611,283.287,605.764
562.597,1006.400,508.681,807.509,241.247,743.636,283.882,606.334
562.761,1006.355,508.816,807.309,241.134,743.288,283.656,605.707
562.444,1006.509,508.799,807.312,241.294,743.394,282.930,605.708
562.707,1005.996,508.717,807.279,241.030,743.021,284.937,605.592
562.909,1006.598,508.866,807.220,241.067,743.090,284.796,605.980
562.653,1006.303,508.603,807.527,240.864,742.057,284.808,605.215
562.378,1006.182,508.685,807.235,241.228,743.247,284.966,605.787
562.455,1006.294,508.675,807.086,241.296,743.480,285.329,606.104
562.643,1006.165,508.698,807.345,240.995,742.074,285.028,606.336
562.465,1006.239,508.712,807.071,240.987,741.917,282.497,605.701
562.581,1006.319,508.759,807.053,240.989,742.346,283.249,605.692
562.527,1006.072,508.757,807.069,241.072,742.245,283.233,605.389
562.563,1006.419,508.688,807.362,241.224,743.597,281.896,605.219
562.594,1006.536,508.690,807.159,241.233,743.600,281.905,605.786
562.571,1006.418,508.711,807.043,240.978,742.301,282.926,607.433
562.675,1006.596,508.632,807.349,240.961,742.432,282.977,607.464
562.328,1006.055,508.755,806.995,241.237,743.373,282.705,607.005
562.338,1006.317,508.737,807.208,241.256,743.344,282.183,605.770
562.371,1006.223,508.761,806.968,241.118,743.214,281.640,605.615
562.514,1006.360,508.642,807.321,241.310,743.334,282.034,605.088
562.335,1006.308,508.765,807.118,241.321,743.356,280.875,604.262
562.622,1006.094,508.584,807.450,241.267,743.386,280.465,604.381
562.585,1006.325,508.633,807.437,241.351,743.288,280.281,604.668
562.309,1006.184,508.816,807.062,241.367,743.219,283.940,606.252
562.582,1006.343,508.787,806.955,241.450,743.378,284.326,606.393
562.380,1006.084,508.791,807.116,241.115,743.364,282.278,606.051
562.355,1006.167,508.729,807.105,241.193,743.554,281.192,605.793
562.559,1006.228,508.759,806.712,241.022,742.185,281.726,605.718
562.505,1006.236,508.805,806.717,240.983,742.309,281.749,605.846
562.510,1006.354,508.752,806.918,241.224,743.389,283.277,607.353
562.398,1006.165,508.793,806.670,241.345,743.480,282.946,607.371
562.400,1006.117,508.727,807.154,241.262,743.263,283.036,607.437
562.330,1005.864,508.655,807.042,241.334,743.289,282.883,606.992
562.466,1006.220,508.628,807.394,241.246,743.540,282.558,608.226
562.310,1006.193,508.780,806.972,241.298,743.322,283.416,608.611
562.275,1006.288,508.779,807.047,241.215,743.209,283.589,608.426
561.939,1006.106,508.768,806.989,241.286,743.464,280.962,608.382
562.014,1006.225,508.866,807.192,241.310,743.455,283.493,607.902
562.615,1006.298,508.734,807.129,241.148,743.531,281.684,607.764
562.219,1006.208,508.639,807.398,241.200,743.479,283.099,608.364
562.031,1006.152,508.822,807.497,241.212,743.267,284.306,606.619
562.341,1006.269,508.785,807.305,241.185,743.545,284.551,606.359
562.488,1006.230,508.801,807.214,241.201,743.212,284.512,606.183
562.447,1006.295,508.789,806.825,241.311,743.652,284.042,606.617
562.707,1006.551,508.695,807.286,241.345,743.469,283.568,606.694
562.643,1006.429,508.622,807.280,241.366,743.490,284.463,606.357
562.573,1006.329,508.721,807.319,241.269,743.564,284.502,606.872
562.530,1006.319,508.843,806.854,241.346,743.891,282.610,608.820
562.567,1006.255,508.919,806.934,240.729,744.720,283.552,608.842
562.744,1006.393,508.840,806.970,240.008,745.497,283.686,608.307
562.712,1006.385,508.698,806.980,239.944,745.518,283.551,608.271
562.753,1006.627,508.783,807.062,239.921,745.318,283.855,607.940
562.688,1006.390,508.825,806.972,240.010,745.173,283.657,608.063
562.544,1006.239,508.782,807.036,239.877,745.062,283.148,608.216
562.472,1006.237,508.726,807.115,239.935,745.053,283.996,607.796
562.635,1006.469,508.622,807.237,240.137,744.955,283.250,608.417
562.475,1006.156,508.690,807.146,240.120,744.968,283.346,607.922
562.485,1005.901,508.645,807.317,240.106,744.878,283.297,607.235
562.483,1006.220,508.738,807.027,240.085,744.822,283.008,607.229
562.343,1006.167,508.668,807.097,240.131,745.066,281.907,607.212
562.416,1006.440,508.790,806.829,240.211,744.969,283.615,606.176
562.484,1006.324,508.716,807.056,240.181,744.908,284.212,606.314
562.387,1006.229,508.725,807.246,240.231,744.848,284.780,605.634
562.386,1006.158,508.721,807.283,240.234,744.771,285.268,605.350
562.563,1006.118,508.670,807.207,240.144,744.770,285.494,604.959
562.312,1006.278,508.691,807.166,240.194,744.789,285.546,604.762
562.217,1006.002,508.664,807.201,240.221,745.244,284.986,605.178
562.492,1006.249,508.724,807.026,240.148,745.210,284.850,605.077
562.637,1006.691,509.006,806.733,240.087,744.900,283.760,604.932
562.380,1006.238,508.773,807.159,240.055,744.980,283.796,604.934
562.601,1006.321,508.873,807.322,240.121,744.724,284.428,604.519
562.456,1006.179,508.648,807.462,240.165,744.654,283.738,603.110
562.406,1006.016,508.719,807.360,240.293,744.461,284.287,603.134
562.628,1006.112,508.698,807.299,240.151,744.590,284.437,602.967
562.721,1006.253,508.691,807.479,240.154,744.645,284.179,603.186
562.675,1006.180,508.809,806.937,240.402,744.558,283.632,602.749
562.397,1006.334,508.850,807.118,240.303,744.695,285.001,603.046
562.355,1006.102,508.805,807.334,240.289,744.718,284.366,603.642
562.529,1006.393,508.815,807.363,240.203,744.803,284.600,604.512
562.429,1006.128,508.588,807.380,240.384,744.842,283.897,603.842
562.195,1005.950,508.649,807.340,240.414,744.871,285.489,605.324
562.504,1006.364,508.870,807.008,240.382,744.657,285.087,605.577
562.101,1006.736,508.725,807.404,240.379,744.665,283.148,607.171
562.461,1006.711,508.807,807.176,240.427,744.646,282.958,605.658
562.390,1006.613,508.821,807.228,240.431,744.714,284.681,605.914
562.716,1006.479,508.768,807.266,240.414,744.730,284.901,605.990
562.319,1005.881,508.734,807.329,240.431,744.841,284.219,605.912
562.425,1006.371,508.854,806.951,240.368,744.862,284.499,605.710
562.502,1006.426,508.778,807.086,240.442,744.872,281.150,604.156
562.466,1006.501,508.819,806.899,240.358,744.951,281.899,603.512
562.261,1006.244,508.788,807.015,240.506,744.560,284.279,603.575
562.234,1006.097,508.803,807.036,240.460,744.529,284.355,603.147
562.476,1006.082,508.869,807.090,240.525,744.929,285.052,603.552
562.138,1006.139,508.880,807.009,240.532,744.778,284.636,603.590
562.328,1006.033,508.807,807.287,240.588,744.910,284.645,603.802
562.369,1006.162,508.839,807.170,240.580,744.669,284.612,603.519
562.526,1006.366,508.866,807.017,240.622,744.694,284.882,603.834
562.708,1006.542,508.833,807.069,240.451,744.804,285.083,604.630
562.861,1006.685,508.816,807.309,240.431,744.978,284.620,604.554
562.918,1006.736,508.731,807.413,240.390,744.767,285.028,604.663
562.829,1006.596,508.875,807.086,240.486,744.583,284.955,604.723
562.692,1006.212,508.650,807.218,240.541,744.776,284.428,604.741
562.685,1006.346,508.869,806.826,240.551,744.913,284.471,605.331
562.780,1006.125,508.907,807.008,240.517,744.718,284.504,605.398
562.716,1006.334,508.869,807.072,240.535,744.782,285.855,605.584
562.334,1006.122,508.964,807.081,240.579,744.626,285.423,604.266
562.642,1006.364,508.920,806.965,240.516,744.771,285.390,603.977
562.675,1006.433,508.750,807.129,240.465,744.287,285.068,605.135
562.703,1006.724,508.728,807.237,240.482,744.497,285.888,605.548
562.559,1006.440,508.741,807.137,240.541,744.562,286.257,605.405
562.609,1006.307,509.018,806.580,240.510,744.720,286.212,605.305
562.571,1006.066,508.947,806.975,240.508,744.681,286.062,605.426
562.460,1006.195,508.778,807.010,240.518,744.638,286.495,605.670
562.641,1006.290,508.665,807.223,240.434,744.923,286.080,606.156
562.069,1006.403,508.771,807.211,240.453,744.879,285.916,605.379
562.207,1006.426,508.796,806.918,240.418,744.828,285.496,605.117
562.414,1006.525,508.875,807.195,240.405,744.559,285.332,605.728
562.287,1006.389,508.836,806.973,240.405,744.693,284.835,605.878
562.278,1006.266,508.760,807.564,240.480,744.921,285.478,604.916
562.311,1006.163,508.791,807.383,240.241,744.491,286.086,605.423
562.371,1006.527,508.729,807.554,240.546,744.583,285.562,605.836
562.359,1006.398,508.821,807.404,240.420,744.767,285.963,604.945
562.328,1006.112,508.847,806.854,240.500,744.550,286.644,605.816
562.456,1006.646,508.777,807.344,240.609,744.459,284.524,604.827
562.742,1006.780,508.756,807.308,240.516,744.560,284.180,603.796
562.822,1006.245,508.732,807.119,240.482,744.535,284.509,604.028
562.755,1006.489,508.705,807.289,240.488,744.730,284.650,604.371
562.806,1006.568,508.767,807.227,240.676,744.658,284.280,603.677
562.725,1006.108,508.745,807.080,240.746,744.672,283.961,603.107
562.566,1006.395,508.886,806.932,240.628,744.426,284.336,603.939
562.582,1006.375,508.794,807.404,240.568,744.517,284.371,604.089
562.477,1006.407,508.850,807.308,240.545,744.445,284.662,604.420
562.853,1006.568,508.949,806.974,240.576,744.541,284.519,604.228
562.726,1006.370,509.013,807.245,240.195,744.271,284.893,605.043
562.454,1006.654,509.112,806.799,240.318,744.367,285.126,606.285
562.667,1006.648,508.879,807.219,240.360,744.386,284.820,605.229
562.364,1006.079,508.927,806.673,240.550,744.636,284.848,605.148
562.300,1006.225,508.950,806.748,240.575,744.723,284.659,605.905
562.598,1006.238,508.785,806.992,240.479,744.700,284.802,605.827
562.903,1006.398,508.804,807.111,240.522,744.698,285.248,606.522
562.525,1006.474,508.899,806.919,240.593,744.624,286.419,607.020
562.617,1006.177,508.924,806.938,240.623,744.592,286.137,607.143
562.168,1006.320,508.807,806.904,240.605,744.550,286.742,607.109
562.548,1006.284,508.754,807.117,240.495,744.795,286.424,607.665
562.669,1006.625,508.814,807.140,240.782,744.483,285.814,607.806
562.511,1006.258,508.838,807.049,240.695,744.494,285.738,607.530
562.948,1006.505,508.730,807.430,240.634,744.862,285.752,608.026
562.540,1006.081,508.637,807.558,240.686,745.094,285.057,606.825
562.504,1006.101,508.681,807.389,240.574,744.712,285.216,606.475
562.617,1006.604,508.795,807.243,240.728,744.381,284.917,606.161
562.385,1006.250,508.704,807.199,240.649,744.461,284.482,606.112
562.675,1006.549,508.725,807.485,240.652,744.576,285.020,606.430
562.330,1006.503,508.708,807.485,240.615,744.688,286.478,607.062
562.461,1006.316,508.637,807.729,240.698,744.472,286.699,606.818
562.564,1005.974,508.687,807.713,240.679,744.347,286.421,606.899
562.596,1006.121,508.719,807.134,240.724,744.485,285.071,605.779
562.560,1005.968,508.789,807.032,240.705,744.374,286.090,606.325
562.449,1006.214,508.760,807.239,240.682,744.473,286.455,606.858
562.371,1006.042,508.727,807.108,240.667,744.516,286.702,607.340
562.617,1006.275,508.819,807.196,240.668,744.498,286.476,607.402
562.638,1006.367,508.711,807.278,240.640,744.443,286.480,607.499
562.695,1006.321,508.911,807.176,240.681,744.495,286.365,607.276
562.293,1006.216,508.741,807.307,240.827,744.519,286.534,607.341
562.355,1006.187,508.800,807.296,240.685,744.560,286.558,607.472
562.424,1005.757,508.711,807.216,240.655,744.613,286.493,607.316
562.500,1005.828,508.703,807.256,240.710,744.667,286.592,607.340
562.304,1006.113,508.835,807.037,240.433,744.287,286.529,607.194
562.633,1005.945,508.805,807.016,240.643,744.686,286.430,607.280
562.473,1006.326,508.668,807.388,240.721,744.744,286.404,607.000
562.427,1006.332,508.773,807.240,240.608,745.185,286.261,607.014
562.530,1006.075,508.843,806.870,240.668,745.005,286.452,606.996
562.491,1006.000,508.833,806.936,240.656,744.769,286.701,607.141
562.514,1006.226,508.911,806.640,240.757,744.799,285.999,607.373
562.616,1006.476,508.921,807.074,240.725,744.738,286.194,607.027
562.299,1006.237,508.922,807.019,240.729,744.831,285.669,607.751
562.406,1005.725,508.937,806.995,240.640,744.655,286.194,607.315
562.360,1005.900,508.893,806.965,240.713,744.758,286.424,607.090
562.220,1006.211,508.849,807.530,240.694,744.895,286.287,607.091
562.252,1006.254,508.866,807.420,240.726,744.750,286.370,606.969
562.409,1006.050,508.798,806.949,240.650,745.029,286.664,606.770
562.409,1006.001,508.936,806.956,240.749,744.617,286.340,606.995
562.501,1006.337,508.957,807.168,240.697,744.683,286.289,607.259
562.483,1006.226,508.881,807.118,240.547,744.404,285.739,607.228
562.837,1006.605,509.013,806.982,240.752,744.738,285.086,607.375
562.585,1006.428,508.941,807.013,240.717,744.490,285.119,607.349
562.825,1006.602,508.766,807.333,240.660,744.347,284.720,606.564
562.603,1006.427,508.823,807.374,240.675,744.321,285.331,606.841
562.643,1006.289,508.974,807.284,240.613,744.571,285.709,606.512
562.455,1006.363,508.806,807.406,240.763,744.602,285.180,606.682
562.541,1006.361,508.678,807.461,240.739,744.650,284.313,606.737
562.234,1005.926,508.820,807.026,240.670,744.588,284.134,606.405
562.772,1006.087,508.849,806.822,240.733,744.354,283.576,605.941
562.713,1006.285,508.873,806.865,240.799,744.512,283.382,606.198
562.746,1006.394,508.910,806.725,240.746,744.713,283.127,605.876
562.484,1006.377,509.089,806.615,240.723,744.560,283.478,606.098
562.700,1006.556,508.710,807.111,240.722,744.497,283.406,606.010
562.505,1006.304,508.952,806.861,240.847,744.587,283.602,605.995
562.665,1006.416,508.880,806.870,240.806,744.477,283.834,606.319
562.443,1006.372,509.045,806.804,240.777,744.173,283.867,606.440
562.443,1006.091,508.776,807.154,240.796,744.384,285.195,607.460
562.389,1006.293,508.985,806.834,240.697,743.915,285.038,607.695
562.647,1006.412,508.956,806.886,240.812,744.302,285.618,608.321
562.842,1006.466,509.077,806.554,240.844,744.358,285.822,608.320
562.436,1006.302,508.869,806.781,240.919,744.477,285.575,609.238
562.914,1006.491,508.851,806.845,240.761,744.142,285.259,609.178
562.759,1006.359,508.920,807.036,240.834,744.459,285.665,608.199
562.278,1006.333,508.796,807.257,240.828,744.550,285.989,607.605
562.455,1006.151,508.931,806.677,240.919,744.300,286.110,608.153
562.726,1006.273,508.874,806.771,240.895,744.257,283.925,607.149
562.473,1006.219,509.108,806.704,240.806,743.900,284.167,607.783
562.246,1006.519,508.922,806.990,241.025,744.198,283.320,607.170
562.414,1006.240,508.827,807.083,240.888,743.904,282.778,606.907
562.259,1006.072,508.998,807.198,240.956,744.203,281.506,606.018
562.505,1006.589,508.827,807.047,240.848,744.281,281.471,605.971
562.654,1006.230,508.860,806.904,240.763,744.075,282.799,606.111
562.606,1006.148,508.809,807.068,240.793,744.137,283.619,605.437
562.676,1006.518,508.939,806.843,240.780,744.525,283.697,605.784
562.732,1006.461,508.776,806.860,240.796,744.417,283.087,605.845
562.638,1006.341,508.819,806.988,240.890,744.797,283.443,605.982
562.531,1006.370,508.762,807.273,240.895,744.578,283.461,605.418
562.682,1006.598,508.809,806.926,240.808,744.382,283.782,605.819
562.522,1006.206,508.858,806.920,240.872,744.503,283.845,605.902
562.736,1006.511,508.848,807.256,240.795,744.212,284.123,606.297
562.697,1006.521,508.859,807.086,240.824,744.157,283.958,606.695
563.105,1007.479,508.930,807.005,240.652,743.992,285.621,607.693
563.396,1008.136,508.976,806.793,240.813,744.195,285.792,607.781
563.142,1008.327,509.042,806.958,240.718,744.132,285.898,607.910
563.636,1008.755,508.849,806.959,240.590,743.921,285.379,608.224
563.289,1008.719,508.962,806.938,240.604,743.889,285.306,608.273
563.292,1008.489,508.718,807.379,240.708,743.821,285.144,608.402
563.308,1008.741,508.886,807.127,240.649,743.778,284.925,608.387
563.573,1008.624,508.904,807.144,240.588,744.335,284.897,608.045
563.332,1008.244,508.872,807.133,240.655,743.940,285.211,608.295
563.249,1007.984,508.795,807.098,240.643,744.102,284.889,608.331
563.336,1007.983,508.874,806.831,240.618,744.145,283.525,608.078
563.433,1008.109,508.773,807.439,240.869,743.841,283.469,607.772
563.759,1008.205,508.786,807.194,240.735,744.047,283.064,607.595
563.287,1007.764,508.878,807.067,240.870,744.405,284.987,608.412
563.199,1007.884,508.857,807.106,240.997,744.154,285.472,608.919
563.218,1007.911,508.833,807.199,240.943,744.083,285.543,609.271
563.482,1008.079,508.820,807.462,240.883,744.121,285.855,609.391
563.230,1007.896,508.838,807.381,240.801,744.002,285.606,609.485
563.868,1008.392,508.736,807.303,240.855,744.031,285.485,608.644
563.630,1007.830,508.810,807.626,240.958,744.096,285.630,608.684
563.456,1007.616,508.779,807.155,240.880,744.078,285.093,607.766
563.732,1007.747,508.766,806.934,240.803,744.174,285.303,608.276
563.501,1007.543,508.826,807.190,240.697,744.370,286.172,608.291
563.434,1007.677,508.731,807.102,240.759,744.332,285.568,608.486
563.366,1007.436,508.835,807.020,240.787,744.412,285.958,608.064
563.351,1007.795,508.987,806.972,240.807,743.917,286.203,607.973
563.240,1007.478,508.931,806.769,240.841,744.234,286.451,608.373
563.414,1007.600,508.908,806.932,240.873,744.188,287.051,608.574
563.412,1007.603,508.813,806.985,240.877,744.177,286.577,607.963
563.454,1007.589,509.092,806.811,241.075,744.094,286.458,607.045
563.415,1007.440,509.064,806.847,241.024,744.077,286.022,606.903
563.084,1007.250,508.818,807.081,240.858,744.062,286.307,608.002
563.357,1007.487,508.799,807.138,240.850,744.107,286.155,607.323
563.364,1007.431,508.692,807.208,241.050,744.141,285.975,607.269
563.395,1007.653,508.713,807.105,240.940,744.210,286.082,607.405
563.253,1007.424,508.868,807.274,240.922,744.007,286.139,607.698
563.349,1007.518,508.888,807.203,240.924,744.057,286.265,607.916
563.700,1007.584,508.876,807.035,241.025,743.951,286.566,608.846
563.928,1007.762,508.924,806.972,240.842,744.008,286.473,608.380
563.476,1007.895,508.882,806.939,240.650,743.770,286.372,608.111
564.211,1008.253,508.908,807.191,240.845,744.136,286.424,608.060
563.404,1007.700,508.851,807.307,240.847,744.544,286.166,608.073
563.703,1007.838,508.864,807.349,240.842,744.050,286.208,608.188
563.537,1007.731,508.868,807.148,240.803,744.043,286.234,608.205
563.582,1007.576,508.851,807.329,240.907,743.954,286.424,608.286
563.936,1007.904,508.826,807.446,240.799,744.163,286.388,607.703
562.985,1007.263,508.915,807.289,240.657,743.874,286.303,607.821
563.272,1007.581,508.902,807.375,240.659,743.788,286.308,607.868
563.134,1007.412,508.860,807.398,240.588,743.960,286.248,607.933
563.064,1007.460,508.906,807.397,240.639,743.772,285.775,608.121
563.365,1007.313,508.931,807.185,240.650,743.996,285.794,608.058
563.426,1007.380,508.889,807.391,240.740,743.892,285.885,608.003
562.910,1007.137,509.097,807.056,240.898,744.180,286.012,608.202
563.471,1007.768,509.042,807.207,240.671,743.847,285.943,608.197
563.071,1007.526,509.055,807.145,240.773,743.750,285.747,608.091
563.374,1007.487,508.843,807.299,240.808,743.816,285.656,608.094
563.468,1007.721,508.914,807.235,240.850,744.106,285.448,608.069
563.744,1007.751,508.882,807.244,240.810,744.008,285.191,608.056
563.211,1007.281,508.855,807.239,240.858,744.065,285.120,608.087
563.294,1007.234,508.966,807.219,241.055,744.304,285.384,607.900
563.369,1007.509,509.010,806.956,240.915,744.179,283.372,607.321
563.574,1007.871,508.998,807.045,240.854,744.275,284.822,608.034
563.454,1007.463,508.996,806.929,240.919,744.247,285.352,607.800
563.437,1007.193,509.025,806.920,240.834,744.261,284.968,607.607
563.537,1007.395,508.892,807.548,240.785,744.229,284.916,607.584
563.585,1007.359,508.895,807.540,240.813,744.357,285.198,607.639
563.488,1007.473,508.845,807.366,241.054,744.380,285.431,607.538
563.375,1007.256,508.782,807.614,240.817,744.379,284.397,607.184
563.716,1007.617,508.879,807.441,240.848,744.167,282.083,606.858
563.569,1007.710,508.856,807.501,240.826,744.106,283.812,607.262
563.401,1007.380,508.817,807.225,240.737,744.441,281.903,606.545
563.719,1007.804,508.760,807.352,240.804,744.484,281.993,606.703
563.337,1007.625,508.733,807.352,240.830,744.363,282.907,607.213
563.368,1007.661,508.695,807.611,240.841,744.171,282.837,606.190
563.058,1007.828,508.861,807.574,240.775,744.348,283.073,607.256
563.570,1007.991,508.793,807.300,240.839,744.393,283.329,607.402
563.316,1007.661,508.783,807.461,240.833,744.336,283.219,607.609
563.438,1007.752,508.894,807.261,240.782,744.281,283.534,608.648
563.352,1007.672,508.956,807.065,240.920,744.256,281.716,608.516
563.387,1008.221,509.001,807.008,240.833,744.161,282.274,607.501
563.409,1007.447,508.974,807.161,240.897,744.307,282.795,608.191
563.668,1007.817,508.736,807.541,240.903,744.411,282.090,608.373
563.827,1007.672,508.797,807.174,240.833,744.197,281.901,607.563
563.449,1007.620,508.823,807.245,240.837,744.088,282.766,608.646
563.333,1007.490,508.835,807.006,240.906,744.198,282.312,608.589
563.571,1008.067,508.904,807.102,240.854,743.993,282.547,608.238
563.511,1007.521,508.844,807.191,241.003,744.069,281.266,608.309
563.519,1007.730,508.857,807.351,240.818,744.229,281.555,608.767
563.648,1007.910,508.858,807.212,240.896,744.348,281.829,608.571
563.115,1007.654,508.740,807.512,240.636,744.123,281.037,608.969
562.887,1007.397,508.748,807.510,240.630,744.038,282.609,608.306
563.302,1007.635,508.941,806.955,240.824,744.459,282.840,607.828
563.395,1007.327,509.007,807.041,240.866,744.387,282.305,608.072
563.368,1007.606,509.067,807.370,240.952,744.559,281.952,607.567
563.431,1007.492,508.854,807.618,241.069,744.091,280.143,605.646
563.346,1007.426,508.819,807.449,241.001,744.127,282.412,606.740
563.118,1007.474,508.815,807.483,240.907,744.362,282.418,605.360
563.400,1007.554,509.050,806.971,240.853,744.288,284.368,607.126
563.909,1007.884,508.805,807.391,240.768,744.202,282.577,607.500
563.641,1007.735,508.890,807.428,240.834,744.155,282.854,607.237
563.591,1007.622,508.816,807.245,240.835,743.982,283.069,605.779
563.544,1007.638,508.749,807.346,240.930,744.191,282.889,605.884
563.375,1007.557,508.802,807.152,240.904,743.968,282.309,606.894
563.400,1007.471,509.000,806.925,240.850,744.190,282.169,606.489
563.381,1007.585,508.703,807.281,240.785,744.172,281.906,607.385
563.467,1007.443,508.977,806.937,240.923,744.227,281.370,607.840
563.223,1007.562,508.862,807.320,240.943,744.692,283.532,607.441
563.119,1007.267,508.844,807.216,240.852,744.398,283.559,607.438
563.769,1007.587,508.918,807.237,240.892,744.356,283.239,607.849
563.078,1007.154,509.010,806.958,240.672,744.068,283.254,608.306
563.136,1007.291,509.043,806.941,240.706,744.060,282.585,608.364
563.301,1007.593,508.821,807.608,240.785,744.592,283.438,608.728
563.369,1007.434,508.933,807.409,240.911,744.254,283.453,607.826
563.680,1007.643,508.914,807.538,240.776,744.508,283.357,608.103
563.373,1007.359,508.828,807.476,240.889,744.298,282.959,608.142
563.336,1007.375,508.933,807.194,240.781,744.191,283.010,608.494
562.979,1007.497,508.882,807.292,241.030,744.360,282.999,608.387
563.307,1007.045,508.810,807.313,240.989,744.406,282.955,608.023
563.334,1007.477,508.782,807.311,240.918,744.317,282.571,607.838
563.296,1007.383,508.720,807.404,240.751,744.468,281.949,608.786
563.182,1007.074,508.869,807.255,240.836,744.501,282.743,610.017
563.301,1007.242,508.882,807.075,240.845,744.420,282.123,609.201
562.739,1007.095,508.902,807.216,240.637,744.067,281.417,609.237
563.365,1007.153,508.934,807.326,240.752,744.297,281.116,609.265
563.420,1007.222,508.949,807.265,241.007,744.027,281.794,608.546
563.350,1007.083,509.007,807.022,240.743,743.918,281.798,608.797
563.370,1007.184,508.904,806.841,240.797,744.235,281.770,609.080
563.572,1007.466,508.972,806.915,240.767,744.259,281.669,609.747
563.243,1007.246,508.915,806.957,240.787,744.190,280.502,609.218
563.234,1007.365,509.048,806.901,240.842,744.198,281.339,609.933
563.304,1007.577,508.772,807.360,240.854,744.097,281.324,610.334
563.469,1007.497,508.759,807.526,240.866,744.118,281.561,610.780
563.157,1007.145,508.799,807.468,240.928,744.327,282.015,610.262
563.197,1007.248,508.927,807.132,240.889,744.336,281.555,610.183
563.179,1007.257,508.946,807.252,240.892,744.372,282.940,612.188
563.182,1007.171,508.836,807.335,240.840,743.848,282.892,612.426
563.231,1007.389,508.862,807.218,240.824,744.058,283.367,611.609
563.372,1007.355,508.912,807.352,240.851,744.146,283.297,611.121
563.134,1007.142,508.926,807.413,240.773,744.243,283.866,611.323
563.146,1007.156,508.871,807.360,240.766,744.172,283.773,611.444
563.180,1007.201,508.744,807.479,240.798,744.457,283.431,610.656
563.088,1007.094,508.951,807.002,240.728,744.178,283.285,610.562
563.061,1007.038,508.902,806.970,240.810,744.084,283.370,611.144
562.682,1007.017,508.828,807.183,240.876,744.372,281.447,609.115
563.304,1007.231,508.872,807.416,240.901,744.063,282.545,610.091
563.549,1007.381,509.011,807.022,240.765,744.088,283.472,610.764
563.058,1007.263,508.956,807.201,240.673,743.853,283.476,610.928
562.988,1007.218,508.876,807.326,240.885,744.096,282.564,610.508
563.060,1007.088,508.874,807.179,240.926,744.327,282.255,610.619
563.174,1007.205,508.839,807.318,240.936,744.179,282.490,611.387
563.059,1007.261,508.884,807.265,240.878,744.266,281.437,609.662
563.320,1007.231,508.766,807.429,240.869,744.377,281.438,610.097
563.392,1007.408,509.122,806.918,240.926,744.124,281.445,610.743
563.266,1007.270,508.955,807.364,240.940,744.094,281.414,610.272
563.382,1007.370,508.775,807.116,240.882,743.671,281.670,609.946
563.345,1007.188,508.814,807.287,241.003,743.553,281.843,610.000
563.452,1007.428,508.894,807.125,240.930,744.012,282.530,610.491
563.275,1007.239,509.014,807.189,240.831,743.884,281.408,609.370
563.221,1007.048,509.012,807.114,240.960,743.908,282.923,611.345
563.306,1007.134,508.924,807.352,240.987,744.089,282.876,611.610
563.205,1007.053,508.947,807.136,240.923,744.136,282.398,610.893
563.021,1007.176,508.918,807.374,240.967,744.216,283.069,610.121
563.025,1007.008,508.849,807.354,240.886,744.290,283.389,610.125
563.133,1007.249,508.894,807.219,241.012,744.233,283.237,609.828
562.971,1007.100,508.782,807.458,241.100,744.322,283.046,610.393
563.224,1007.305,508.995,807.199,241.033,744.030,282.866,610.055
563.141,1007.090,508.858,807.296,241.026,743.960,282.780,609.250
563.087,1007.143,508.806,807.259,240.997,744.093,283.396,609.600
563.213,1007.189,508.868,807.216,241.065,743.889,283.297,609.771
563.488,1007.582,508.867,807.330,241.019,744.120,282.896,607.902
563.232,1007.214,508.936,806.748,241.002,744.038,284.050,608.736
563.474,1007.472,509.029,806.902,240.904,744.086,284.521,609.458
563.181,1007.312,509.055,807.007,240.977,743.967,284.146,608.696
563.232,1007.201,508.922,807.095,240.893,744.113,284.018,608.918
563.297,1007.260,509.002,807.092,241.180,744.052,284.108,609.217
563.487,1007.583,508.949,807.073,241.094,744.007,284.052,609.276
563.029,1007.237,508.939,807.119,241.029,744.102,283.667,609.785
563.145,1007.060,508.814,807.381,240.987,744.318,283.558,609.818
563.288,1007.416,508.994,807.277,240.929,744.399,284.186,609.575
563.389,1007.219,508.863,807.174,240.992,744.473,284.450,609.454
563.330,1007.149,508.751,807.549,240.996,744.094,285.036,609.306
563.187,1007.115,508.864,807.236,241.000,744.209,284.727,609.307
563.158,1007.446,508.912,807.264,240.938,744.370,284.520,608.883
563.057,1007.468,508.863,807.353,240.898,744.049,284.753,608.849
563.317,1007.493,509.006,807.395,240.806,744.197,284.870,609.493
563.053,1007.291,508.919,807.394,240.889,743.898,284.924,608.822
563.328,1007.468,508.905,807.263,240.817,744.012,285.072,608.963
563.303,1007.204,508.879,807.082,241.089,744.046,284.797,608.971
563.381,1007.409,508.836,807.284,240.849,744.143,285.113,609.042
562.868,1006.826,508.804,807.486,240.986,744.088,285.056,609.658
563.303,1007.057,508.781,807.303,240.964,744.098,284.926,608.578
563.056,1007.168,509.024,807.207,240.915,744.135,284.988,609.061
563.013,1006.988,508.878,807.313,240.910,743.970,285.133,609.141
563.234,1007.124,508.919,806.934,240.940,744.019,284.611,608.748
563.020,1007.158,508.943,806.865,240.850,743.906,284.837,609.076
563.258,1006.967,508.813,807.200,240.947,743.943,284.809,608.914
563.582,1007.312,508.789,807.055,240.796,743.853,284.770,608.675
563.368,1007.466,509.017,806.939,240.824,743.863,284.535,608.550
563.272,1006.962,508.837,807.121,240.883,743.573,284.840,608.908
563.385,1007.151,508.867,807.323,241.023,743.859,284.945,608.703
563.353,1007.252,508.729,807.376,241.017,743.757,285.668,609.291
563.177,1007.169,508.744,807.480,241.029,744.014,285.580,609.150
563.140,1007.276,508.781,807.283,240.774,743.633,285.604,608.747
563.147,1007.196,508.756,807.325,240.762,743.703,285.117,609.181
562.959,1006.953,508.812,807.370,240.810,743.739,284.470,608.557
563.033,1006.928,508.703,807.306,240.930,743.986,285.603,608.662
563.032,1006.992,508.894,806.805,240.995,743.911,285.660,609.059
563.089,1006.908,508.822,807.429,240.994,744.064,285.342,608.662
562.872,1007.011,508.937,807.317,240.968,744.008,285.131,609.108
563.403,1007.253,508.755,807.275,240.918,743.964,284.881,608.493
563.564,1007.227,508.871,807.862,240.979,744.056,285.909,609.329
563.359,1007.303,508.821,807.497,240.934,743.889,286.515,608.985
563.293,1007.330,508.811,807.571,240.984,743.878,286.306,608.975
563.256,1007.255,508.826,807.199,241.003,744.021,284.916,608.680
563.281,1007.464,508.852,807.150,241.004,743.980,285.835,609.395
563.146,1007.221,508.811,807.330,240.899,743.939,285.836,609.440
563.068,1007.093,509.015,807.177,240.907,744.076,285.948,608.638
563.127,1007.215,508.943,807.054,240.950,743.891,285.894,608.989
563.079,1007.242,508.992,807.121,240.954,743.980,285.889,608.914
563.386,1007.512,508.798,807.216,240.917,743.704,285.565,608.891
563.428,1007.447,508.869,807.258,240.890,743.875,285.868,609.010
563.147,1007.350,508.928,807.243,240.913,743.809,285.794,609.155
562.896,1007.766,508.879,807.062,240.959,743.858,285.394,609.078
562.954,1007.398,508.770,807.108,240.965,744.274,285.438,609.141
563.362,1007.500,508.916,807.001,240.909,744.114,285.545,609.353
563.287,1007.562,508.917,806.924,240.900,744.059,285.485,609.441
563.197,1007.250,509.156,806.626,240.944,744.104,286.028,609.354
563.138,1007.394,509.063,806.786,240.933,744.117,285.335,609.002
562.949,1006.767,508.823,807.193,240.845,744.014,286.087,609.289
562.968,1007.022,508.946,807.126,240.889,743.887,284.891,609.286
563.176,1007.778,508.815,807.118,241.109,743.981,285.740,609.031
563.193,1007.431,508.838,807.123,240.918,744.206,286.264,609.269
563.545,1007.660,508.901,807.357,240.944,743.913,285.624,609.401
563.384,1007.650,508.844,807.553,240.989,743.897,285.973,609.424
563.331,1007.673,508.962,807.088,240.932,743.726,286.099,608.767
563.611,1007.744,508.873,807.594,240.982,743.887,285.990,609.026
563.388,1007.738,509.094,806.670,241.060,744.055,286.359,608.951
563.027,1007.166,508.814,807.256,240.957,743.914,285.541,608.767
562.963,1006.571,508.859,807.284,241.045,743.714,283.061,608.060
563.177,1007.593,508.890,807.089,240.947,743.820,285.472,608.818
563.326,1007.586,508.906,807.228,240.915,743.942,285.514,609.061
563.421,1007.606,508.961,807.454,241.009,743.820,282.730,608.346
563.328,1007.690,508.981,807.523,241.011,743.805,282.536,608.170
563.269,1007.720,508.972,807.425,241.001,744.030,282.849,608.620
563.160,1007.399,508.911,807.274,240.975,743.846,282.545,608.322
562.866,1006.946,509.015,806.992,241.023,744.048,283.195,608.447
563.434,1007.264,509.005,807.131,240.905,743.644,283.429,608.706
563.275,1007.309,508.971,807.048,241.016,743.950,282.735,608.442
563.218,1007.201,508.886,807.377,240.946,743.838,283.440,608.717
563.710,1008.083,508.895,807.417,240.998,744.067,283.051,608.581
563.240,1007.574,508.994,807.044,240.979,744.067,285.451,608.996
563.297,1007.625,508.926,807.293,241.001,744.118,285.607,609.040
563.101,1007.142,508.863,807.323,240.960,744.020,285.557,608.985
563.035,1007.188,508.821,807.541,240.937,744.035,285.525,608.932
563.254,1007.293,508.823,807.178,241.012,743.787,285.248,609.024
563.266,1007.443,508.872,807.009,240.929,743.876,285.437,609.328
563.370,1007.852,508.867,807.452,240.928,743.845,285.381,609.382
563.340,1007.485,508.880,807.444,240.989,743.752,285.355,609.461
563.328,1007.392,508.837,807.445,240.956,743.890,285.618,609.087
563.248,1007.510,508.773,807.348,240.971,743.982,285.712,609.062
563.325,1007.362,508.922,807.366,241.004,743.952,285.551,609.208
563.483,1007.468,508.788,807.616,240.922,743.900,285.449,608.916
563.390,1007.421,509.010,807.262,240.953,743.895,285.590,609.297
563.500,1007.551,508.935,807.025,240.835,743.962,285.782,609.400
563.232,1007.274,508.953,807.360,240.838,743.935,284.060,608.845
563.732,1007.654,508.979,807.367,240.974,744.138,285.701,609.333
563.275,1007.249,508.915,807.413,240.915,744.226,285.430,609.103
563.418,1008.056,508.946,807.478,240.726,744.158,285.340,608.957
563.226,1007.476,508.811,807.295,240.836,744.175,285.343,608.778
563.393,1007.625,508.863,807.522,240.923,744.498,285.477,608.674
563.245,1007.662,508.935,807.386,240.949,744.504,284.032,608.440
563.297,1007.437,508.911,807.017,240.939,744.038,282.805,608.348
563.324,1007.651,508.874,807.171,241.038,744.275,283.711,608.582
563.470,1007.828,509.010,806.883,241.005,744.083,282.857,608.286
563.272,1007.319,509.098,806.846,240.889,744.430,283.805,608.534
563.277,1007.400,509.010,807.216,240.958,744.175,283.874,608.727
563.268,1007.490,509.155,807.071,240.987,744.539,283.463,608.611
563.347,1007.584,509.028,807.140,240.875,744.323,283.906,608.682
563.049,1007.505,509.107,807.275,240.932,744.186,282.240,608.471
563.307,1007.566,509.134,807.196,240.899,743.998,282.949,608.716
563.438,1007.612,509.137,807.067,241.044,744.002,282.970,608.584
563.637,1008.145,509.267,806.846,240.936,744.154,282.594,608.243
563.498,1007.885,509.384,807.235,240.832,743.921,283.830,608.641
563.582,1008.013,509.410,807.203,240.874,743.958,283.949,608.740
563.228,1007.338,509.539,807.142,240.954,744.095,283.045,608.309
563.298,1007.821,509.432,807.386,241.006,744.195,282.887,608.131
563.286,1007.636,509.423,806.889,240.990,744.103,282.672,607.996
562.949,1007.339,509.480,807.128,241.009,744.015,283.595,608.607
563.323,1007.547,509.402,807.248,241.048,744.189,283.328,608.227
563.460,1007.538,509.317,807.466,240.801,744.143,283.088,608.442
563.242,1007.273,509.345,807.308,240.832,744.062,283.095,608.336
563.206,1007.307,509.293,807.433,240.998,744.120,285.631,609.075
563.514,1007.380,509.331,807.312,240.914,744.056,285.624,609.278
563.369,1007.417,509.333,807.510,240.954,744.277,285.658,609.013
563.330,1007.316,509.358,807.476,240.991,744.196,285.744,609.021
563.299,1007.382,509.270,807.085,241.023,743.884,285.407,608.822
563.304,1007.518,509.385,806.927,240.893,743.989,285.299,608.753
563.254,1007.548,509.463,807.093,241.062,744.155,285.651,608.847
563.148,1007.124,509.557,806.919,240.867,744.159,285.595,608.765
563.273,1007.279,509.351,807.295,240.888,744.056,285.672,608.655
563.023,1007.216,509.522,807.257,240.975,744.153,285.658,608.916
563.307,1007.491,509.263,807.548,241.008,744.266,285.837,609.056
563.153,1007.499,509.376,807.318,240.994,744.172,285.525,608.884
563.105,1007.373,509.211,807.620,241.030,743.867,285.396,609.088
563.078,1007.637,509.120,807.739,241.054,744.091,285.106,609.002
563.155,1007.678,509.211,807.556,241.029,743.880,284.893,608.837
562.975,1007.397,509.341,807.233,241.066,743.985,283.858,608.563
562.896,1007.191,509.268,807.332,241.007,744.045,284.209,608.704
563.242,1007.410,509.217,807.338,241.001,744.086,284.591,608.086
563.088,1007.370,509.265,807.425,240.997,744.090,284.910,608.272
563.199,1007.510,509.337,807.290,241.034,744.062,285.316,608.616
563.107,1007.369,509.257,807.303,241.116,744.176,285.452,608.625
563.260,1007.458,509.436,807.145,241.124,744.238,285.927,609.046
563.467,1007.378,509.382,807.236,241.023,744.051,286.103,609.525
563.355,1007.114,509.445,807.103,241.084,744.174,285.936,609.404
563.289,1007.184,509.433,807.329,241.054,744.103,286.070,609.537
563.304,1007.263,509.355,807.330,241.033,744.104,285.556,609.032
563.169,1007.265,509.331,807.386,241.044,744.270,285.633,609.058
563.391,1007.288,509.367,807.511,240.996,744.173,285.942,609.274
563.342,1007.509,509.383,807.299,240.957,743.973,286.290,609.660
563.194,1007.297,509.436,807.122,241.004,744.036,286.363,610.243
563.374,1007.326,509.422,807.225,241.038,744.202,286.800,610.298
563.288,1007.226,509.436,807.288,241.004,744.315,286.901,610.288
563.180,1007.228,509.397,807.318,240.980,744.223,286.580,610.437
563.261,1007.060,509.382,807.038,241.031,744.245,286.159,610.385
563.212,1007.037,509.519,806.748,241.055,744.136,286.714,610.392
563.067,1007.063,509.251,807.058,241.119,744.316,287.231,610.022
563.247,1007.449,509.214,807.429,241.007,744.247,287.359,610.024
563.502,1007.565,509.204,807.401,240.990,743.992,287.244,610.039
563.266,1007.374,509.329,807.094,240.983,743.851,286.787,609.970
563.307,1007.387,509.372,807.057,240.918,744.015,286.107,609.658
563.438,1007.456,509.354,807.169,240.974,743.999,286.343,609.840
563.427,1007.435,509.362,807.031,241.024,743.893,287.006,610.259
563.586,1007.277,509.281,807.030,241.010,743.892,287.500,609.774
563.180,1007.463,509.118,807.329,240.960,744.089,287.555,610.150
563.643,1007.693,509.126,807.497,240.948,744.207,287.481,610.184
563.357,1007.391,509.290,807.549,240.999,743.925,287.370,609.323
563.351,1007.460,509.293,807.534,240.993,744.028,287.077,609.550
563.283,1007.412,509.185,807.667,240.931,743.879,286.708,609.588
563.261,1007.364,509.277,807.387,241.094,744.114,287.206,609.350
563.051,1007.250,509.151,807.757,241.039,743.934,287.240,609.342
563.309,1007.364,509.197,807.558,241.166,743.771,287.097,609.362
563.203,1007.250,509.234,807.373,241.093,743.593,286.591,609.274
563.051,1007.054,509.267,807.419,241.008,744.026,285.939,609.215
563.170,1007.354,509.208,807.695,240.994,743.866,286.383,609.176
563.197,1007.537,509.432,807.082,240.977,744.074,286.822,609.260
563.339,1007.769,509.329,807.246,240.995,744.086,287.205,609.677
563.184,1007.335,509.200,807.176,241.076,744.095,286.903,609.921
563.351,1007.699,509.475,806.904,241.060,744.198,286.381,610.416
563.323,1007.466,509.247,807.214,240.979,744.025,285.988,610.359
563.460,1007.927,509.203,807.390,241.077,744.023,285.958,609.202
563.109,1007.307,509.198,807.065,241.050,744.394,286.148,609.117
563.242,1007.794,509.209,807.404,240.981,744.384,286.174,608.942
563.176,1007.409,509.302,807.389,241.147,743.940,286.165,609.820
563.162,1007.219,509.412,807.081,241.196,744.161,286.317,609.468
563.180,1007.277,509.423,807.209,241.141,744.124,286.504,610.260
562.998,1007.457,509.353,807.076,241.160,744.148,285.688,609.994
563.077,1007.305,509.305,806.960,241.027,744.021,285.329,609.919
562.861,1007.372,509.376,806.941,241.236,744.105,284.101,610.103
562.959,1007.424,509.347,806.839,241.229,744.031,284.480,609.833
563.191,1007.458,509.241,807.106,241.107,744.060,286.534,609.243
563.267,1007.628,509.280,807.227,241.175,743.932,286.970,609.777
563.066,1007.323,509.222,807.357,241.250,744.102,286.630,610.546
563.140,1007.464,509.284,807.295,241.298,744.021,286.013,610.674
563.084,1007.182,509.213,807.288,241.080,743.896,284.836,609.828
563.091,1007.395,509.247,807.437,241.207,744.077,285.987,609.937
563.235,1007.435,509.440,806.809,241.076,744.257,286.228,609.646
563.325,1007.366,509.339,807.049,241.090,744.349,286.349,610.282
563.622,1007.605,509.469,806.757,241.174,744.303,283.238,609.898
563.291,1007.248,509.295,807.360,241.103,744.303,283.802,610.005
563.264,1007.128,509.253,807.406,241.149,744.145,284.790,609.457
563.079,1007.057,509.472,806.782,241.032,744.087,285.227,610.395
563.293,1007.229,509.561,806.931,241.111,744.005,285.327,610.721
563.821,1007.563,509.374,807.119,241.017,743.627,284.896,610.409
563.403,1007.424,509.381,807.247,241.080,743.896,284.154,610.099
563.391,1007.573,509.302,807.004,241.056,743.714,285.966,609.812
563.309,1007.635,509.122,807.122,240.943,743.717,285.841,610.701
563.090,1007.306,509.356,807.250,241.074,744.001,285.290,610.505
563.210,1007.263,509.174,807.531,241.010,743.742,283.543,610.024
563.944,1007.932,509.457,806.999,241.156,744.124,284.458,609.951
563.412,1007.569,509.331,807.022,241.071,743.989,285.104,609.024
563.421,1007.616,509.463,807.157,241.235,744.398,285.565,609.889
563.290,1007.367,509.230,807.177,241.119,744.236,285.862,610.149
563.186,1007.497,509.357,807.034,240.855,743.986,285.929,610.333
563.249,1007.518,509.478,806.727,241.015,743.898,284.740,609.077
563.447,1007.555,509.291,806.966,240.962,743.976,284.108,608.697
563.381,1007.442,509.330,807.407,241.158,743.955,284.537,606.931
563.358,1007.334,509.153,807.294,241.181,744.169,284.827,607.228
563.322,1007.321,509.215,807.320,241.292,744.170,285.140,607.802
563.451,1007.494,509.268,807.033,241.215,744.199,285.771,608.509
563.423,1007.523,509.262,807.282,241.215,744.092,285.779,607.958
563.382,1007.481,509.324,807.147,241.179,744.128,286.065,607.282
563.651,1007.724,509.339,807.183,241.289,744.221,285.873,606.577
563.384,1007.563,509.251,807.275,241.175,744.053,286.450,606.728
563.408,1007.605,509.191,807.183,241.174,744.094,286.424,607.017
563.671,1007.776,509.358,807.136,241.138,744.022,283.447,605.472
563.601,1007.831,509.364,806.883,241.221,744.223,286.116,606.493
563.494,1007.705,509.279,807.350,241.232,744.238,286.480,606.185
563.431,1007.496,509.290,806.925,241.314,744.395,285.369,606.786
563.470,1007.779,509.390,806.980,241.199,744.045,285.104,606.613
563.767,1008.103,509.392,807.025,240.875,743.629,284.709,607.471
564.019,1008.064,509.401,807.305,241.018,744.013,284.286,606.642
563.555,1007.804,509.315,807.302,241.203,744.338,285.339,607.959
563.231,1007.418,509.323,807.273,241.154,744.716,285.346,608.072
563.475,1007.664,509.363,807.187,241.128,744.558,285.598,608.052
563.128,1007.394,509.387,806.957,241.260,744.515,286.093,608.043
563.310,1007.395,509.513,806.777,241.091,744.519,286.146,608.060
563.087,1007.380,509.477,806.844,241.086,744.449,286.020,607.997
563.340,1007.502,509.364,807.366,241.069,744.701,285.965,607.958
563.419,1007.680,509.306,807.590,241.117,744.843,285.560,608.295
563.536,1007.922,509.330,807.552,240.985,744.359,285.626,608.226
563.267,1007.972,509.266,807.473,240.478,744.607,285.179,608.152
563.455,1007.689,509.384,807.360,239.564,746.146,285.248,608.473
563.531,1007.670,509.351,807.573,236.089,747.564,285.296,608.423
563.150,1007.675,509.192,807.721,231.609,746.280,285.912,608.957
562.884,1007.501,509.317,807.344,230.741,748.214,286.136,608.569
563.269,1007.350,509.394,807.452,230.754,747.654,286.066,608.570
563.341,1007.589,509.501,807.055,230.597,747.782,286.038,608.601
563.303,1007.452,509.359,807.182,230.771,749.019,286.163,608.629
563.378,1007.618,509.271,807.429,230.804,749.026,286.271,608.883
563.372,1007.538,509.212,807.296,230.756,749.174,286.319,608.792
563.131,1007.169,509.082,807.522,230.601,749.425,286.222,608.532
563.206,1007.284,509.167,807.807,230.779,750.552,286.305,608.505
563.570,1007.498,509.213,807.573,232.087,750.411,286.465,608.840
563.618,1007.575,509.170,807.496,232.779,749.905,286.158,608.549
563.178,1007.367,509.221,807.592,232.391,750.414,286.362,608.576
563.124,1007.409,509.262,807.488,231.928,751.189,286.433,608.636
563.399,1007.324,509.128,807.388,231.670,752.548,286.224,608.594
563.531,1007.755,509.215,807.583,231.525,752.647,286.121,608.576
563.230,1007.559,509.363,807.208,231.688,754.443,286.241,608.489
563.200,1007.627,509.120,807.434,231.589,752.584,286.392,608.839
563.309,1007.578,509.237,806.923,231.956,754.544,286.548,608.989
563.538,1007.752,509.228,807.408,231.571,753.169,286.478,608.939
563.512,1007.352,509.259,807.176,231.722,755.036,286.523,608.913
563.385,1007.325,509.186,807.292,231.690,754.367,286.415,609.113
563.489,1007.469,509.264,807.081,231.656,754.614,285.988,608.757
563.597,1007.790,509.343,806.865,231.450,754.861,286.412,608.849
563.355,1007.822,509.233,807.031,231.502,752.954,286.928,608.830
563.309,1007.371,509.163,807.324,231.575,754.803,286.695,608.446
563.408,1007.492,509.164,807.231,231.504,754.791,286.735,608.574
563.530,1007.582,509.259,806.979,231.616,754.979,286.793,608.931
563.464,1007.397,509.352,807.117,231.601,755.023,286.692,608.859
563.303,1007.458,509.235,807.115,231.510,752.667,286.572,608.372
563.158,1007.412,509.326,807.071,231.542,752.474,286.311,608.231
563.312,1007.372,509.124,807.275,231.580,751.985,286.056,608.307
562.982,1007.061,509.269,807.356,231.505,753.010,285.930,608.221
563.111,1007.049,509.155,807.635,231.523,752.667,285.894,608.175
563.389,1007.432,509.058,807.647,231.655,754.816,286.212,607.966
563.364,1007.465,509.087,807.424,231.433,753.085,286.234,608.143
563.575,1007.809,509.150,807.577,231.240,753.018,286.439,607.806
563.334,1007.242,509.114,807.573,231.377,752.917,286.268,607.627
563.290,1007.244,509.042,807.717,231.515,754.684,285.972,607.535
563.216,1007.231,509.244,807.558,231.403,752.409,285.974,607.456
563.309,1007.434,509.252,807.204,231.388,753.314,286.147,607.420
563.305,1007.236,509.357,807.238,231.447,753.404,286.112,607.469
563.139,1007.279,509.422,807.195,231.424,753.511,286.057,607.576
563.359,1007.357,509.296,807.196,231.417,753.370,285.960,607.691
563.842,1007.773,509.382,807.386,231.256,753.363,286.102,607.626
563.275,1007.462,509.270,807.509,231.192,753.608,285.828,607.480
563.349,1007.310,509.289,807.321,231.248,753.443,285.864,607.539
563.525,1007.626,509.295,807.179,231.638,754.925,285.812,607.418
563.703,1007.777,509.175,807.414,231.619,755.100,286.013,607.450
563.276,1007.380,509.297,807.357,231.540,754.837,285.955,607.518
563.341,1007.469,509.243,807.332,231.509,753.256,285.931,607.455
563.257,1007.441,509.266,807.176,231.767,755.215,285.905,607.302
563.204,1007.279,509.265,807.218,231.678,755.360,285.784,607.392
563.450,1007.807,509.270,807.095,231.537,754.862,285.833,607.335
563.525,1007.553,509.395,806.747,231.436,754.973,285.826,607.353
563.498,1007.728,509.227,807.120,231.882,754.669,285.815,607.238
563.476,1007.575,509.306,806.961,231.613,753.134,285.799,607.742
562.907,1006.983,509.365,806.908,231.554,753.402,285.610,607.450
563.162,1007.192,509.326,807.142,231.527,753.295,285.657,607.155
563.435,1007.598,509.296,807.163,231.714,753.427,285.500,607.106
563.243,1007.318,508.958,807.660,231.479,753.237,285.815,607.014
563.508,1007.724,509.231,807.343,231.309,753.436,285.720,607.196
563.239,1007.472,509.157,807.135,231.469,755.008,285.626,607.079
563.245,1007.538,509.222,807.249,231.556,754.956,285.792,607.208
563.202,1007.674,509.032,807.483,231.568,753.155,285.736,607.224
563.529,1007.408,509.102,807.295,231.565,753.519,285.740,607.289
563.126,1007.457,509.048,807.635,231.614,753.424,285.837,607.164
563.196,1007.448,509.004,807.373,231.266,753.386,285.876,607.040
563.606,1007.601,509.189,807.589,231.954,754.530,285.630,607.066
563.148,1007.236,509.324,807.258,231.799,754.770,285.719,607.000
563.478,1007.482,509.130,807.541,231.915,754.785,285.484,606.954
563.354,1007.375,508.982,807.640,231.916,754.490,285.891,606.919
563.449,1007.378,509.232,807.126,232.051,755.037,285.816,606.999
563.290,1007.402,509.141,807.126,231.628,755.576,285.700,606.970
563.507,1007.730,509.081,807.291,231.312,755.313,285.804,606.952
563.571,1007.592,509.189,807.305,230.828,755.356,285.914,606.958
563.644,1007.478,509.155,807.578,230.561,755.470,285.923,606.915
563.551,1007.670,509.195,807.278,230.462,755.443,285.918,606.833
563.548,1007.568,509.291,807.199,230.118,756.112,285.865,606.739
563.429,1007.525,509.105,807.409,230.150,755.729,285.889,606.952
563.389,1007.563,509.222,807.036,230.096,755.549,285.840,606.898
563.443,1007.630,509.142,807.279,230.030,755.613,285.845,606.950
563.458,1007.755,509.245,807.022,230.032,755.794,285.946,606.934
563.026,1007.560,509.097,807.520,230.023,755.737,285.963,606.928
563.204,1007.192,509.251,807.057,230.054,755.866,285.873,606.642
563.237,1007.269,509.149,807.139,230.057,755.804,285.904,606.837
563.097,1007.480,509.254,806.815,230.012,756.065,285.764,606.821
563.203,1007.163,509.267,807.099,230.145,755.627,285.928,606.858
563.004,1007.286,509.217,806.992,230.075,755.852,285.912,606.724
563.038,1007.484,509.166,807.102,230.200,755.725,285.950,606.676
563.376,1007.214,509.290,807.132,230.249,755.828,285.831,606.726
563.260,1007.394,509.144,807.411,230.092,755.980,285.753,606.735
563.298,1007.423,509.240,807.379,229.850,755.807,285.956,606.830
563.290,1007.383,509.269,807.444,229.820,756.012,285.971,606.787
563.167,1007.120,509.172,807.271,230.166,755.763,285.911,606.716
563.350,1007.218,509.215,807.294,230.044,755.652,285.901,606.707
563.037,1006.882,509.153,807.320,229.980,755.453,285.901,606.816
563.404,1007.345,509.181,807.219,230.137,755.693,285.921,606.719
563.184,1006.958,509.089,807.309,230.219,755.723,285.867,606.759
563.184,1007.399,509.228,807.138,230.317,755.330,285.816,606.725
563.360,1007.325,509.134,807.231,230.262,755.536,285.719,606.547
563.200,1007.185,509.130,807.258,230.117,755.552,285.947,606.710
563.268,1007.056,509.237,807.038,230.177,755.427,285.755,606.657
563.136,1007.114,509.250,806.670,230.171,755.526,285.801,606.604
563.410,1007.342,509.254,807.169,230.146,755.687,285.978,606.756
563.342,1007.555,509.242,807.129,230.103,755.591,285.821,606.688
563.349,1007.334,509.224,806.937,230.190,755.510,285.830,606.627
563.389,1007.402,509.226,807.172,230.301,755.469,285.744,606.635
563.168,1007.284,509.357,807.189,230.003,755.909,285.765,606.557
563.493,1007.481,509.308,807.074,230.055,756.388,285.948,606.628
563.501,1007.366,509.221,807.148,229.979,755.879,286.091,606.459
563.423,1007.284,509.108,807.474,229.757,755.824,286.017,606.696
563.419,1007.397,509.267,806.895,230.077,755.673,286.033,606.550
563.305,1007.357,509.208,807.081,230.081,755.707,286.042,606.498
563.266,1007.143,509.268,806.995,230.061,755.598,286.048,606.610
563.292,1007.069,509.248,807.138,230.115,755.679,286.049,606.729
563.411,1007.294,509.213,807.219,230.177,755.527,285.867,606.509
563.372,1007.414,509.439,807.087,230.145,755.682,285.767,606.443
563.078,1007.056,509.301,806.951,230.322,755.451,285.762,606.460
563.168,1006.953,509.144,807.202,230.445,755.445,285.773,606.459
563.322,1007.469,509.144,806.928,230.431,755.664,286.003,606.503
562.990,1007.285,509.195,807.051,230.422,755.720,285.820,606.497
563.464,1007.426,509.094,806.971,230.381,755.739,285.905,606.412
563.231,1007.375,509.170,807.102,230.401,755.757,285.834,606.587
563.243,1007.405,509.136,807.275,230.390,755.629,285.889,606.538
563.389,1007.188,509.209,807.165,230.505,755.645,285.811,606.529
563.379,1007.280,509.076,807.357,230.505,755.463,285.939,606.625
563.101,1007.087,509.263,807.079,230.552,755.367,286.026,606.596
563.172,1007.243,509.186,807.232,230.581,755.404,285.885,606.398
563.191,1007.258,509.147,807.022,230.636,755.411,285.776,606.440
563.228,1007.286,509.152,807.287,230.491,755.703,285.698,606.405
563.429,1007.337,509.227,807.132,230.544,755.343,285.762,606.493
563.158,1007.153,509.260,807.051,230.650,755.114,285.654,606.441
563.130,1007.026,509.148,807.414,230.544,755.040,285.905,606.312
563.062,1006.999,509.171,807.123,230.643,755.031,285.817,606.330
563.178,1006.945,509.112,807.443,230.584,755.239,286.173,606.474
562.978,1007.183,509.151,807.126,230.737,755.263,286.091,606.499
563.049,1006.999,509.208,807.415,230.699,755.252,286.035,606.457
563.238,1007.497,509.201,807.136,230.750,755.360,286.137,606.423
563.328,1007.184,509.105,807.186,230.723,755.377,286.180,606.452
563.278,1007.096,509.192,807.200,230.658,755.251,286.094,606.586
563.568,1007.286,509.094,807.212,230.683,755.314,286.004,606.598
563.072,1007.308,509.169,807.190,230.761,755.219,285.970,606.331
563.335,1007.143,509.264,807.079,230.771,755.095,286.005,606.334
563.415,1007.443,509.226,807.560,230.732,755.287,286.212,606.406
563.415,1007.198,509.236,807.088,230.752,755.154,286.178,606.425
563.199,1007.191,509.159,806.943,230.848,755.277,285.699,606.262
563.170,1007.070,509.089,807.377,231.443,755.101,285.911,606.257
563.154,1007.473,509.093,807.296,231.340,755.541,286.009,606.338
563.186,1006.861,509.119,807.180,231.379,755.384,285.821,606.225
563.090,1006.895,509.072,807.311,231.111,755.212,285.760,606.309
563.294,1007.288,509.144,807.220,230.510,755.377,285.978,606.442
563.150,1007.138,509.198,807.231,229.770,755.253,285.887,606.364
563.265,1007.095,509.271,807.238,229.217,755.903,285.945,606.334
563.397,1007.113,509.203,807.039,229.213,755.757,286.029,606.387
563.290,1007.229,509.315,807.009,228.807,755.890,285.853,606.379
563.234,1007.113,509.316,807.065,228.644,756.755,286.038,606.390
563.472,1007.461,509.237,807.433,228.069,756.816,286.007,606.275
563.409,1007.369,509.210,807.614,228.010,756.586,285.937,606.241
563.640,1007.514,509.165,807.184,227.144,756.323,286.065,606.216
563.491,1007.406,509.160,807.274,225.218,758.255,286.086,606.273
563.024,1007.443,509.097,807.024,225.725,756.321,286.060,606.235
563.289,1007.408,509.264,807.237,224.081,757.761,286.035,606.360
563.131,1007.335,509.282,807.073,223.634,757.553,285.936,606.363
563.609,1008.228,509.260,807.110,223.227,757.331,286.078,606.327
563.555,1007.833,509.491,806.656,223.014,757.024,286.164,606.340
562.995,1007.125,509.215,807.156,223.801,754.453,286.076,606.277
563.016,1007.179,509.232,807.159,222.420,754.751,286.137,606.319
563.141,1007.475,509.213,807.419,221.775,753.893,286.116,606.339
563.169,1007.333,509.153,807.568,220.949,753.411,286.185,606.280
563.398,1007.379,509.078,807.557,220.246,753.018,286.082,606.324
563.581,1007.537,509.130,807.342,219.009,753.163,286.266,606.261
563.482,1007.574,509.121,807.962,216.754,752.652,286.131,606.272
563.015,1007.451,509.061,807.622,216.598,752.650,286.177,606.304
563.128,1007.302,509.284,807.576,216.254,751.582,285.857,606.153
563.397,1007.499,509.352,807.207,215.827,750.015,286.196,606.281
563.329,1007.195,509.380,807.279,214.724,748.640,286.292,606.224
563.177,1007.224,509.369,807.481,212.818,745.552,285.890,606.222
563.194,1007.122,509.476,807.381,212.032,743.414,286.010,606.332
563.123,1007.325,509.350,807.121,211.458,742.110,286.016,606.320
563.239,1007.237,509.382,807.163,210.919,740.222,285.984,606.229
563.946,1007.741,509.403,807.128,210.391,739.672,286.282,606.477
562.993,1007.530,509.378,807.631,210.112,738.926,286.274,606.396
563.081,1007.284,509.419,807.447,209.341,739.333,286.472,606.448
563.294,1007.545,509.320,807.724,208.754,737.333,286.430,606.451
563.440,1007.546,509.448,807.440,203.445,736.545,286.054,606.254
563.746,1007.803,509.384,807.524,203.371,734.000,286.241,606.283
563.339,1007.587,509.458,807.243,203.185,734.497,286.118,606.064
563.928,1007.666,509.512,807.447,202.608,734.687,286.129,606.131
563.868,1007.787,509.381,807.569,202.809,734.676,286.216,606.220
563.494,1007.578,509.455,807.551,202.457,734.429,286.057,606.178
563.518,1007.648,509.435,807.388,202.405,734.559,286.083,606.184
563.414,1007.461,509.510,807.472,202.724,734.676,286.069,606.076
563.369,1007.308,509.472,807.424,202.429,735.233,286.122,606.135
563.426,1007.606,509.409,807.659,202.564,734.783,286.026,606.068
563.252,1007.236,509.432,807.376,202.882,734.728,286.176,606.126
563.731,1007.650,509.466,807.441,202.306,735.169,286.100,606.114
563.596,1007.527,509.463,807.337,202.440,734.823,286.154,606.145
563.503,1007.366,509.363,807.550,202.330,734.760,286.034,606.078
563.609,1007.844,509.342,807.652,203.557,731.322,286.138,606.023
563.555,1007.677,509.360,807.305,202.644,731.205,286.040,606.164
563.396,1007.492,509.365,807.457,201.549,730.794,285.912,606.059
563.406,1007.604,509.383,807.290,201.685,731.022,286.107,606.260
563.405,1007.551,509.486,807.170,203.259,733.507,286.215,606.146
563.459,1007.636,509.476,807.181,201.888,730.460,286.045,606.246
563.393,1007.486,509.427,807.304,201.754,722.802,286.060,606.193
563.235,1007.331,509.385,807.336,199.096,717.647,286.039,606.112
563.541,1007.535,509.511,807.132,199.077,714.052,286.129,606.138
563.446,1007.710,509.431,807.204,197.003,708.980,285.998,606.019
563.193,1007.575,509.443,807.512,197.144,706.548,285.910,606.120
563.371,1007.626,509.425,807.425,197.738,703.861,285.810,605.757
563.599,1007.713,509.496,807.068,197.733,702.240,286.037,606.014
563.491,1007.452,509.408,807.532,197.507,702.155,286.085,606.026
563.464,1007.658,509.606,807.058,197.582,701.724,286.279,606.185
563.537,1007.646,509.665,807.094,197.786,700.931,285.881,605.993
563.280,1007.425,509.670,806.926,197.332,696.669,285.977,605.971
563.521,1007.640,509.524,807.109,197.372,696.125,285.940,605.976
563.492,1007.711,509.543,807.013,197.937,694.727,286.161,605.964
563.695,1007.686,509.479,806.973,197.678,686.818,286.046,605.996
563.550,1007.624,509.554,807.141,197.860,683.529,286.019,606.001
563.123,1007.549,509.313,807.459,198.276,681.988,285.849,605.973
563.184,1007.526,509.330,807.393,198.533,681.302,286.006,606.101
563.283,1007.525,509.346,807.545,198.977,679.933,285.876,605.902
563.247,1007.361,509.420,807.407,199.081,677.780,285.782,605.929
563.470,1007.453,509.430,807.295,199.440,674.503,285.777,605.965
563.117,1007.487,509.480,807.129,200.902,672.887,285.707,605.940
563.533,1007.680,509.437,807.289,198.449,679.070,285.893,605.942
563.463,1007.434,509.373,807.310,198.179,680.674,286.084,605.987
563.552,1007.377,509.341,807.335,198.044,681.133,285.991,605.995
563.266,1007.560,509.488,807.385,198.118,681.178,285.934,606.062
563.358,1007.101,509.499,807.274,198.081,681.242,286.162,606.028
563.555,1007.645,509.537,807.380,197.555,681.576,286.043,606.065
563.533,1007.547,509.501,807.208,197.734,681.972,286.465,605.670
563.144,1007.277,509.314,807.540,197.207,682.665,286.629,604.952
563.446,1007.371,509.562,807.279,197.189,682.344,286.385,604.487
563.520,1007.638,509.459,807.444,197.313,682.173,286.624,604.483
563.444,1007.457,509.610,807.241,197.274,682.643,286.618,604.520
563.627,1007.873,509.465,807.073,197.267,682.262,287.139,604.761
563.784,1007.580,509.432,807.155,197.356,682.333,287.118,604.694
563.451,1007.458,509.503,807.229,197.256,681.827,287.141,604.621
563.754,1008.071,509.402,807.416,197.397,681.845,287.031,604.662
563.443,1007.738,509.441,807.435,197.465,681.673,287.287,604.578
563.761,1008.102,509.585,807.212,197.505,681.441,287.620,604.587
563.624,1007.937,509.493,807.399,197.873,680.579,287.854,604.728
563.425,1007.346,509.419,807.250,197.719,679.669,287.962,605.323
563.831,1008.112,509.511,807.164,197.636,680.257,287.950,605.855
563.412,1007.412,509.495,807.228,197.383,678.686,288.376,606.034
563.497,1007.496,509.404,807.552,197.045,678.659,288.361,605.991
563.600,1007.669,509.500,807.178,196.990,679.183,288.314,605.869
563.589,1007.634,509.442,807.260,197.291,679.843,288.412,605.926
563.540,1007.816,509.553,807.284,197.339,678.932,288.472,605.827
563.348,1007.535,509.548,807.120,197.452,679.669,288.551,605.682
563.631,1007.725,509.735,807.091,197.458,680.518,288.645,605.867
563.363,1007.308,509.507,807.393,197.338,679.068,288.581,605.972
563.335,1007.274,509.551,807.134,197.331,680.144,288.419,605.858
563.667,1007.703,509.641,807.031,197.380,680.333,288.563,605.998
563.465,1007.465,509.391,807.432,197.429,679.877,288.664,605.848
563.620,1007.695,509.398,807.660,197.219,679.426,288.779,605.840
563.465,1007.370,509.477,807.417,197.324,680.152,288.770,605.871
563.216,1007.414,509.169,807.814,197.193,680.110,288.490,605.764
563.197,1007.590,509.340,807.709,197.156,679.591,288.444,605.671
563.326,1007.462,509.585,807.302,197.424,679.781,288.500,605.810
563.356,1007.390,509.492,807.414,197.289,680.495,288.665,606.003
563.329,1007.604,509.486,807.597,197.237,680.473,288.424,605.740
563.343,1007.643,509.511,807.693,197.218,680.330,288.262,605.640
563.631,1007.822,509.585,807.318,197.249,680.233,288.488,605.702
563.524,1007.804,509.538,807.507,197.267,680.814,288.362,605.724
563.528,1007.894,509.543,807.279,197.294,680.197,288.163,605.643
563.392,1007.451,509.406,807.434,197.217,680.402,288.284,605.670
563.272,1007.442,509.429,807.418,197.275,680.362,288.341,605.777
563.093,1007.414,509.469,807.257,197.185,680.470,288.369,605.559
563.227,1007.328,509.504,807.346,197.275,680.431,288.217,605.530
563.339,1007.520,509.446,807.591,197.014,680.564,288.430,605.704
563.439,1007.604,509.493,807.444,197.174,680.409,288.365,605.678
563.325,1007.479,509.468,807.587,196.780,680.155,288.202,605.704
563.429,1007.488,509.616,807.343,196.828,680.273,288.405,605.885
563.530,1007.521,509.401,807.333,197.125,680.110,288.598,605.812
563.318,1007.461,509.441,807.712,197.091,679.664,288.468,605.887
563.450,1007.397,509.398,807.665,197.272,680.310,288.554,605.931
563.607,1007.597,509.591,807.416,197.294,680.884,288.585,605.604
563.389,1007.232,509.417,807.721,197.206,681.095,288.438,605.796
563.593,1007.916,509.561,807.313,197.255,680.628,288.520,605.541
563.710,1007.960,509.538,807.507,197.277,680.460,288.160,605.133
563.683,1007.901,509.562,807.459,197.256,679.629,288.551,605.721
563.553,1007.653,509.516,807.693,197.271,679.714,288.614,605.703
563.493,1007.568,509.477,807.530,197.345,679.738,288.708,605.997
563.511,1007.512,509.451,807.523,197.364,679.485,288.602,605.962
563.443,1007.642,509.367,807.525,197.292,679.990,288.270,605.713
563.243,1007.812,509.477,807.262,197.307,679.770,288.294,605.662
563.550,1007.387,509.635,807.351,197.345,680.044,288.539,605.786
563.524,1007.394,509.452,807.553,197.265,682.041,288.469,605.850
563.582,1007.860,509.498,807.506,197.138,679.326,288.447,605.880
563.123,1007.228,509.414,807.679,197.185,680.180,288.501,605.760
563.166,1007.420,509.489,807.472,197.177,679.680,288.470,605.805
563.311,1007.524,509.536,807.329,197.240,680.320,288.743,605.837
563.324,1007.564,509.518,807.439,197.353,680.924,288.615,605.888
563.224,1007.456,509.538,807.323,197.355,679.574,288.737,605.675
563.437,1007.672,509.498,807.620,197.311,680.545,288.676,605.592
563.446,1007.553,509.564,807.428,197.237,680.410,288.618,605.833
563.451,1007.540,509.618,807.226,197.330,680.088,288.419,605.567
563.398,1007.564,509.389,807.661,197.301,679.863,288.386,605.623
563.384,1007.426,509.449,807.570,197.311,680.125,288.347,605.565
563.367,1007.642,509.572,807.486,197.323,680.480,288.713,605.650
563.348,1007.553,509.528,807.725,197.180,680.113,288.721,605.636
563.300,1007.672,509.636,807.369,197.232,680.420,288.532,605.778
563.274,1007.393,509.606,807.500,197.197,680.040,288.462,605.748
563.361,1007.604,509.606,807.390,197.099,681.166,288.499,605.733
563.547,1007.867,509.647,807.314,197.054,680.937,288.616,605.955
563.545,1007.815,509.690,807.260,197.109,680.784,288.707,605.926
563.400,1007.538,509.588,807.453,197.124,681.192,288.646,605.891
563.395,1007.605,509.559,807.434,197.305,680.487,288.595,606.016
563.422,1007.629,509.574,807.471,197.180,681.047,288.647,605.655
563.335,1007.602,509.503,807.559,197.407,681.435,288.686,605.580
563.402,1007.579,509.455,807.602,197.088,681.269,288.624,605.812
563.371,1007.618,509.595,807.284,197.101,681.554,288.599,605.795
563.892,1008.167,509.604,807.352,197.073,680.265,288.579,605.676
563.589,1007.693,509.502,807.703,197.061,681.286,288.521,605.744
563.519,1007.608,509.569,807.374,196.953,680.863,288.489,605.870
563.576,1007.783,509.543,807.413,196.689,681.233,288.210,605.608
563.848,1007.819,509.587,807.255,196.957,680.501,288.242,605.528
563.675,1007.874,509.550,807.710,197.122,681.407,288.315,605.550
563.884,1008.001,509.633,807.331,197.493,681.429,288.294,605.437
563.720,1008.030,509.508,807.475,197.317,682.035,288.457,605.749
563.926,1008.346,509.502,807.189,197.356,681.735,288.175,605.580
563.634,1008.122,509.589,807.197,197.369,681.618,288.601,605.727
563.814,1008.032,509.623,807.238,197.061,681.074,288.526,605.803
563.521,1007.717,509.570,807.432,196.768,681.072,288.514,605.582
563.659,1007.686,509.678,807.303,196.745,680.777,288.547,605.591
563.286,1007.317,509.638,807.203,196.847,680.948,288.408,605.619
562.979,1007.205,509.633,807.293,196.751,681.254,288.482,605.681
563.166,1007.486,509.551,807.476,196.726,681.222,288.590,605.977
563.334,1007.687,509.632,807.223,196.665,681.109,288.537,605.804
563.646,1007.820,509.574,807.334,196.696,681.061,288.580,605.829
563.954,1008.005,509.660,807.185,197.063,681.143,288.892,606.059
563.843,1008.010,509.514,807.300,197.016,681.219,288.859,606.029
563.434,1007.503,509.587,807.289,196.704,680.972,288.570,605.791
563.478,1007.399,509.530,807.383,196.692,680.875,288.681,605.778
563.281,1007.769,509.623,807.170,197.018,680.954,288.545,605.660
563.324,1007.683,509.693,807.198,196.944,681.104,288.548,605.640
563.754,1007.680,509.678,807.209,197.008,680.347,288.665,605.767
563.724,1007.551,509.639,807.389,197.098,679.999,288.543,605.654
563.575,1007.757,509.504,807.370,196.780,681.364,288.632,605.798
563.698,1007.738,509.563,807.357,196.960,681.952,288.638,605.784
563.831,1007.861,509.670,807.313,197.092,681.848,288.361,605.522
563.333,1007.756,509.563,807.498,197.526,680.896,288.599,605.386
563.115,1007.685,509.629,807.400,197.335,681.533,288.584,605.565
563.579,1007.615,509.583,807.339,197.249,681.199,288.717,605.555
563.482,1007.518,509.551,807.502,197.105,681.860,288.511,605.541
563.626,1007.620,509.491,807.530,197.240,682.594,288.602,605.663
563.912,1007.881,509.568,807.431,197.537,681.271,288.644,605.544
563.561,1007.522,509.538,807.522,197.631,681.750,288.404,605.714
563.516,1007.504,509.558,807.800,197.141,680.334,288.493,605.658
563.608,1007.647,509.652,807.107,197.087,680.566,288.344,605.751
563.681,1007.717,509.674,807.136,197.079,680.559,288.281,605.441
563.735,1007.769,509.728,807.047,197.155,680.850,288.427,605.657
563.529,1007.412,509.659,807.075,197.214,681.049,288.330,605.521
563.432,1007.729,509.651,807.198,197.220,681.239,288.442,605.438
563.465,1007.481,509.693,806.905,197.072,681.446,288.408,605.523
563.418,1007.574,509.662,807.111,197.112,681.384,288.310,605.671
563.660,1007.743,509.646,806.927,196.961,681.834,288.356,605.529
563.753,1007.681,509.605,807.126,196.986,682.145,288.446,605.687
563.789,1007.656,509.628,807.182,197.213,681.605,288.434,605.588
563.687,1007.591,509.737,806.876,197.157,681.654,288.426,605.611
563.530,1007.643,509.681,807.249,197.159,681.677,288.587,605.543
563.470,1007.691,509.672,807.134,197.213,681.754,288.723,605.609
563.281,1007.526,509.633,807.118,197.201,681.577,288.505,605.698
563.500,1007.496,509.659,807.257,197.132,681.945,288.547,605.699
563.548,1007.668,509.627,807.558,197.304,681.783,288.512,605.736
563.470,1007.595,509.719,807.205,197.249,681.982,288.766,605.840
563.593,1007.638,509.575,807.411,197.505,682.306,288.788,605.851
563.605,1007.578,509.638,807.067,197.788,682.290,288.386,605.573
563.604,1007.757,509.642,807.173,197.821,682.297,288.351,605.561
563.371,1007.287,509.762,807.199,197.805,682.373,288.401,605.708
563.524,1007.530,509.725,807.119,197.759,682.579,288.468,605.681
563.451,1007.605,509.724,807.432,197.764,682.823,288.494,605.674
563.498,1007.873,509.711,807.395,197.804,682.821,288.473,605.612
563.466,1007.497,509.549,807.308,197.810,682.566,288.388,605.647
563.526,1007.684,509.587,807.263,197.743,682.578,288.449,605.588
563.627,1007.721,509.626,807.412,197.885,682.378,288.439,605.460
563.629,1007.732,509.612,807.291,197.857,682.602,288.779,605.862
563.507,1007.807,509.544,807.472,197.639,682.799,288.331,605.335
563.381,1007.646,509.700,807.103,197.662,681.985,288.415,605.488
563.007,1007.592,509.574,807.315,197.743,683.115,288.299,605.412
563.634,1007.681,509.540,807.276,197.819,682.173,288.538,605.439
563.407,1007.576,509.478,807.489,198.126,683.403,288.356,605.444
563.394,1007.539,509.676,807.168,198.239,682.899,288.604,605.618
563.773,1007.875,509.635,807.350,198.301,682.438,288.713,605.562
563.508,1007.592,509.690,807.133,198.364,682.948,288.492,605.611
563.349,1007.480,509.607,807.209,198.306,682.475,288.534,605.730
563.288,1007.426,509.648,807.162,198.417,683.708,288.510,605.525
563.325,1007.462,509.706,807.358,197.896,682.668,288.678,605.570
563.651,1007.674,509.646,807.172,198.052,682.941,288.298,605.486
563.702,1007.697,509.687,807.132,197.801,683.449,288.294,605.515
563.443,1007.419,509.440,807.667,198.117,682.405,288.410,605.367
563.117,1007.622,509.531,807.534,197.919,683.252,288.390,605.551
563.664,1007.642,509.584,807.708,198.056,683.210,288.311,605.460
563.614,1007.528,509.561,807.425,198.178,682.493,288.233,605.350
563.711,1007.618,509.570,807.479,197.899,683.349,288.516,605.470
563.872,1007.830,509.655,807.159,198.163,683.706,288.486,605.396
563.547,1007.656,509.685,807.156,198.081,683.787,288.310,605.317
563.748,1007.946,509.653,807.122,198.029,682.637,288.582,605.395
563.618,1007.790,509.547,807.337,198.152,683.125,288.473,605.377
563.597,1007.687,509.719,807.012,198.095,682.839,288.410,605.563
563.569,1007.640,509.699,807.281,198.080,682.671,288.387,605.508
563.465,1007.535,509.734,807.070,198.063,682.812,288.850,605.598
563.615,1008.159,509.519,807.364,197.945,682.020,288.737,605.699
563.687,1008.125,509.703,807.261,197.853,681.845,288.200,605.583
563.393,1007.640,509.893,806.686,197.901,682.962,288.337,605.453
563.785,1008.072,509.689,807.225,198.038,682.172,288.302,605.442
563.652,1007.902,509.761,807.176,198.853,684.450,288.863,606.043
563.762,1007.961,509.657,807.397,198.821,683.833,288.674,605.742
563.826,1008.069,509.692,807.189,198.095,682.569,288.370,605.602
563.805,1008.261,509.656,807.179,198.206,682.748,288.535,605.474
563.632,1007.435,509.595,807.434,198.266,682.805,288.820,605.853
563.424,1007.403,509.575,807.398,198.236,683.325,288.768,605.816
563.482,1007.464,509.491,807.404,198.654,684.780,288.811,605.500
563.450,1007.455,509.507,807.525,198.598,684.897,288.776,605.638
563.528,1007.834,509.467,807.506,198.714,684.994,288.595,605.640
563.466,1007.444,509.641,807.270,198.154,682.935,288.550,605.587
563.461,1007.425,509.713,807.131,198.195,683.141,288.543,605.402
563.246,1007.142,509.547,807.496,198.269,683.051,288.366,605.600
563.352,1007.291,509.543,807.139,198.378,683.083,288.329,605.231
563.476,1007.522,509.570,807.274,198.306,683.154,288.679,605.464
563.543,1007.330,509.646,807.346,197.974,683.822,288.826,605.745
563.800,1007.828,509.631,807.150,197.891,682.451,288.223,605.373
563.626,1007.586,509.540,807.068,198.599,684.120,288.321,605.431
563.337,1007.723,509.602,807.306,198.715,683.949,288.429,605.503
563.346,1007.321,509.617,807.419,198.772,683.924,288.501,605.596
563.442,1007.519,509.584,807.268,198.672,683.192,288.666,605.606
563.540,1007.599,509.518,807.235,198.610,683.666,288.609,605.622
563.304,1007.481,509.603,807.506,198.848,683.914,288.790,605.559
563.566,1007.690,509.627,807.422,198.613,683.141,288.705,605.705
563.455,1007.788,509.537,807.355,198.683,683.831,288.548,605.568
563.314,1007.399,509.636,807.434,198.542,684.257,288.604,605.701
563.544,1007.528,509.644,807.727,198.177,683.306,288.586,605.575
563.433,1007.607,509.672,807.197,198.271,684.221,288.435,605.496
563.669,1007.824,509.555,807.512,198.226,683.829,288.517,605.332
563.692,1007.556,509.569,807.437,198.428,684.241,288.305,605.639
563.582,1007.481,509.439,807.627,198.309,684.092,288.358,605.637
563.703,1008.049,509.797,807.428,198.474,683.826,288.399,605.590
563.635,1007.960,509.622,807.536,198.511,683.067,288.535,605.351
563.587,1007.220,509.546,807.343,198.333,686.785,288.578,605.434
563.529,1007.692,509.582,807.402,198.267,684.170,288.631,605.463
563.550,1007.680,509.527,807.401,198.195,683.136,288.216,605.563
563.659,1007.700,509.565,807.525,198.172,684.156,288.411,605.508
563.706,1007.706,509.582,807.460,198.147,683.531,288.391,605.419
563.651,1007.810,509.614,807.628,198.359,683.682,288.283,605.384
563.583,1007.677,509.697,807.545,198.145,682.885,288.778,605.583
563.546,1007.242,509.584,807.598,198.303,683.550,288.704,605.459
563.655,1007.257,509.671,807.325,198.217,683.302,288.565,605.574
563.809,1007.530,509.643,807.722,198.323,683.587,288.640,605.597
563.690,1007.469,509.547,807.495,198.343,683.690,288.780,605.646
563.417,1007.495,509.638,807.358,198.163,683.353,288.534,605.554
563.550,1007.523,509.545,807.555,198.267,682.833,288.448,605.585
563.380,1007.372,509.658,807.279,198.105,683.631,288.703,605.783
563.366,1007.322,509.601,807.404,198.101,684.019,288.824,605.687
563.337,1007.605,509.719,807.198,198.230,682.467,288.670,605.576
563.475,1007.613,509.658,807.118,198.212,682.496,288.523,605.546
563.718,1007.675,509.726,807.328,198.162,682.918,288.475,605.538
563.614,1007.376,509.548,807.645,198.034,682.145,288.419,605.384
563.688,1007.653,509.703,807.305,198.315,682.859,288.605,605.400
563.732,1007.735,509.562,807.679,198.245,683.623,288.409,605.440
563.474,1007.814,509.606,807.407,198.185,684.195,288.382,605.357
563.698,1007.791,509.579,807.412,198.275,684.339,288.435,605.695
563.725,1007.736,509.686,807.447,198.417,683.640,288.545,605.679
563.635,1007.473,509.664,807.269,198.311,684.339,288.814,605.864
563.495,1007.394,509.634,807.519,198.164,684.284,288.586,605.633
563.120,1007.331,509.597,807.582,198.357,683.930,288.442,605.726
563.573,1007.665,509.629,807.461,198.295,684.156,288.463,605.763
563.207,1007.495,509.579,807.373,198.384,684.030,288.510,605.646
563.289,1007.314,509.656,807.293,198.937,684.715,288.585,605.695
563.601,1007.683,509.571,807.523,198.397,685.004,288.775,605.568
563.833,1007.806,509.710,807.435,198.831,685.891,288.459,605.565
563.588,1007.607,509.749,807.303,198.864,686.149,288.473,605.490
563.838,1007.767,509.755,807.104,198.204,684.723,288.390,605.635
563.705,1007.596,509.751,807.216,198.935,686.970,288.241,605.308
563.096,1007.166,509.617,807.385,198.251,684.411,288.424,605.524
563.424,1007.379,509.523,807.569,198.190,684.213,288.298,605.331
563.485,1007.585,509.691,807.266,198.239,684.119,288.622,605.274
563.627,1007.476,509.678,807.449,198.327,684.108,288.462,605.305
563.445,1007.262,509.631,807.524,198.405,684.415,288.398,605.786
563.502,1007.384,509.723,807.278,198.333,684.397,288.528,605.731
563.635,1007.487,509.533,807.442,198.412,684.769,288.427,605.798
563.627,1007.532,509.635,807.351,198.212,684.852,288.512,605.680
563.538,1007.479,509.609,807.465,198.185,684.366,288.622,605.735
563.488,1007.366,509.571,807.737,198.295,684.815,288.580,605.833
563.684,1007.520,509.535,807.639,198.232,684.597,288.460,605.584
563.712,1007.618,509.453,807.709,198.177,684.462,288.386,605.314
563.723,1007.586,509.613,807.422,198.096,685.749,288.522,605.488
563.641,1007.618,509.625,807.344,198.233,684.563,288.287,605.598
563.515,1007.503,509.601,807.426,198.406,684.428,288.691,605.537
563.534,1007.399,509.517,807.661,198.181,684.526,288.775,605.800
563.497,1007.534,509.505,807.608,198.357,684.723,288.753,605.683
563.526,1007.528,509.686,807.373,198.313,685.014,288.762,605.531
563.588,1007.591,509.585,807.357,198.323,685.342,288.821,605.581
563.417,1007.352,509.553,807.545,198.290,684.938,288.605,605.628
563.599,1007.497,509.620,807.476,198.431,685.231,288.698,605.649
563.057,1007.075,509.791,806.973,198.499,684.862,288.307,605.459
563.304,1007.290,509.732,807.364,198.450,685.403,288.393,605.590
563.102,1007.036,509.635,807.548,198.506,684.401,288.489,605.472
563.442,1007.352,509.775,807.257,199.097,688.016,288.405,605.364
563.450,1007.157,509.575,807.612,198.467,685.577,288.556,605.310
563.598,1007.339,509.793,807.426,198.368,683.809,288.296,605.606
563.642,1007.366,509.611,807.581,198.646,686.903,288.450,605.687
563.312,1007.313,509.620,807.481,198.418,684.431,288.470,605.673
563.282,1007.328,509.655,807.435,198.361,683.953,288.378,605.647
563.250,1007.394,509.562,807.532,198.611,686.004,288.549,605.775
563.383,1007.247,509.606,807.601,198.316,683.406,288.450,605.762
563.334,1007.614,509.719,807.370,198.207,682.692,288.588,605.630
563.307,1007.437,509.582,807.640,198.513,685.170,288.549,605.540
563.510,1007.634,509.567,807.538,198.369,683.662,288.566,605.606
563.502,1007.528,509.502,807.675,198.575,683.088,288.507,605.555
563.526,1007.356,509.627,807.519,198.605,684.279,288.495,605.522
563.313,1007.203,509.535,807.605,198.520,683.776,288.640,605.595
563.266,1007.283,509.581,807.372,198.279,683.865,288.559,605.546
563.526,1007.418,509.541,807.610,198.653,685.115,288.568,605.446
563.420,1007.266,509.659,807.369,198.214,683.996,288.582,605.532
563.614,1007.506,509.545,807.739,198.256,684.679,288.254,605.448
563.472,1007.294,509.664,807.555,198.152,685.410,288.260,605.402
563.280,1007.166,509.757,806.871,197.968,683.945,288.390,605.573
563.333,1007.141,509.773,807.168,198.120,684.206,288.213,605.490
563.587,1007.366,509.620,807.398,198.162,684.640,288.688,605.658
563.601,1007.398,509.711,807.131,198.225,684.347,288.735,605.534
563.362,1007.272,509.688,807.225,198.061,684.628,288.427,605.481
563.446,1007.380,509.598,807.451,198.107,684.540,288.485,605.541
563.570,1007.478,509.606,807.482,198.168,684.738,288.503,605.566
563.471,1007.261,509.600,807.447,198.225,684.334,288.387,605.330
563.374,1007.161,509.585,807.392,198.249,684.458,288.448,605.325
563.681,1007.524,509.658,807.429,198.258,684.382,288.473,605.515
563.594,1007.482,509.594,807.544,198.288,684.390,288.603,605.459
563.865,1007.532,509.648,807.367,198.192,684.727,288.349,605.247
563.957,1007.667,509.588,807.472,198.306,684.247,288.237,605.184
563.701,1007.807,509.624,807.638,198.281,684.633,288.398,605.431
563.680,1007.756,509.612,807.529,198.465,684.034,288.383,605.451
563.542,1007.414,509.773,807.157,198.411,684.794,288.571,605.495
563.579,1007.401,509.850,807.058,198.500,683.802,288.527,605.606
563.369,1007.242,509.579,807.696,198.551,684.354,288.653,605.408
563.336,1007.142,509.653,807.335,198.591,683.836,288.558,605.454
563.556,1007.386,509.675,807.264,198.584,683.547,288.543,605.222
563.799,1007.621,509.714,807.045,198.943,684.704,288.483,605.284
563.563,1007.377,509.527,807.492,198.560,684.302,288.408,605.288
563.405,1007.441,509.562,807.618,198.609,684.143,288.456,605.300
563.475,1007.264,509.716,807.371,198.758,684.289,288.418,605.409
563.584,1007.549,509.712,807.424,199.414,686.571,288.450,605.494
563.465,1007.376,509.626,807.491,199.354,687.111,288.416,605.541
563.767,1007.531,509.718,807.424,198.347,682.938,288.139,605.357
563.514,1007.458,509.612,807.492,198.203,683.527,288.077,605.285
563.820,1007.508,509.797,807.058,198.548,684.455,288.489,605.386
563.766,1007.513,509.600,807.530,198.432,684.636,288.311,605.521
563.938,1007.786,509.650,807.387,198.314,685.146,288.198,605.592
563.403,1007.364,509.596,807.559,198.101,684.856,288.273,605.597
563.866,1007.918,509.766,807.179,197.926,686.451,288.111,605.599
564.062,1007.774,509.588,807.077,197.865,686.405,288.535,605.646
564.174,1008.064,509.600,807.295,197.721,685.965,288.437,605.531
563.491,1007.424,509.553,807.501,198.065,684.740,288.127,605.414
563.706,1007.560,509.646,807.358,198.083,684.708,288.329,605.384
563.502,1007.322,509.597,807.460,198.222,684.546,288.131,605.422
563.493,1007.474,509.543,807.611,198.075,684.501,288.280,605.404
563.536,1007.432,509.569,807.532,198.281,684.570,288.356,605.344
563.357,1007.330,509.557,807.450,198.192,684.789,288.392,605.444
563.404,1007.510,509.636,807.176,198.339,685.059,288.449,605.455
563.435,1007.479,509.545,807.466,199.029,687.792,288.511,605.472
563.739,1007.472,509.546,807.521,198.167,685.268,288.239,605.460
564.048,1007.694,509.558,807.643,198.282,684.872,288.308,605.522
564.219,1007.798,509.608,807.670,198.183,685.286,288.364,605.704
563.962,1007.947,509.623,807.320,198.162,684.823,288.129,605.578
563.671,1007.847,509.609,807.404,198.197,684.764,288.120,605.482
563.546,1007.676,509.682,807.518,199.147,687.882,288.188,605.465
563.439,1007.429,509.689,807.402,198.282,685.407,288.030,605.544
563.358,1007.314,509.566,807.610,198.402,685.419,287.621,605.255
563.405,1007.317,509.514,807.456,198.491,685.567,287.783,605.327
563.748,1007.947,509.579,807.475,198.221,685.307,287.655,605.176
563.593,1007.800,509.606,807.412,198.421,685.358,287.677,605.098
563.562,1007.698,509.556,807.762,198.978,688.122,287.736,605.194
563.409,1007.586,509.511,807.767,198.981,688.426,287.587,605.115
563.635,1007.646,509.551,807.839,198.896,688.378,287.623,605.034
563.565,1007.660,509.618,807.537,198.308,686.124,287.792,605.101
563.205,1007.130,509.671,807.451,198.892,688.354,287.710,604.936
563.566,1007.369,509.679,807.415,198.234,686.619,287.813,604.866
563.673,1007.328,509.646,807.539,198.407,685.689,287.673,604.822
563.607,1007.419,509.503,807.673,198.132,685.725,287.766,604.764
563.671,1007.472,509.603,807.382,198.281,685.888,287.689,604.689
563.414,1007.325,509.827,807.180,198.318,685.610,286.209,603.908
563.638,1007.588,509.757,807.346,198.260,686.301,286.343,603.880
563.423,1007.336,509.746,807.369,198.248,685.776,286.021,603.780
563.193,1007.430,509.744,807.199,198.233,685.702,286.065,603.789
563.796,1007.976,509.754,807.260,198.417,685.678,286.321,603.759
563.315,1007.443,509.624,807.390,198.406,685.956,286.059,603.767
563.741,1007.551,509.722,807.495,198.335,685.793,287.748,604.551
563.639,1007.607,509.623,807.739,198.427,685.757,287.881,604.689
563.806,1007.563,509.550,807.682,198.385,686.459,286.279,603.817
563.517,1007.456,509.648,807.690,198.424,686.201,286.209,603.821
563.326,1007.446,509.636,807.590,198.435,686.511,286.403,603.848
563.694,1007.850,509.646,807.609,198.675,686.151,286.253,603.531
563.821,1007.803,509.692,807.499,198.516,685.897,286.138,603.446
563.677,1007.469,509.693,807.404,198.459,686.072,285.923,603.244
563.612,1007.527,509.613,807.553,198.541,686.245,285.886,603.178
563.248,1007.312,509.738,807.437,198.911,686.666,287.024,603.239
563.122,1007.054,509.778,807.416,198.861,686.930,293.382,601.452
563.429,1007.025,509.738,807.405,198.898,687.334,298.985,602.329
563.322,1007.177,509.792,807.442,199.852,690.209,298.950,601.703
563.519,1007.261,509.630,807.484,199.623,689.484,299.848,601.477
563.345,1007.375,509.825,807.310,198.876,686.556,300.994,600.941
563.618,1007.421,509.700,807.420,198.820,688.191,302.056,600.509
563.502,1007.386,509.719,807.538,198.819,686.296,305.446,600.535
563.625,1007.548,509.736,807.410,198.850,686.713,308.801,599.076
563.497,1007.294,509.706,807.279,198.862,686.584,312.756,600.122
563.414,1007.243,509.668,807.543,198.755,686.776,318.168,601.438
563.395,1007.315,509.648,807.614,198.870,686.255,322.474,602.510
563.380,1007.247,509.831,807.289,198.673,686.897,325.125,603.469
563.889,1007.685,509.770,807.683,198.324,686.408,328.401,603.375
563.733,1007.582,509.738,807.465,198.270,686.352,330.928,604.621
563.796,1007.605,510.099,807.701,198.270,687.102,332.316,603.944
563.772,1007.664,510.134,807.530,198.363,687.107,333.387,604.150
563.589,1007.251,509.950,807.567,198.464,688.349,333.642,604.443
563.557,1007.366,510.048,807.682,197.871,685.461,333.186,603.118
563.655,1007.448,509.945,807.947,198.011,684.741,330.485,598.385
563.346,1007.269,509.964,807.736,197.811,684.811,330.553,596.325
563.498,1007.217,509.896,807.865,197.759,686.877,333.306,596.018
563.511,1007.447,509.901,808.127,198.366,686.348,335.884,597.592
563.528,1007.443,509.882,807.923,198.439,686.303,337.374,598.031
563.651,1007.623,509.781,807.816,198.342,687.183,338.797,598.427
563.372,1007.488,509.704,808.172,198.381,687.113,339.121,598.524
563.224,1007.146,509.894,807.994,198.007,685.018,339.175,598.313
563.309,1006.916,509.815,807.990,198.478,686.446,339.107,599.016
563.657,1007.693,510.088,807.559,198.375,687.180,339.528,597.831
563.466,1007.064,509.926,807.776,198.383,687.181,340.248,598.376
563.957,1008.106,509.879,807.458,198.538,686.782,339.719,598.343
563.538,1007.544,509.815,807.832,198.426,686.524,340.682,598.797
563.085,1007.330,510.159,807.274,199.221,689.218,341.984,599.672
563.640,1007.546,509.875,807.960,198.496,686.549,342.796,600.608
563.737,1007.573,509.867,808.059,198.444,686.531,342.950,600.623
563.573,1007.468,509.813,808.052,198.447,686.348,343.284,600.799
563.434,1007.382,509.874,807.879,198.421,686.303,343.379,600.827
563.563,1007.817,509.881,807.903,198.554,686.205,344.036,600.757
563.364,1007.369,509.732,808.120,199.149,688.899,344.074,600.779
563.455,1007.378,509.857,807.971,198.427,686.376,343.961,599.835
563.259,1007.294,509.920,807.952,198.489,686.544,343.396,599.283
563.252,1007.175,509.860,808.095,198.499,686.276,343.659,599.134
563.251,1007.266,509.793,808.093,198.502,686.443,343.268,598.497
563.200,1007.097,509.833,808.059,198.489,686.410,342.869,598.132
563.048,1007.271,509.833,808.225,198.503,686.324,342.481,597.735
563.399,1007.423,509.931,807.750,199.130,689.154,342.167,597.774
563.409,1007.321,509.703,808.399,198.362,688.280,341.475,597.675
563.328,1007.270,509.725,808.252,198.405,686.209,341.434,598.063
563.545,1007.217,509.840,807.862,198.422,686.169,340.922,598.740
563.479,1007.170,509.720,807.997,198.408,687.237,341.660,599.660
563.448,1007.268,509.544,808.321,198.429,686.437,343.070,600.969
563.261,1007.367,509.614,808.362,198.471,686.384,343.803,601.343
563.540,1007.477,509.778,808.244,198.510,687.033,345.172,602.268
563.498,1007.307,509.801,808.066,198.464,686.122,346.070,602.756
563.600,1007.522,509.674,808.451,198.559,688.363,347.463,603.815
563.543,1007.581,509.477,808.617,198.491,688.400,348.491,604.120
563.150,1007.219,509.627,808.506,198.589,687.411,348.541,604.387
563.498,1007.503,509.520,808.701,198.484,688.366,348.236,604.703
563.373,1007.114,509.632,808.476,198.464,686.607,347.728,604.969
563.303,1008.043,509.555,808.694,198.576,686.521,347.668,604.452
563.507,1007.758,509.486,808.860,198.529,686.661,347.970,604.928
563.286,1007.493,509.605,808.483,198.532,686.474,347.837,605.085
563.376,1007.467,509.639,808.410,198.497,686.400,347.692,605.024
563.724,1007.896,509.528,808.451,198.378,686.566,347.166,604.898
563.598,1007.655,509.566,808.455,198.579,686.014,346.767,604.707
563.420,1007.326,509.751,808.166,198.392,684.558,346.766,604.792
563.575,1007.448,509.812,808.132,198.243,684.556,346.807,604.872
563.533,1007.764,509.579,808.465,198.376,684.819,347.093,604.909
563.540,1007.481,509.533,808.451,198.364,684.732,347.162,605.209
563.639,1007.449,509.724,808.299,198.143,684.678,346.913,604.917
563.543,1007.458,509.780,808.349,198.234,684.756,346.819,604.844
563.855,1007.716,509.832,808.229,197.852,686.150,347.009,605.085
563.465,1007.402,509.917,808.053,197.934,685.798,347.067,604.928
563.759,1007.304,509.873,808.035,198.323,686.555,347.159,605.265
563.346,1007.446,509.835,808.410,197.724,683.891,347.468,605.265
563.454,1007.518,509.778,808.421,197.687,683.261,346.877,604.949
563.253,1007.336,509.738,808.501,197.764,683.655,347.685,605.006
563.233,1007.546,509.710,808.525,197.764,685.997,348.240,605.211
563.458,1007.376,509.737,808.262,197.903,683.092,349.121,605.709
563.537,1007.224,509.860,808.280,197.789,683.473,349.381,606.080
563.589,1007.142,509.818,808.228,197.767,684.740,349.376,606.298
563.873,1007.806,509.759,808.312,197.746,683.770,349.057,606.224
563.539,1007.515,509.856,808.251,197.746,683.367,349.612,606.418
563.733,1007.505,509.835,808.004,197.807,683.046,349.784,606.353
563.444,1007.494,509.763,808.320,197.999,682.864,349.880,606.395
563.431,1007.310,509.841,808.261,197.907,683.358,349.864,606.531
563.423,1007.491,509.863,808.230,197.907,682.980,350.160,607.060
563.624,1007.499,509.745,808.513,198.428,684.680,349.693,606.967
563.722,1007.481,509.705,808.444,198.394,684.815,349.835,607.427
563.611,1007.450,509.782,808.309,197.945,683.512,349.330,607.185
563.172,1007.168,509.778,808.279,198.080,683.447,349.177,607.104
563.396,1007.379,509.804,808.282,197.734,683.127,349.158,607.152
563.426,1007.323,509.863,808.106,197.773,683.135,349.324,607.300
563.712,1007.637,509.848,808.146,197.586,682.800,349.257,607.340
563.678,1007.596,509.835,808.295,197.324,682.624,348.671,606.784
563.568,1007.527,509.841,808.322,197.141,682.585,348.562,606.084
563.340,1007.334,509.898,808.248,197.067,682.306,348.013,605.724
563.577,1007.453,509.682,808.204,197.359,683.074,348.343,605.779
563.742,1007.462,510.009,808.014,197.486,683.198,348.679,605.832
563.812,1007.659,509.982,808.269,197.419,683.161,348.721,605.797
563.482,1007.286,509.784,808.286,197.472,682.695,348.530,605.779
563.478,1007.358,509.763,808.176,197.461,683.567,348.842,605.759
563.574,1007.259,509.968,807.839,197.552,682.614,348.680,605.819
563.640,1007.565,509.916,807.944,197.559,683.311,348.605,605.725
563.432,1007.688,509.892,808.086,197.679,682.528,348.724,605.473
563.305,1007.286,509.879,808.065,197.626,682.615,348.833,605.591
563.637,1007.711,509.778,808.085,197.684,682.729,348.927,605.697
563.566,1007.641,509.829,808.219,197.717,682.635,348.779,605.642
563.739,1007.568,509.901,808.148,197.597,682.709,348.886,605.587
563.658,1007.315,509.922,808.034,197.638,682.790,348.929,605.917
563.632,1007.452,509.839,808.151,197.602,682.655,348.827,605.808
563.560,1007.621,509.814,808.137,197.705,685.645,348.922,606.022
563.504,1007.394,509.829,808.059,197.712,685.373,348.655,605.859
563.470,1007.409,509.827,808.175,197.737,682.709,348.845,605.846
563.657,1007.364,509.880,808.162,197.794,682.451,348.883,605.933
563.272,1007.250,509.819,808.358,197.636,682.532,348.862,605.871
563.614,1007.636,509.876,808.130,197.645,682.447,348.908,605.907
563.386,1006.889,509.870,808.301,197.591,682.608,348.976,606.122
563.388,1007.136,509.930,808.033,197.732,682.601,348.900,606.060
563.510,1007.703,509.701,808.342,197.804,682.682,348.963,606.098
563.394,1007.734,509.800,808.187,197.822,682.476,348.959,606.094
563.469,1007.562,509.847,808.100,197.667,682.889,348.678,605.850
563.366,1007.317,509.896,808.170,197.810,682.474,348.800,605.988
563.356,1007.302,509.802,808.311,196.895,683.075,349.019,606.072
563.643,1007.499,509.912,808.039,197.548,683.382,348.921,606.065
563.548,1007.462,509.847,808.297,197.489,682.807,349.070,606.182
563.450,1007.190,509.918,808.024,197.784,682.667,348.778,606.017
563.344,1007.400,509.874,808.171,197.751,682.590,348.934,606.122
563.691,1007.646,509.900,808.191,197.766,682.791,348.864,605.950
563.550,1007.518,509.741,808.498,197.524,682.944,348.866,606.140
563.509,1007.413,509.786,808.392,197.789,682.721,348.942,606.262
563.555,1007.701,509.828,808.025,197.731,682.838,349.110,606.316
563.296,1007.462,509.791,808.298,197.475,682.607,349.014,606.226
563.340,1007.521,509.828,808.032,197.566,682.715,349.008,606.119
563.634,1007.505,509.749,808.393,197.774,682.441,348.459,606.086
563.597,1007.475,509.861,808.323,197.780,682.588,348.463,605.948
563.752,1007.795,509.823,808.136,197.717,685.065,348.819,605.971
563.660,1007.766,509.717,808.369,197.732,682.488,348.811,605.996
563.685,1007.659,509.757,808.290,197.780,682.653,348.864,606.175
563.391,1007.308,509.806,808.384,197.768,682.612,348.936,606.213
563.377,1007.254,509.758,808.445,197.634,682.591,348.897,606.079
563.615,1007.102,509.781,808.329,197.539,685.089,348.846,606.106
563.679,1007.213,509.810,808.206,197.493,684.953,348.845,606.166
563.612,1007.482,509.702,808.320,197.498,685.005,348.396,605.922
563.305,1007.477,509.873,808.158,197.547,684.860,348.557,606.002
563.336,1007.169,509.657,808.566,197.571,682.760,348.464,606.101
563.502,1007.309,509.729,808.446,197.739,685.047,348.329,605.944
563.547,1007.778,509.925,808.077,197.654,682.751,348.778,606.088
563.766,1007.521,509.880,808.072,197.600,682.730,348.543,606.157
563.473,1007.356,509.863,807.799,197.645,683.690,348.920,606.182
563.310,1007.268,509.873,808.165,197.677,683.235,348.885,606.209
563.468,1007.324,509.952,807.841,197.805,683.638,348.544,606.192
563.450,1007.175,509.969,808.043,197.558,683.559,348.411,606.257
563.518,1007.415,509.845,807.900,197.569,682.617,348.439,606.189
563.582,1007.403,509.827,808.269,197.603,682.650,348.715,606.115
563.543,1007.562,509.773,808.360,197.615,682.739,348.651,606.151
563.360,1007.346,509.580,808.555,197.457,683.518,348.422,606.182
563.278,1007.395,509.687,808.372,197.496,683.488,348.216,606.169
563.525,1007.347,509.806,808.146,197.571,683.395,348.656,606.453
563.588,1007.372,509.740,808.301,197.474,684.840,348.789,606.402
563.541,1007.593,509.577,808.670,197.519,683.001,348.604,606.290
563.456,1007.277,509.690,808.526,197.808,682.802,348.427,606.165
563.372,1007.103,509.761,808.414,197.580,682.992,348.473,606.263
563.490,1007.258,509.571,808.468,197.618,682.989,348.316,606.161
563.600,1007.389,509.634,808.422,197.731,682.967,348.367,606.105
563.545,1007.456,509.521,808.735,197.685,682.943,348.489,606.189
563.548,1007.545,509.431,808.822,197.645,683.087,348.454,606.227
563.789,1007.777,509.596,808.680,197.836,685.178,348.699,606.534
563.909,1008.133,509.742,808.328,197.837,685.245,348.616,606.209
563.764,1007.627,509.745,808.318,197.821,682.818,348.394,606.154
563.899,1007.737,509.715,808.384,197.887,682.759,348.433,606.060
563.485,1007.196,509.633,808.283,197.934,682.949,348.736,606.215
563.680,1007.280,509.646,808.409,197.988,682.893,348.791,606.329
563.506,1007.084,509.722,808.483,197.746,682.624,348.279,605.983
563.417,1007.552,509.675,808.175,198.863,686.606,348.464,606.023
563.679,1007.515,509.754,808.153,197.752,682.505,348.782,606.123
563.842,1007.901,509.755,808.239,197.846,682.791,348.295,606.078
563.691,1007.472,509.639,808.420,197.841,682.717,348.398,606.212
563.700,1007.428,509.740,808.221,197.895,682.668,348.281,606.114
563.716,1007.431,509.764,808.240,197.860,682.529,348.284,606.049
563.544,1007.332,509.770,808.231,197.589,682.894,348.231,606.042
563.509,1007.239,509.781,808.275,197.624,682.879,348.256,606.072
563.360,1007.249,509.791,808.136,197.013,682.696,348.154,605.943
563.497,1007.311,509.704,807.916,197.064,683.019,348.132,605.959
563.344,1007.325,509.813,808.038,197.815,682.796,348.179,605.962
563.407,1007.364,509.740,808.234,197.580,682.739,348.186,605.961
563.339,1006.984,509.796,808.276,196.906,683.035,348.360,606.111
563.413,1007.399,509.817,808.189,197.623,683.037,348.579,606.317
563.203,1006.967,509.900,807.986,197.702,684.778,349.054,606.406
563.416,1007.252,509.684,808.379,197.899,682.676,348.693,606.409
563.298,1007.277,509.828,808.423,197.896,682.788,348.708,606.332
563.489,1007.262,509.930,807.972,197.852,682.779,348.724,606.263
563.376,1007.183,509.784,808.441,197.898,682.768,348.835,606.414
563.599,1007.315,509.861,808.114,197.811,682.511,348.645,606.275
563.494,1007.382,509.804,808.124,197.809,682.716,348.636,606.354
563.380,1007.206,509.626,808.578,197.842,685.211,348.470,606.322
563.636,1007.428,509.705,808.323,197.753,684.760,348.495,606.365
563.619,1007.388,509.751,808.263,197.855,683.535,348.388,606.398
563.543,1007.518,509.836,808.158,197.909,685.247,348.431,606.417
563.521,1007.252,509.887,808.216,197.608,683.780,348.615,606.582
563.420,1007.318,509.906,807.804,197.717,683.525,348.652,606.432
563.454,1007.552,509.879,807.889,197.994,685.705,348.936,606.486
563.171,1007.398,509.878,807.976,198.260,685.458,348.970,606.427
563.459,1007.783,509.771,808.068,198.298,685.461,348.816,606.153
563.529,1007.436,509.817,808.230,197.774,682.742,348.303,606.083
563.566,1007.565,509.759,808.180,197.744,685.011,348.369,606.125
563.778,1007.531,509.669,808.396,197.725,685.011,348.746,606.215
563.760,1007.778,509.812,808.085,197.892,684.974,348.592,606.323
563.691,1007.754,509.740,808.457,197.833,683.279,348.684,606.190
563.810,1007.972,509.806,808.085,197.900,684.874,348.784,606.190
563.640,1007.565,509.628,808.605,197.789,682.595,348.468,606.223
563.906,1007.878,509.704,808.457,197.609,684.773,348.692,606.293
563.742,1007.558,509.900,807.969,197.759,682.742,348.742,606.364
563.426,1007.784,509.821,808.314,197.809,682.606,348.528,606.222
563.877,1007.790,509.762,808.136,197.755,682.753,348.755,606.387
563.835,1007.711,509.857,808.335,197.746,685.110,348.595,606.381
563.697,1007.623,509.869,808.133,197.764,685.207,348.846,606.498
563.395,1007.213,509.619,808.505,197.780,682.799,348.793,606.529
563.828,1007.746,509.653,808.442,197.724,682.626,348.721,606.505
563.932,1007.692,509.769,808.336,197.978,682.702,348.712,606.533
563.709,1007.525,509.751,808.436,197.851,682.557,348.738,606.446
563.690,1007.494,509.726,808.342,197.864,682.813,349.172,606.594
563.722,1007.628,509.754,808.217,197.909,682.729,349.212,606.693
563.614,1007.478,509.734,808.213,197.904,682.691,349.149,606.697
563.589,1007.356,509.624,808.394,197.857,682.678,349.122,606.680
563.812,1007.356,509.723,808.117,197.881,684.852,348.957,606.495
563.538,1007.484,509.825,808.183,197.884,682.511,349.152,606.507
563.746,1008.110,509.854,808.369,197.696,682.801,349.175,606.552
564.034,1007.753,509.763,808.349,197.981,682.918,349.140,606.476
563.986,1007.820,509.762,808.186,197.940,682.764,349.116,606.594
563.930,1007.693,509.749,808.255,197.865,682.746,349.120,606.506
564.132,1007.935,509.841,808.281,197.923,685.002,349.065,606.544
563.611,1007.265,509.837,807.848,197.893,682.658,349.108,606.547
563.662,1007.629,509.757,808.098,197.940,682.833,349.089,606.532
563.595,1007.719,509.675,808.127,197.969,683.492,349.405,606.497
563.606,1007.303,509.830,808.083,197.821,683.566,349.176,606.570
563.504,1007.284,509.789,808.398,197.799,683.527,349.013,606.513
563.678,1007.550,509.785,808.342,197.804,683.557,349.016,606.480
563.529,1007.255,509.782,808.139,197.839,682.812,349.120,606.479
563.838,1008.039,509.802,808.022,198.237,684.009,349.041,606.589
563.818,1007.688,509.742,808.185,197.786,682.593,348.910,606.600
563.694,1007.278,509.775,808.259,197.796,683.796,348.754,606.615
563.648,1007.338,509.657,808.301,197.794,683.619,348.827,606.462
563.695,1007.889,509.747,808.202,197.538,682.834,348.837,606.538
563.528,1007.788,509.738,808.126,197.653,682.627,348.742,606.494
563.548,1007.379,509.849,808.082,197.597,682.840,348.526,606.452
563.660,1007.415,509.798,808.316,197.575,682.766,348.478,606.442
563.674,1007.459,509.932,808.082,197.538,683.670,348.719,606.595
563.868,1007.602,509.839,808.226,197.647,683.761,348.907,606.641
564.008,1008.026,509.799,808.297,197.684,682.936,349.031,606.821
563.950,1008.129,509.751,808.411,197.865,682.931,349.166,606.874
564.053,1008.119,509.666,808.468,197.619,685.066,348.956,606.759
563.939,1008.191,509.798,808.178,197.696,682.796,349.111,606.775
563.912,1007.915,509.743,808.282,197.958,685.144,349.103,606.644
564.149,1008.209,509.709,808.057,197.696,685.331,349.002,606.735
563.993,1007.977,509.608,808.489,197.737,685.328,348.919,606.618
564.139,1008.042,509.766,808.115,197.959,684.991,349.032,606.716
563.896,1008.031,509.666,808.345,197.942,684.958,349.038,606.617
563.982,1008.124,509.756,808.258,197.593,684.995,348.466,606.372
563.992,1008.174,509.695,808.169,197.540,684.849,348.631,606.489
564.345,1008.226,509.759,808.299,197.701,685.093,348.937,606.570
564.262,1008.526,509.755,808.414,197.759,684.648,348.950,606.620
563.917,1008.219,509.916,808.043,197.488,683.452,349.038,606.643
564.309,1008.357,509.906,808.107,197.486,683.549,348.709,606.511
563.715,1008.029,509.836,808.169,197.551,682.752,348.614,606.517
563.575,1007.558,509.832,808.221,197.635,682.689,348.831,606.542
563.714,1007.559,509.887,808.241,197.687,682.886,348.906,606.569
563.803,1007.534,509.832,808.222,197.631,682.579,349.029,606.785
563.614,1007.443,509.748,808.280,197.613,682.696,349.249,606.636
563.857,1008.149,509.717,808.237,197.851,682.830,349.042,606.673
563.761,1008.147,509.697,808.435,197.798,682.837,348.900,606.655
563.648,1007.761,509.586,808.622,197.851,682.925,348.736,606.407
563.946,1008.242,509.669,808.420,197.646,682.959,348.846,606.610
563.678,1007.388,509.738,808.485,197.808,682.549,349.096,606.494
563.757,1007.607,509.721,808.267,197.961,682.759,349.100,606.555
563.691,1007.482,509.712,808.252,197.862,682.750,349.312,606.789
563.658,1007.596,509.755,808.218,197.906,682.964,349.286,606.707
563.693,1007.528,509.768,808.208,197.838,683.399,349.289,606.679
563.631,1007.537,509.651,808.185,197.774,685.126,349.112,606.684
563.913,1007.430,509.869,808.031,197.870,683.359,348.817,606.721
563.832,1007.609,509.707,808.459,197.873,683.429,349.376,606.750
563.856,1007.569,509.620,808.431,197.931,683.229,349.159,606.665
563.592,1007.453,509.823,808.149,197.835,683.358,349.039,606.777
563.715,1007.743,509.788,808.115,197.891,683.586,349.336,606.802
563.797,1007.532,509.766,808.430,197.803,684.798,348.871,606.608
563.902,1007.805,509.681,808.425,197.777,683.356,348.827,606.525
563.674,1007.596,509.756,808.265,197.800,683.434,348.763,606.700
563.826,1007.569,509.808,807.904,197.780,683.333,348.786,606.625
563.742,1007.423,509.853,807.926,197.623,682.854,348.922,606.630
563.680,1007.624,509.782,808.270,197.516,682.871,348.782,606.584
563.993,1007.778,509.835,808.308,197.582,682.886,348.548,606.446
563.727,1007.655,509.809,808.234,197.556,683.501,348.626,606.488
563.716,1007.607,509.861,808.282,197.627,684.679,349.279,606.820
563.658,1007.439,509.891,808.082,197.765,682.715,349.215,606.841
563.430,1007.268,509.928,807.907,197.716,682.707,349.263,606.930
563.527,1007.819,509.679,808.389,197.713,682.743,348.722,606.625
563.427,1007.449,509.744,808.224,197.642,682.686,348.589,606.625
563.511,1007.351,509.793,808.485,197.665,682.383,349.089,606.487
563.644,1007.514,509.824,808.422,197.643,685.094,349.071,606.699
563.401,1007.190,509.723,808.267,197.638,683.033,349.059,606.855
563.577,1007.690,509.823,808.345,197.575,682.982,349.000,606.766
563.972,1007.804,509.822,808.268,197.756,682.886,348.710,606.588
563.735,1007.584,509.855,808.325,197.949,682.848,348.846,606.756
563.495,1007.355,509.799,808.356,197.554,682.468,348.841,606.681
563.864,1007.614,509.647,808.674,197.675,682.759,348.939,606.660
563.643,1007.549,509.643,808.555,197.695,682.586,348.890,606.722
563.634,1007.349,509.833,808.258,197.450,682.627,348.967,606.756
563.498,1007.351,509.901,808.071,197.433,682.740,348.922,606.715
563.580,1007.969,509.729,808.081,197.602,682.675,349.104,606.692
564.008,1007.689,509.679,808.208,197.620,682.566,348.724,606.481
563.831,1007.718,509.692,808.315,197.833,682.816,348.488,606.644
563.790,1007.625,509.753,808.234,197.848,683.672,348.421,606.438
563.526,1007.138,509.679,808.487,197.833,683.022,348.778,606.596
563.525,1007.356,509.651,808.531,197.871,682.883,348.518,606.494
563.558,1007.316,509.869,808.125,197.727,682.978,349.006,606.668
563.545,1007.416,509.796,808.274,197.717,682.998,348.879,606.715
564.023,1007.973,509.706,808.369,197.536,682.715,349.148,606.593
563.847,1007.697,509.715,808.448,197.768,682.636,349.291,606.577
563.782,1007.653,509.682,808.379,197.802,682.460,348.977,606.548
563.690,1007.619,509.788,808.190,197.930,682.695,349.094,606.886
563.711,1007.603,509.663,808.551,197.906,682.522,349.058,606.991
563.447,1007.359,509.689,808.389,197.802,682.452,348.979,606.848
563.500,1007.159,509.696,808.361,197.823,682.527,349.044,606.795
563.813,1007.640,509.734,808.275,197.846,682.567,348.535,606.414
563.796,1007.434,509.815,808.258,197.890,682.494,348.688,606.550
563.694,1007.598,509.705,808.321,197.630,682.886,348.841,606.662
563.705,1007.543,509.720,808.480,197.813,685.050,348.480,606.405
563.816,1007.513,509.557,808.511,197.620,682.567,348.492,606.581
563.670,1007.525,509.651,808.238,197.663,682.693,348.473,606.487
563.901,1007.810,509.804,808.254,197.876,682.632,348.756,606.659
563.803,1007.467,509.799,808.325,197.866,682.869,348.731,606.695
563.792,1007.597,509.784,808.468,197.843,682.692,348.939,606.667
563.802,1007.577,509.810,808.066,197.829,685.746,349.110,606.694
563.722,1007.573,509.765,808.300,197.850,684.864,349.117,606.738
563.488,1007.306,509.774,808.037,197.606,682.872,349.194,606.929
563.650,1007.496,509.780,808.215,197.767,682.797,349.191,606.821
563.762,1007.443,509.807,808.043,197.684,682.672,348.939,606.761
563.457,1006.947,509.734,808.554,197.611,682.652,349.156,606.933
563.581,1007.421,509.958,808.131,197.999,683.923,349.101,606.825
563.656,1007.433,509.822,808.263,198.035,684.060,349.035,606.740
563.236,1006.968,509.769,808.023,197.836,682.387,348.784,606.807
563.591,1007.377,509.853,808.011,197.584,682.730,348.765,606.861
563.545,1007.195,509.886,808.429,197.695,682.416,348.711,606.584
563.669,1007.457,509.715,808.525,197.734,682.496,348.933,606.790
563.742,1007.393,509.786,808.542,197.594,682.264,348.674,606.587
563.827,1007.778,509.764,808.367,197.861,682.621,348.883,606.677
563.890,1007.685,509.702,808.531,197.673,682.513,348.907,606.783
563.931,1007.646,509.834,808.290,197.681,682.526,349.189,606.686
563.841,1007.472,509.779,808.284,197.753,682.525,349.143,606.705
563.945,1007.602,509.690,808.419,197.624,682.763,349.130,606.816
563.715,1007.436,509.767,808.324,197.685,682.698,348.952,606.945
563.811,1007.558,509.712,808.222,197.594,682.787,348.885,606.721
563.696,1007.462,509.669,808.282,197.650,682.816,348.905,606.717
563.782,1007.408,509.690,808.110,197.569,682.860,348.896,606.740
563.466,1007.450,509.597,808.312,197.437,682.880,348.928,606.726
563.768,1007.460,509.728,808.293,197.618,682.894,349.191,606.736
563.660,1007.109,509.854,807.937,197.617,682.739,348.913,606.827
563.649,1007.413,509.735,808.353,197.896,682.378,348.735,606.804
563.821,1007.911,509.706,808.180,197.640,682.372,348.981,606.737
563.761,1008.188,509.778,808.373,197.789,682.149,348.954,606.843
563.472,1007.465,509.714,808.354,197.501,684.069,348.540,606.728
563.758,1007.630,509.680,808.290,197.725,682.612,348.597,606.826
563.794,1007.562,509.659,808.325,197.994,682.650,348.805,606.851
563.794,1007.674,509.720,808.472,197.883,682.560,348.834,606.854
563.671,1007.390,509.779,808.272,197.821,683.537,348.772,606.701
563.723,1007.548,509.675,808.410,197.866,683.521,348.691,606.727
563.722,1007.498,509.626,808.510,197.711,682.889,348.846,606.367
563.947,1007.682,509.632,808.393,197.605,682.902,348.534,606.338
564.149,1008.123,509.638,808.534,197.876,682.685,348.902,606.742
563.853,1007.430,509.718,808.357,197.664,682.853,348.724,606.559
563.916,1007.262,509.739,808.565,197.743,682.563,349.027,606.831
564.010,1007.534,509.731,808.457,197.471,682.422,348.751,606.793
564.090,1007.427,509.712,808.363,197.757,682.361,348.784,606.806
564.211,1008.042,509.727,808.254,197.626,682.521,349.200,606.871
564.208,1007.843,509.834,808.070,197.868,682.415,348.773,606.668
564.375,1008.014,509.916,808.176,197.951,682.403,348.860,606.684
564.416,1008.073,509.770,808.427,197.867,683.239,348.758,606.843
564.091,1007.550,509.773,808.179,197.726,683.291,349.355,606.617
563.990,1007.468,509.784,808.262,197.676,682.378,349.196,606.532
564.317,1007.822,509.771,808.208,197.999,682.603,348.843,606.758
564.252,1007.792,509.683,808.390,197.962,682.499,349.039,606.764
564.313,1007.969,509.838,808.218,197.550,685.087,349.092,606.975
563.938,1007.593,509.735,808.448,197.787,685.059,349.087,606.795
563.855,1007.304,509.708,808.274,197.523,683.549,349.004,606.701
563.830,1007.595,509.815,808.156,197.753,684.703,348.722,606.517
563.750,1007.414,509.800,808.076,197.501,685.072,348.667,606.580
563.979,1007.784,509.806,808.179,197.572,683.377,349.034,606.700
563.846,1007.647,509.821,808.170,197.663,683.535,349.113,606.629
564.073,1007.906,509.660,808.626,197.788,683.015,349.127,606.738
563.848,1007.678,509.686,808.429,197.750,682.876,348.965,606.743
563.910,1007.526,509.725,808.014,197.650,685.509,348.874,606.656
563.857,1007.626,509.720,808.228,197.566,682.958,348.904,606.760
563.924,1007.482,509.764,808.315,197.736,682.898,348.969,606.777
564.002,1007.594,509.817,808.058,197.685,682.757,348.790,606.634
563.593,1007.284,509.717,808.326,197.799,682.703,348.620,606.783
563.688,1007.485,509.769,807.873,197.619,682.704,348.667,606.847
563.502,1007.343,509.657,808.131,197.723,682.824,348.895,606.763
563.925,1007.644,509.654,807.990,197.679,682.928,349.285,607.099
563.822,1007.405,509.687,808.184,197.583,682.687,349.170,607.108
563.936,1007.751,509.675,808.310,197.852,682.558,348.964,606.970
563.778,1007.520,509.782,808.117,197.844,682.698,349.000,606.900
563.740,1007.268,509.840,808.291,198.176,684.152,349.108,606.972
563.819,1007.368,509.715,808.227,198.382,684.032,348.940,606.736
563.880,1007.541,509.830,808.337,197.536,682.787,349.088,606.899
563.548,1007.232,509.847,808.243,197.832,682.675,348.955,606.861
564.112,1007.882,509.842,807.947,197.635,685.190,349.176,607.012
564.066,1007.894,509.727,808.281,197.658,685.625,349.124,606.974
564.054,1007.722,509.959,807.660,197.589,682.882,348.964,606.782
564.016,1007.765,509.688,808.425,197.637,682.763,349.181,606.918
564.129,1007.982,509.729,808.201,197.856,684.727,348.896,606.869
564.030,1007.683,509.813,808.031,197.950,684.878,349.259,606.924
563.844,1007.638,509.817,807.961,197.944,682.469,349.009,607.065
563.658,1007.511,509.745,808.159,197.776,682.481,349.207,607.017
564.105,1007.953,509.801,807.992,197.864,682.373,349.177,606.887
563.969,1007.873,509.768,808.169,197.796,682.497,349.196,607.147
564.044,1007.651,509.775,808.096,197.674,682.518,349.211,607.158
563.954,1007.677,509.649,808.345,197.886,682.865,349.221,606.787
563.917,1007.729,509.765,807.884,197.870,682.604,349.205,606.941
563.814,1007.650,509.759,808.063,197.669,685.024,349.226,606.948
563.817,1007.799,509.780,808.285,197.844,685.026,349.318,606.941
563.702,1007.433,509.753,808.352,197.746,682.578,349.078,606.944
563.264,1007.373,509.705,808.450,197.746,682.923,349.211,606.750
563.595,1007.296,509.781,808.429,197.707,682.916,349.303,606.812
564.021,1007.646,509.652,808.310,197.731,682.985,349.038,606.800
563.913,1007.766,509.699,808.389,197.642,682.796,349.035,606.889
563.802,1007.658,509.804,808.427,197.712,683.491,349.119,606.978
563.877,1007.780,509.807,808.188,197.880,683.476,348.860,606.739
563.780,1007.496,509.687,808.498,197.666,682.454,349.015,606.829
563.944,1007.725,509.775,808.388,197.888,683.194,348.916,606.866
563.814,1007.519,509.690,808.441,197.693,682.895,348.649,606.849
563.879,1007.571,509.760,808.383,197.682,682.534,348.547,606.830
564.042,1007.800,509.640,808.437,197.971,682.761,348.901,606.828
564.077,1007.887,509.712,808.509,197.918,682.655,348.902,606.887
564.020,1007.835,509.645,808.665,197.628,682.758,348.706,606.697
563.995,1007.297,509.734,808.469,197.561,683.632,348.613,606.752
564.218,1007.597,509.737,808.342,198.320,684.572,349.072,606.827
564.043,1007.595,509.739,808.321,197.143,683.128,349.068,607.004
564.005,1007.722,509.705,808.376,197.130,683.004,349.172,606.968
564.093,1008.031,509.628,808.227,197.903,682.321,348.631,606.857
563.887,1007.786,509.811,808.252,197.883,683.099,348.630,606.884
563.942,1007.902,509.648,808.540,197.876,682.711,348.650,606.804
564.018,1007.940,509.768,808.372,197.941,682.599,348.692,606.714
563.806,1007.566,509.900,808.054,197.748,682.402,348.617,606.856
563.937,1007.763,509.716,808.626,197.962,683.280,348.792,606.856
564.128,1007.841,509.786,808.256,197.970,682.846,349.115,606.998
564.276,1008.161,509.687,808.562,198.914,686.495,349.078,607.054
564.002,1007.896,509.787,808.130,197.738,684.758,349.150,606.979
564.013,1007.976,509.784,808.175,198.087,682.577,349.089,607.035
563.580,1007.486,509.864,808.133,197.772,682.519,349.122,606.706
563.338,1007.460,509.725,808.247,197.630,682.770,349.188,606.984
563.454,1007.549,509.738,808.203,197.689,682.662,349.354,606.971
563.656,1007.462,509.712,808.366,197.588,682.579,349.330,607.004
563.678,1007.397,509.838,808.125,197.625,682.651,348.884,606.955
563.749,1007.129,509.647,808.476,197.749,682.818,349.090,607.026
563.621,1007.211,509.766,808.408,197.822,682.523,349.023,607.028
563.634,1007.203,509.825,808.282,197.656,682.877,349.162,606.973
563.695,1007.266,509.789,808.415,197.592,682.566,349.124,606.880
563.816,1007.502,509.770,808.182,197.537,682.589,349.090,607.170
563.769,1007.275,509.894,808.073,197.575,682.749,348.968,607.014
563.854,1007.319,509.684,808.270,197.888,682.587,349.496,607.141
563.914,1007.816,509.803,808.411,197.867,684.638,349.370,607.014
563.538,1007.174,509.674,808.531,197.901,682.492,349.242,606.964
563.886,1007.440,509.811,808.202,197.929,682.627,349.140,607.020
563.647,1007.223,509.620,808.843,197.849,682.648,349.089,607.072
563.632,1007.543,509.849,808.122,197.715,682.558,348.705,607.024
563.816,1007.435,509.821,808.083,197.820,683.371,348.762,607.037
563.680,1007.375,509.764,808.205,197.857,683.514,349.242,607.094
563.899,1007.650,509.744,808.411,197.866,683.443,349.246,606.991
563.382,1007.188,509.712,808.333,197.842,683.213,348.755,607.072
563.656,1007.331,509.704,808.457,197.812,683.385,348.709,606.986
563.563,1007.172,509.753,808.469,197.698,682.609,348.980,606.873
563.652,1007.390,509.772,808.395,197.728,682.595,349.100,607.023
563.831,1007.508,509.666,808.494,197.889,682.545,349.061,606.866
563.706,1007.448,509.757,808.403,197.672,682.721,348.877,606.898
563.492,1007.391,509.654,808.702,197.901,683.428,348.642,606.908
563.806,1007.594,509.725,808.366,197.603,682.538,348.512,606.897
563.424,1007.333,509.683,808.502,197.553,682.375,348.740,606.850
563.793,1007.255,509.753,808.313,197.591,684.666,348.506,606.729
563.408,1007.101,509.694,808.384,197.530,682.633,348.524,606.753
563.615,1007.598,509.696,808.743,197.717,684.758,348.604,606.946
563.668,1007.750,509.702,808.639,197.669,682.391,348.777,606.943
563.920,1007.541,509.798,808.322,197.615,682.474,348.672,606.896
563.829,1007.562,509.698,808.534,197.614,682.091,348.844,607.020
563.671,1007.305,509.793,808.183,197.884,682.303,348.878,607.071
563.706,1007.406,509.808,808.195,197.940,684.604,348.993,607.149
563.731,1007.267,509.678,808.534,197.607,683.261,348.848,607.168
563.579,1007.392,509.760,808.337,197.912,685.328,348.838,607.051
563.744,1007.610,509.713,808.609,197.878,682.384,349.147,607.169
563.877,1007.975,509.723,808.384,197.825,682.279,349.236,607.077
563.842,1007.694,509.682,808.453,197.784,682.139,348.854,607.040
563.660,1007.421,509.811,808.266,197.637,682.472,348.935,606.987
563.660,1007.283,509.887,808.191,197.613,682.269,348.834,606.961
563.821,1007.635,509.795,808.535,197.853,682.059,349.109,607.167
563.830,1007.533,509.814,808.296,197.875,682.105,348.892,606.964
563.790,1007.211,509.750,808.355,197.676,682.334,349.069,606.959
563.735,1007.337,509.841,808.249,197.701,682.387,349.122,606.956
563.374,1006.831,509.848,808.187,197.668,682.031,349.124,607.273
563.430,1007.046,509.844,808.068,197.683,682.083,348.692,607.011
563.736,1007.581,509.854,808.223,197.837,684.874,349.007,607.251
563.570,1007.340,509.817,808.408,197.823,684.719,349.053,607.109
563.793,1007.894,509.713,808.513,197.591,682.561,349.090,607.194
563.579,1007.187,509.708,808.394,197.836,682.463,348.908,606.957
563.333,1006.983,509.700,808.454,197.904,684.774,348.890,607.100
563.967,1007.289,509.574,808.477,197.683,682.299,348.624,607.207
563.546,1007.271,509.690,808.399,197.769,682.304,348.630,607.076
563.768,1007.384,509.746,808.695,197.892,682.214,348.713,606.996
563.748,1007.359,509.700,808.728,197.869,682.263,348.781,607.107
563.875,1007.468,509.696,808.578,197.904,682.225,348.580,606.879
563.643,1007.433,509.794,808.476,197.866,682.110,348.653,606.946
563.894,1007.520,509.799,808.264,197.751,682.380,349.236,607.256
563.880,1007.540,509.844,808.330,197.769,682.329,348.968,607.059
563.764,1007.220,509.841,808.473,197.828,682.452,348.783,606.955
563.390,1007.006,509.798,808.520,197.853,682.062,348.861,606.952
563.404,1007.298,509.774,808.275,197.981,682.205,348.648,606.819
563.855,1007.387,509.723,808.550,197.892,682.242,348.680,607.010
563.497,1007.147,509.587,808.480,198.050,682.341,349.051,606.903
563.856,1007.480,509.826,808.216,197.933,682.188,348.929,606.921
563.324,1007.283,509.741,808.218,197.907,682.016,348.702,607.050
563.350,1007.462,509.867,808.313,197.599,682.408,349.319,606.960
563.485,1007.303,509.862,808.091,197.934,684.744,349.274,607.084
563.736,1007.389,509.828,807.904,197.780,682.372,349.292,607.051
563.698,1007.227,509.834,807.786,197.883,682.247,349.019,607.205
563.681,1007.746,509.731,808.084,197.856,682.148,349.346,607.069
563.592,1007.308,509.724,808.134,197.918,682.138,349.380,607.072
563.804,1007.474,509.739,808.496,197.622,682.018,349.219,607.013
563.802,1007.514,509.712,808.568,197.847,682.102,348.926,606.695
563.931,1007.530,509.763,808.489,197.642,682.946,349.156,606.953
563.726,1007.353,509.689,808.689,197.693,682.278,349.277,606.994
563.616,1007.207,509.730,808.619,197.645,683.414,349.230,606.962
563.457,1006.936,509.835,808.502,197.615,682.367,349.078,606.939
563.551,1007.191,509.786,808.400,197.650,682.468,349.151,607.047
563.785,1007.386,509.761,808.401,197.841,684.807,348.791,606.907
563.706,1007.455,509.716,808.474,197.822,683.211,348.839,606.885
563.660,1007.232,509.751,808.574,197.619,682.944,349.251,607.260
563.597,1007.074,509.674,808.512,197.889,682.898,349.031,607.248
563.580,1007.181,509.635,808.682,197.867,682.155,348.830,606.842
563.651,1007.386,509.699,808.680,197.866,682.807,348.830,606.940
563.910,1007.635,509.814,808.382,197.810,682.516,348.854,607.136
563.808,1007.375,509.829,808.282,197.756,682.974,349.061,606.965
563.519,1007.331,509.797,808.641,197.648,684.438,348.966,607.083
563.742,1007.174,509.666,808.590,197.739,682.864,349.235,606.870
563.815,1007.167,509.811,808.481,197.754,682.224,349.263,607.002
563.834,1007.290,509.717,808.461,197.768,683.009,348.840,606.868
563.853,1007.543,509.832,808.444,197.853,683.055,349.038,606.960
563.852,1007.677,509.801,808.727,197.773,683.023,349.121,606.872
563.863,1007.628,509.825,808.451,197.781,682.152,349.230,607.092
563.672,1007.240,509.725,808.543,197.853,683.043,349.021,606.997
563.671,1007.307,509.547,808.769,197.885,683.081,348.941,606.957
563.613,1007.234,509.820,808.488,197.723,684.795,348.560,606.870
563.591,1007.108,509.721,808.620,197.802,684.612,348.950,607.006
563.732,1007.283,509.541,808.610,197.878,683.222,348.361,606.868
563.910,1007.268,509.799,808.411,197.927,682.170,348.796,606.866
563.606,1007.374,509.741,808.512,197.879,682.333,349.081,607.036
563.958,1007.349,509.793,808.531,197.681,684.392,349.194,607.075
563.914,1007.543,509.792,808.619,197.627,682.239,349.087,607.121
563.934,1007.336,509.733,808.590,197.795,684.694,349.145,607.069
564.119,1007.727,509.782,808.514,197.934,684.462,349.337,607.220
563.553,1007.216,509.690,808.938,198.047,682.425,348.927,607.024
563.789,1007.364,509.677,808.758,198.095,682.569,349.034,607.117
563.785,1007.175,509.854,808.584,197.948,682.374,348.913,606.972
563.639,1007.439,509.775,808.653,197.716,682.386,349.133,607.107
563.736,1007.215,509.847,808.218,197.965,682.189,349.178,607.118
563.881,1007.738,509.607,808.734,197.925,682.234,349.020,607.064
563.931,1007.889,509.681,808.402,197.910,682.249,349.350,607.029
563.870,1007.752,509.703,808.576,197.991,682.372,349.137,606.866
564.054,1007.937,509.687,808.793,198.072,682.492,349.140,606.942
563.319,1007.153,509.698,808.798,197.829,682.386,348.922,606.725
563.492,1007.347,509.707,809.004,197.901,682.445,349.014,606.877
563.487,1006.969,509.648,809.259,197.929,682.262,348.938,606.902
563.707,1007.548,509.650,809.288,197.785,682.420,349.227,607.014
563.559,1007.280,509.861,808.900,198.058,682.235,349.463,607.162
563.804,1007.296,509.821,808.846,198.023,682.452,348.990,607.052
563.847,1007.454,509.596,809.251,197.859,682.574,349.216,607.061
564.008,1007.609,509.652,809.013,197.827,682.492,349.302,607.288
564.099,1007.847,509.555,809.345,197.846,683.197,349.449,607.170
563.834,1007.541,509.519,809.444,197.895,682.265,349.451,607.354
563.799,1007.428,509.642,808.923,197.954,682.198,348.801,606.820
563.862,1007.064,509.763,808.544,198.037,682.137,349.313,606.947
563.764,1007.383,509.732,808.321,198.058,684.635,348.742,606.989
563.438,1007.357,509.774,808.761,197.996,682.951,349.278,606.984
563.484,1007.318,509.802,808.712,198.023,682.946,349.093,607.165
563.642,1007.272,509.818,808.657,197.740,682.034,348.966,607.145
563.664,1007.473,509.813,808.682,198.024,682.344,349.351,607.126
563.940,1007.736,509.812,808.556,198.040,682.203,348.673,607.010
563.653,1007.784,509.710,808.849,198.092,683.065,348.770,606.994
563.581,1007.317,509.733,808.763,197.839,682.464,348.811,607.045
563.546,1007.657,509.839,808.601,198.038,682.227,348.763,606.900
563.683,1007.313,509.930,808.384,197.994,682.450,349.120,607.088
563.514,1007.408,509.801,808.419,197.942,682.381,349.334,607.132
563.866,1007.597,509.867,808.526,197.829,682.335,349.414,607.000
563.722,1007.964,509.966,808.413,197.976,682.302,349.341,606.926
564.012,1007.605,509.814,808.639,197.953,683.030,349.258,606.940
563.765,1007.172,509.843,808.459,197.851,682.920,349.172,607.144
563.988,1007.354,509.841,808.302,197.829,684.256,348.963,606.838
563.669,1007.041,509.896,808.127,198.015,683.018,349.509,607.126
563.596,1007.209,509.818,808.142,197.879,684.720,349.282,607.172
563.563,1007.081,509.760,808.511,197.955,682.133,349.315,606.960
563.632,1007.321,509.750,808.653,197.935,682.812,349.289,607.076
563.606,1007.464,509.641,808.597,197.983,681.985,349.356,607.115
563.643,1007.756,509.720,808.657,197.973,682.106,349.395,607.150
563.527,1007.139,509.821,808.540,197.918,682.184,348.917,606.992
563.837,1007.709,509.866,808.592,198.009,682.072,349.094,607.067
563.709,1007.248,509.737,808.641,198.050,685.029,349.202,606.827
563.483,1007.078,509.715,808.867,198.057,681.887,349.119,606.839
563.780,1007.304,509.898,808.711,198.022,682.082,348.834,607.043
563.818,1007.491,509.910,808.424,198.113,682.033,349.162,606.956
563.740,1007.472,509.994,808.342,198.059,682.050,349.332,607.056
563.798,1007.532,509.726,808.726,198.073,682.117,349.010,606.947
563.921,1007.525,509.696,808.756,198.154,682.281,349.075,606.926
563.845,1007.582,509.682,808.894,198.033,682.086,349.207,607.081
563.989,1007.624,509.763,808.648,198.032,682.107,349.134,607.060
563.929,1007.430,509.710,808.772,198.044,682.407,349.132,607.194
563.786,1007.432,509.879,808.554,197.998,682.355,349.210,607.249
563.499,1007.070,509.812,808.629,197.836,682.388,348.968,607.062
563.725,1007.390,509.868,808.489,197.993,682.237,349.259,607.126
563.568,1007.317,509.725,808.755,198.026,682.433,349.156,607.022
563.835,1007.519,509.669,808.779,197.993,682.570,349.421,607.159
563.564,1007.648,509.701,808.571,197.762,682.462,349.218,606.998
563.580,1007.204,509.728,808.517,197.738,684.645,348.934,606.843
563.385,1007.020,509.786,808.676,197.659,682.159,349.022,606.938
563.680,1007.229,509.905,808.641,197.783,682.413,349.004,606.994
563.759,1007.263,509.771,808.731,197.774,682.251,349.137,607.151
563.889,1007.312,509.892,808.349,198.162,682.149,349.122,606.870
564.097,1007.675,509.776,808.650,197.879,682.135,348.920,607.041
563.789,1007.659,509.803,808.667,197.783,682.291,348.902,607.118
563.893,1007.517,509.829,808.667,197.857,682.393,348.996,607.250
563.767,1007.539,509.834,808.449,197.948,682.162,349.216,607.009
563.698,1007.367,509.870,808.594,197.887,682.210,349.036,607.176
563.986,1007.289,509.934,808.240,198.033,682.399,348.670,607.015
563.778,1007.225,509.831,808.660,197.985,682.326,348.690,606.581
563.994,1007.543,509.797,808.347,197.971,682.791,348.913,606.925
564.079,1007.667,509.942,808.396,197.115,682.266,348.716,606.778
564.059,1007.575,510.034,808.331,197.774,682.273,348.824,606.800
563.941,1007.481,509.753,808.499,197.760,681.835,349.131,607.245
563.781,1007.387,509.771,808.626,197.732,681.911,348.978,607.172
563.872,1007.499,509.840,808.354,197.845,681.878,349.207,606.956
563.823,1007.191,509.763,808.549,197.904,681.932,348.872,606.984
564.266,1008.017,509.853,808.411,197.748,681.827,348.575,607.152
563.942,1007.642,509.876,808.339,197.803,681.909,348.715,607.116
563.788,1007.591,509.927,807.965,197.154,682.460,348.612,607.130
563.812,1007.615,509.960,807.931,197.154,682.287,348.820,607.157
563.767,1007.345,509.926,808.475,197.901,682.038,349.347,607.065
563.712,1007.522,509.961,808.261,197.752,682.016,349.141,607.111
563.592,1007.092,509.915,808.377,197.907,682.189,349.046,606.873
563.749,1007.466,509.921,808.303,197.858,681.926,349.038,607.178
563.779,1007.209,509.916,808.426,197.857,681.899,348.876,607.033
563.710,1007.309,510.022,808.227,197.897,682.415,348.969,606.957
563.654,1007.163,510.043,808.370,198.000,684.241,349.343,607.234
563.674,1007.179,509.936,808.223,198.071,682.549,349.174,607.159
563.806,1007.331,509.874,808.478,197.910,682.631,348.970,607.053
563.752,1007.398,509.926,808.562,197.934,682.902,348.969,606.955
563.878,1007.525,509.785,808.681,198.088,682.189,348.973,606.969
563.886,1007.579,510.042,808.123,197.103,682.352,349.302,607.197
563.928,1007.684,510.021,808.072,197.213,682.523,349.151,607.054
564.004,1007.518,509.912,808.446,197.043,682.519,349.420,607.486
563.937,1007.761,509.880,808.338,197.556,684.474,349.422,607.359
563.884,1007.549,509.905,808.565,197.843,682.209,349.238,607.133
563.770,1007.209,509.745,808.440,197.838,682.481,349.044,607.067
563.921,1007.431,509.760,808.562,197.692,682.208,348.919,607.110
563.394,1007.216,509.721,808.678,197.929,682.911,348.969,607.132
563.842,1007.482,509.804,808.490,197.968,682.846,348.973,607.106
563.395,1007.241,509.896,808.546,197.767,682.191,349.150,607.367
563.698,1007.243,509.894,808.620,197.937,682.431,349.055,607.234
563.670,1007.509,509.832,808.796,197.971,682.334,349.081,607.189
563.636,1007.286,509.697,808.913,198.022,682.186,349.041,607.161
563.614,1007.090,509.859,808.436,197.850,682.027,348.940,607.028
563.592,1007.174,509.819,808.638,197.818,682.061,348.754,607.050
563.739,1007.280,509.699,808.446,197.728,682.043,348.855,606.937
563.907,1007.364,509.847,808.381,197.587,681.959,348.778,606.816
563.936,1007.359,509.891,808.179,197.869,682.118,349.262,607.340
563.767,1007.276,509.925,808.233,197.853,681.997,349.453,607.526
563.667,1007.317,509.969,808.152,197.830,682.042,349.394,607.440
563.771,1007.628,509.735,808.654,197.896,684.378,349.353,607.281
563.560,1007.687,509.928,808.474,197.903,684.339,349.263,607.193
563.776,1007.561,509.794,808.494,197.812,682.066,348.859,606.957
563.631,1007.390,509.892,808.385,197.795,681.945,348.973,607.118
563.889,1007.341,509.678,808.792,197.795,682.295,349.020,607.205
563.777,1007.322,509.733,808.851,197.936,682.456,349.043,607.180
563.482,1006.957,509.790,808.358,197.753,682.356,349.151,607.098
563.554,1007.100,509.827,808.512,197.829,682.191,349.161,607.265
563.621,1007.551,509.830,808.420,197.836,682.065,349.380,607.149
563.859,1007.808,509.858,808.436,197.938,681.955,349.417,607.134
563.846,1007.612,509.934,808.357,197.952,682.130,349.497,607.234
563.776,1007.418,509.974,808.398,197.907,682.172,349.165,607.134
563.836,1007.505,510.004,808.316,197.895,682.215,349.221,607.329
563.915,1007.469,509.733,808.853,197.942,682.112,349.199,607.159
563.702,1007.514,509.917,808.621,197.985,682.290,349.061,607.096
563.944,1007.385,509.798,808.607,197.897,682.103,349.144,607.200
564.110,1007.612,509.843,808.767,197.913,682.011,348.956,607.096
563.951,1007.693,509.897,808.477,197.950,684.235,349.113,606.943
563.682,1007.212,509.881,808.349,198.007,682.055,349.149,607.007
563.923,1007.365,509.759,808.746,198.066,682.144,349.112,607.159
564.044,1007.386,509.879,808.616,198.015,682.079,348.647,606.992
563.748,1007.427,509.988,808.470,197.783,682.043,348.904,606.842
563.862,1007.326,510.035,808.327,197.037,682.152,349.046,606.904
563.503,1007.543,509.937,808.459,197.796,682.124,349.320,607.200
563.108,1007.187,509.829,808.633,197.667,682.051,349.016,607.110
563.395,1007.188,509.844,808.691,197.720,682.097,349.003,607.199
563.864,1007.351,509.887,808.365,197.766,682.255,349.121,607.207
563.492,1006.989,509.873,808.457,197.786,682.099,349.184,607.200
563.512,1007.122,509.787,808.775,197.830,682.125,349.072,607.007
563.609,1007.173,509.878,808.570,197.830,681.934,348.875,607.034
563.867,1007.383,509.854,808.984,197.989,682.307,349.322,607.156
563.692,1007.069,509.709,809.115,197.946,682.212,349.274,607.166
563.597,1007.309,509.925,808.653,197.897,682.219,349.067,607.199
564.003,1007.633,509.939,808.822,197.902,682.156,349.206,607.013
563.803,1007.532,509.813,808.981,197.859,681.985,349.263,607.388
563.451,1006.931,509.631,809.174,197.970,682.068,349.503,607.565
563.765,1007.494,509.785,808.608,197.958,682.058,349.408,607.583
564.010,1007.741,509.774,808.742,197.966,682.228,349.208,607.253
563.716,1007.157,509.804,808.650,198.379,683.435,349.128,607.172
563.317,1007.650,509.779,808.662,197.869,682.009,349.008,607.170
563.511,1007.701,509.858,808.645,197.828,682.101,349.178,607.307
563.641,1007.237,509.821,808.738,197.787,681.758,348.801,607.156
563.692,1007.356,509.770,808.933,197.859,681.836,348.763,607.096
563.723,1007.159,509.700,808.884,197.810,682.684,349.065,607.249
563.447,1007.004,509.733,808.836,197.880,682.219,349.179,607.256
563.724,1007.161,509.822,808.681,197.950,682.261,349.015,607.184
563.550,1007.234,509.800,808.656,197.885,682.190,348.936,607.091
563.818,1007.303,509.830,808.409,198.280,683.117,348.973,607.180
563.739,1007.224,509.726,808.992,198.846,685.561,349.067,607.046
563.704,1007.335,509.834,808.499,198.109,683.126,349.383,607.186
563.883,1007.687,509.856,808.635,197.814,682.038,349.139,607.189
563.898,1007.501,509.925,808.445,198.217,683.333,349.072,607.194
563.999,1007.592,509.877,808.647,197.872,684.309,348.879,607.116
563.429,1007.083,509.872,808.664,197.709,682.056,348.947,607.148
563.545,1007.135,509.723,808.856,197.711,682.159,349.173,607.055
563.261,1006.979,509.717,808.825,197.895,682.105,349.201,607.117
563.586,1007.161,509.890,808.729,197.997,684.478,349.082,607.117
563.717,1007.234,509.926,808.629,197.983,684.407,348.893,607.092
563.538,1006.963,509.796,808.708,197.904,681.887,348.948,607.101
563.635,1006.992,509.787,808.760,197.992,681.779,348.943,607.178
563.805,1007.187,509.849,808.915,197.686,682.264,348.971,607.149
563.701,1007.202,509.567,808.847,197.644,682.035,349.263,607.197
563.995,1007.464,509.885,808.540,197.821,682.003,348.871,607.127
563.852,1007.449,509.741,808.863,197.780,682.333,349.068,607.153
563.744,1007.430,509.901,808.491,197.599,682.427,349.138,607.159
563.499,1007.030,509.870,808.731,197.811,681.928,349.043,607.070
563.822,1007.295,509.813,808.805,197.868,682.059,348.717,607.054
563.740,1007.482,509.728,808.802,197.875,681.894,348.918,607.050
563.884,1007.701,509.798,808.715,197.934,681.908,348.831,607.182
563.958,1007.459,509.836,808.945,197.668,682.231,348.968,607.148
563.941,1007.699,509.859,808.768,198.053,682.128,348.931,607.111
563.772,1007.460,509.994,808.558,197.949,682.156,349.046,606.983
563.840,1007.429,509.856,808.563,197.772,683.158,349.059,607.002
563.441,1006.898,509.832,808.829,197.927,682.026,349.452,606.986
563.522,1007.142,509.883,808.766,197.826,682.360,349.442,607.175
563.484,1006.968,509.659,808.578,197.779,682.110,349.524,607.389
563.374,1006.986,509.647,808.820,198.023,684.745,349.570,607.420
563.359,1007.035,509.609,809.002,197.938,682.213,349.629,607.411
563.572,1006.967,509.779,808.473,197.759,684.644,349.562,607.368
563.426,1006.630,509.619,808.805,197.842,684.438,349.195,607.506
563.449,1006.817,509.710,808.671,197.658,684.393,349.622,607.620
563.598,1006.954,509.759,808.697,197.733,683.085,349.651,607.728
563.886,1007.266,509.813,808.704,197.763,682.060,349.475,607.491
563.991,1007.504,509.858,808.557,197.744,684.106,349.456,607.448
563.979,1007.414,509.812,808.776,197.661,682.330,349.441,607.210
564.088,1007.535,509.884,808.789,197.630,682.387,349.417,607.270
564.317,1007.861,509.631,808.947,198.072,682.049,348.900,607.137
564.377,1008.208,509.935,808.807,197.961,682.131,348.827,607.025
564.480,1008.134,509.780,808.815,198.074,681.982,348.895,607.136
564.904,1008.773,509.719,808.714,198.029,682.372,348.857,607.066
564.759,1008.600,509.845,808.603,197.375,682.438,348.998,607.176
564.743,1008.556,509.877,808.687,197.882,682.358,349.111,607.199
564.512,1008.378,509.970,808.437,197.892,682.274,349.109,607.127
564.201,1007.784,509.854,808.621,197.894,682.166,349.329,607.066
564.142,1007.953,509.915,808.449,197.860,682.346,349.049,607.196
564.114,1007.978,509.875,808.597,197.943,682.362,349.347,607.174
564.523,1008.212,509.807,808.633,197.769,682.281,349.163,607.036
564.079,1007.713,509.819,808.750,197.819,682.193,349.173,607.207
564.206,1007.877,509.782,808.809,197.921,682.177,349.179,607.151
563.866,1007.382,509.842,808.514,197.926,682.372,348.991,607.148
563.659,1007.205,509.747,808.511,197.869,682.176,348.961,607.094
563.950,1007.264,509.873,808.616,197.975,681.968,348.956,607.119
563.879,1007.334,509.831,808.739,197.774,681.977,348.847,607.245
564.087,1007.497,509.926,808.482,197.867,682.020,348.899,607.298
563.716,1007.296,509.814,808.762,197.893,682.225,349.235,607.135
564.023,1007.399,509.888,808.666,197.800,682.043,349.313,607.363
564.087,1007.427,509.881,808.506,197.819,682.942,349.194,607.017
563.848,1007.317,509.778,808.774,197.893,682.183,348.899,607.204
563.979,1007.096,509.751,808.536,197.882,681.986,349.302,607.267
563.858,1007.085,509.726,808.651,197.861,682.163,349.262,607.283
563.748,1007.364,509.875,808.838,197.925,681.859,349.408,607.292
563.894,1007.325,509.862,808.866,197.835,681.882,349.219,607.299
563.975,1007.427,509.918,808.677,197.735,682.139,349.193,607.232
564.194,1007.620,509.639,809.041,197.598,682.021,349.214,607.276
563.767,1007.037,509.804,808.950,197.739,682.649,349.525,607.248
564.203,1007.713,509.760,808.813,197.680,683.089,349.335,607.067
564.036,1007.312,509.677,808.892,197.826,682.670,349.408,607.175
563.932,1007.301,509.730,808.832,197.888,683.030,349.131,607.230
563.961,1007.371,509.905,808.698,197.861,684.359,349.372,607.209
563.913,1007.242,509.891,808.523,198.082,682.116,349.193,607.298
563.905,1007.374,509.849,808.598,197.811,683.052,349.174,607.281
563.810,1007.363,509.816,808.645,197.930,682.331,349.445,607.272
563.738,1007.255,509.997,808.470,197.921,682.351,349.386,607.403
564.011,1007.274,509.904,808.626,197.062,682.450,349.054,607.346
563.911,1007.144,509.932,808.655,197.814,682.294,349.004,607.234
564.192,1007.660,509.728,808.749,197.774,681.966,349.217,607.332
563.889,1007.436,509.791,808.667,197.769,682.041,349.112,607.100
563.819,1007.291,509.916,808.485,197.870,682.005,349.453,607.330
563.728,1007.201,509.986,808.432,197.871,682.148,349.358,607.188
563.867,1007.465,509.870,808.702,197.882,681.937,349.299,607.019
563.977,1007.142,509.726,808.963,197.854,684.322,349.597,607.257
564.119,1007.609,509.728,808.599,197.821,682.040,349.600,607.337
564.067,1007.608,509.926,808.508,198.116,682.036,349.348,607.397
564.039,1007.638,509.855,808.610,197.788,682.352,349.285,607.259
564.092,1007.351,509.857,808.447,197.918,682.412,349.147,607.194
564.011,1007.264,509.841,808.543,197.401,682.464,349.251,607.199
564.001,1007.656,509.752,808.563,197.898,682.172,349.104,607.163
563.839,1007.517,509.901,808.455,197.898,682.169,349.215,607.316
563.727,1007.380,509.857,808.690,198.107,682.156,349.214,607.149
564.009,1007.621,509.781,808.766,198.095,682.108,349.056,607.250
564.155,1007.598,509.914,808.571,197.976,682.093,349.086,607.376
563.813,1007.164,509.873,808.768,197.851,682.101,349.567,607.569
564.161,1007.374,509.801,808.701,197.712,681.943,349.488,607.368
563.636,1006.711,509.924,808.626,197.660,682.199,349.255,607.115
563.730,1007.099,509.789,808.749,197.732,682.316,349.213,607.145
563.677,1007.290,509.917,808.553,197.953,682.146,349.381,607.329
563.896,1007.503,509.854,808.627,197.804,682.034,349.389,607.356
563.844,1007.397,509.865,808.450,197.995,681.929,349.113,607.351
564.007,1007.463,509.901,808.511,198.003,682.079,349.315,607.317
563.859,1007.489,509.707,809.010,197.139,682.331,349.086,607.255
563.940,1007.639,509.819,808.795,197.814,682.143,349.297,607.174
563.425,1006.962,509.868,808.812,197.068,682.191,349.035,607.405
563.687,1007.170,509.866,808.726,197.715,682.224,349.052,607.146
563.525,1006.953,509.888,808.637,197.714,682.314,349.346,607.262
563.768,1007.405,509.760,808.560,197.264,683.386,349.114,607.173
563.770,1007.347,509.717,808.633,197.289,683.340,349.221,607.207
563.820,1007.323,509.912,808.439,197.745,682.041,349.248,607.350
563.928,1007.229,509.991,808.460,197.766,682.830,349.218,607.415
563.902,1007.231,509.967,808.384,198.003,681.941,349.031,607.405
563.941,1007.389,509.888,808.527,198.074,681.856,349.219,607.359
563.853,1007.021,509.923,808.365,197.906,682.073,348.957,607.257
563.963,1007.290,509.777,808.528,197.947,681.960,348.860,607.149
564.138,1007.356,509.803,808.638,198.044,682.026,349.075,607.236
564.241,1007.449,509.796,808.675,197.948,681.961,349.018,607.177
563.902,1007.087,509.626,808.705,198.099,681.867,349.438,607.346
564.156,1007.600,509.758,808.712,198.153,681.953,349.239,607.306
563.801,1007.107,509.769,808.704,198.106,682.002,349.587,607.252
563.866,1007.452,509.903,808.446,197.855,682.100,349.251,607.159
563.793,1007.144,509.907,808.494,197.721,681.934,348.952,607.174
564.145,1007.512,509.803,808.565,197.675,683.008,349.130,607.319
564.034,1007.505,509.831,808.402,197.739,684.245,349.060,607.290
563.884,1007.533,509.816,808.612,197.944,681.903,349.064,607.438
564.203,1007.612,509.871,808.410,197.967,681.947,349.056,607.514
563.625,1007.125,509.830,808.612,198.515,683.502,348.893,607.241
563.744,1007.125,509.791,808.446,198.045,681.995,348.800,607.221
563.838,1007.232,509.748,808.617,197.854,683.009,349.307,607.403
563.784,1007.221,509.903,808.355,197.924,683.000,349.187,607.441
563.557,1006.876,509.897,808.413,197.787,682.832,349.359,607.475
563.755,1007.164,509.894,808.275,197.191,683.194,349.432,607.485
563.783,1007.305,509.716,808.674,198.690,686.526,349.169,607.494
563.573,1006.988,509.741,808.758,198.051,684.374,349.324,607.434
563.761,1007.133,509.800,808.705,198.032,684.201,349.234,607.368
564.127,1007.618,509.733,808.801,197.892,684.720,349.321,607.445
563.995,1007.293,509.905,808.368,197.794,684.540,349.386,607.493
563.843,1007.101,509.894,808.632,197.890,682.369,349.601,607.336
563.735,1007.212,509.884,808.583,197.899,684.651,349.334,607.543
563.867,1007.492,509.785,808.716,198.196,683.511,349.195,607.376
563.727,1007.251,509.828,808.603,197.770,683.222,349.197,607.270
563.874,1007.524,509.700,808.733,198.095,684.110,349.251,607.377
563.883,1007.387,509.819,808.544,198.176,684.174,349.355,607.432
563.892,1007.425,509.808,808.576,197.959,682.418,349.424,607.468
564.106,1007.797,509.844,808.631,197.988,682.477,349.181,607.243
563.875,1007.490,509.780,808.875,198.032,682.330,349.186,607.260
563.802,1007.158,509.914,808.394,198.037,682.334,348.751,607.247
563.662,1007.218,509.976,808.340,198.101,683.183,348.757,607.278
564.001,1007.336,509.772,808.747,197.962,681.982,348.936,607.180
564.078,1007.466,509.789,808.674,198.128,682.054,349.041,607.328
563.634,1007.095,509.928,808.800,197.957,682.151,348.972,607.214
563.764,1007.030,509.929,808.672,197.861,682.979,348.941,607.241
563.886,1007.015,509.843,808.669,198.052,681.887,348.912,607.409
563.912,1007.376,509.854,808.720,198.010,681.813,348.933,607.366
563.900,1007.234,509.768,808.719,197.788,682.959,349.294,607.381
564.052,1007.354,509.678,808.767,197.701,684.561,349.289,607.324
563.599,1007.157,509.833,808.628,197.775,681.839,349.288,607.303
563.533,1007.076,509.883,808.528,197.818,684.399,349.349,607.352
563.675,1007.263,509.913,808.652,197.786,682.129,349.314,607.388
563.943,1007.485,509.792,808.851,197.756,682.052,349.201,607.438
563.903,1007.281,509.796,808.788,197.797,682.054,349.454,607.496
563.984,1007.478,509.783,808.645,198.055,682.001,349.592,607.582
564.155,1007.853,509.857,808.616,197.991,682.055,349.383,607.521
564.148,1007.507,510.022,808.502,198.116,682.890,349.273,607.531
564.039,1007.231,510.000,808.419,198.140,682.252,349.370,607.686
563.763,1007.002,509.788,808.651,198.029,682.275,349.285,607.461
563.771,1007.058,509.714,808.815,198.073,682.231,349.290,607.401
563.656,1006.919,509.903,808.389,197.869,682.846,349.225,607.461
563.851,1006.943,509.905,808.483,197.855,682.174,349.265,607.440
564.016,1007.219,509.838,808.433,198.068,682.150,348.780,607.169
563.802,1007.221,509.711,808.792,198.010,682.089,349.245,607.061
564.003,1007.583,509.769,808.672,198.375,683.335,348.673,606.975
563.858,1007.390,509.857,808.407,197.934,681.952,348.767,606.970
563.517,1006.917,509.669,808.740,198.498,683.535,348.781,607.012
563.721,1006.958,509.874,808.484,198.088,681.766,349.396,607.229
563.612,1006.793,509.931,808.428,198.036,681.984,349.344,607.199
563.886,1007.430,509.821,808.355,197.887,681.947,348.837,607.242
563.803,1007.220,509.861,808.655,197.993,682.170,348.872,607.364
563.565,1006.824,509.891,808.442,197.987,681.677,349.097,607.312
564.082,1007.116,509.790,808.544,198.037,682.085,349.331,607.283
563.795,1007.138,509.872,808.558,198.080,684.113,348.682,607.125
564.079,1007.249,510.023,808.197,198.018,681.785,348.896,607.086
563.669,1006.985,509.972,808.526,197.834,681.925,349.339,607.280
563.867,1007.099,509.948,808.589,197.619,682.833,349.341,607.172
563.706,1007.011,509.969,808.470,197.711,681.817,349.310,607.135
563.607,1006.872,509.917,808.477,197.198,682.109,349.434,607.391
563.729,1006.886,509.751,808.694,197.173,682.783,349.464,607.397
563.817,1007.155,509.865,808.545,197.179,682.372,349.140,607.166
563.827,1007.156,510.026,808.301,197.145,683.133,349.248,607.041
563.884,1007.046,509.885,808.636,197.756,682.076,349.168,607.250
563.940,1007.360,509.965,808.381,197.884,682.042,349.302,607.266
563.837,1007.031,509.894,808.556,197.846,682.111,349.215,607.257
563.933,1007.136,509.899,808.585,197.808,682.065,349.187,607.270
563.766,1006.862,509.976,808.463,197.813,682.874,348.893,607.338
563.930,1007.130,509.949,808.414,197.891,682.910,349.398,607.500
563.801,1007.249,509.956,808.493,198.042,682.120,349.490,607.521
563.637,1006.951,509.970,808.556,197.834,682.085,349.324,607.676
563.806,1007.029,509.778,808.401,197.715,682.067,349.301,607.615
563.646,1006.922,509.986,808.537,197.851,682.128,349.130,607.341
563.824,1006.924,509.993,808.513,198.064,681.828,349.266,607.382
563.545,1006.996,509.862,808.618,197.758,682.109,349.140,607.308
563.698,1006.965,509.943,808.490,197.829,682.036,349.071,607.352
563.275,1006.714,509.932,808.573,197.799,682.072,348.908,607.362
563.544,1006.839,509.909,808.583,197.785,682.190,349.158,607.391
563.447,1006.736,509.941,808.667,197.684,681.879,349.113,607.464
563.595,1006.981,509.892,808.573,197.791,681.898,349.009,607.425
563.747,1006.930,509.980,808.320,197.982,681.982,349.163,607.327
563.885,1006.905,509.947,808.466,197.892,682.005,349.153,607.412
564.156,1007.048,509.907,808.383,197.761,681.707,349.525,607.501
564.079,1007.008,509.961,808.284,197.816,681.727,349.620,607.496
563.846,1006.894,509.889,808.681,197.989,684.261,349.508,607.582
563.963,1007.314,509.772,808.855,197.768,681.851,349.209,607.486
563.675,1006.833,509.837,808.743,197.722,682.029,349.366,607.469
563.617,1006.683,509.917,808.728,197.835,681.931,348.920,607.415
563.894,1006.955,509.885,808.519,197.895,681.841,348.816,607.407
563.863,1006.959,509.902,808.948,197.801,681.673,349.349,607.461
563.831,1007.031,509.983,808.471,197.863,681.759,349.437,607.567
563.691,1007.175,509.881,808.520,197.750,682.694,349.484,607.619
563.779,1006.889,509.803,808.791,197.608,684.213,349.445,607.723
563.574,1006.821,509.850,808.504,197.876,681.918,348.885,607.354
563.631,1006.874,510.024,808.259,197.823,682.113,349.021,607.334
563.584,1006.937,510.003,808.286,197.880,682.795,348.842,607.030
563.569,1006.803,509.881,808.775,197.787,684.406,348.700,607.114
563.449,1006.800,509.979,808.484,197.894,682.901,348.714,607.149
563.826,1007.180,509.962,808.527,197.784,682.028,349.208,607.412
563.626,1006.984,509.964,808.593,197.933,684.404,349.202,607.444
563.643,1006.943,509.868,808.575,197.911,682.269,349.343,607.584
563.624,1006.830,509.900,808.493,197.989,682.429,349.369,607.339
563.524,1007.024,509.949,808.361,197.961,682.279,349.268,607.457
563.517,1006.985,509.900,808.535,197.990,682.229,349.096,607.383
563.782,1006.961,509.832,808.962,197.753,682.960,349.401,607.336
563.896,1007.108,509.922,808.585,197.880,684.450,349.586,607.460
563.705,1006.865,509.886,808.607,198.267,683.571,349.500,607.509
563.770,1007.047,509.813,808.700,198.292,683.547,349.502,607.547
563.532,1006.907,509.922,808.742,198.019,682.350,348.938,607.199
563.506,1006.876,509.819,808.729,198.317,683.273,349.007,607.401
563.527,1006.924,510.022,808.332,197.691,682.074,349.066,607.312
563.683,1007.023,509.934,808.614,198.129,682.049,349.050,607.428
563.500,1006.897,509.823,808.736,198.009,682.163,349.272,607.498
563.664,1006.877,509.886,808.444,197.868,682.224,349.458,607.634
563.597,1006.955,509.961,808.664,197.853,682.226,349.339,607.530
563.572,1006.900,509.951,808.137,197.866,682.234,348.970,607.351
563.450,1006.811,509.904,808.423,197.899,682.064,349.487,607.525
563.521,1006.786,509.684,808.932,198.045,682.379,349.383,607.413
563.401,1006.827,509.911,808.421,198.056,682.414,349.422,607.368
563.041,1006.540,509.910,808.156,197.722,682.315,348.843,607.405
563.292,1006.628,509.680,809.048,197.149,682.391,349.229,607.333
563.748,1006.925,509.900,808.446,198.014,682.003,349.353,607.436
563.640,1006.819,509.990,808.511,198.013,682.200,349.185,607.301
563.818,1006.799,509.955,808.635,197.862,682.305,349.100,607.472
563.720,1007.104,509.902,808.754,197.740,682.093,349.281,607.534
563.619,1006.728,509.915,808.737,197.914,682.204,349.485,607.460
563.602,1006.650,509.936,808.417,197.818,683.014,349.534,607.397
563.189,1006.634,509.743,808.682,197.783,682.263,349.279,607.165
563.693,1006.932,509.877,808.770,197.993,682.201,349.194,607.439
563.633,1006.974,509.821,808.871,198.025,682.063,349.396,607.381
563.666,1006.769,509.844,808.705,198.057,682.146,349.639,607.545
563.631,1006.769,509.850,808.635,198.046,682.151,349.519,607.474
564.064,1007.085,509.825,809.070,197.981,682.281,349.139,607.490
563.781,1006.731,509.776,808.893,198.104,682.316,349.379,607.598
563.861,1006.912,509.812,809.003,197.891,682.330,349.633,607.547
563.745,1006.922,509.764,808.926,197.937,682.160,349.572,607.468
563.609,1006.996,509.736,808.768,197.919,682.794,349.591,607.733
563.544,1006.934,509.905,808.786,197.854,682.963,349.320,607.643
563.538,1006.910,509.887,808.727,197.985,682.297,349.174,607.588
563.660,1006.758,509.957,808.455,197.955,682.165,349.243,607.383
563.576,1006.602,509.856,808.570,197.816,682.242,349.246,607.323
563.618,1006.644,509.840,808.778,198.013,682.790,349.166,607.286
563.908,1006.973,509.894,808.705,197.804,682.302,349.137,607.311
563.959,1007.107,509.594,808.973,197.954,682.164,349.203,607.250
563.881,1007.097,509.821,808.935,198.126,682.103,349.340,607.398
563.907,1007.135,509.915,808.568,198.142,682.395,348.994,607.441
563.866,1006.981,509.649,808.883,198.196,682.280,348.934,607.396
564.149,1007.388,509.713,808.579,198.081,682.261,348.880,607.470
564.156,1007.380,509.834,808.659,198.037,682.250,348.854,607.381
563.933,1007.012,509.761,808.575,198.037,682.368,349.013,607.494
564.025,1007.088,509.894,808.634,197.943,682.137,349.147,607.479
564.121,1007.189,509.876,808.854,197.875,682.223,348.980,607.493
563.505,1006.593,509.800,808.752,197.948,682.193,349.218,607.704
564.086,1007.179,509.866,808.808,198.018,682.518,349.578,607.612
563.815,1007.037,509.866,808.521,197.719,682.183,349.194,607.495
563.970,1007.144,509.854,808.617,197.807,682.122,349.582,607.595
564.130,1007.206,509.790,808.963,197.835,682.080,349.148,607.748
563.958,1007.014,509.817,808.875,197.818,682.101,348.931,607.510
563.697,1006.834,509.874,808.676,197.822,682.810,349.486,607.502
563.862,1007.018,509.865,808.619,197.936,681.928,349.412,607.433
563.809,1007.147,509.835,808.672,197.731,682.280,349.097,607.522
563.758,1006.932,509.855,808.578,197.847,682.097,349.097,607.437
563.598,1006.767,509.881,808.608,197.827,682.443,349.239,607.445
563.766,1006.844,509.857,808.435,197.812,682.153,349.222,607.499
563.791,1006.858,509.902,808.473,197.878,682.400,349.052,607.598
563.514,1006.550,509.876,808.596,197.841,682.396,349.505,607.485
563.393,1006.510,509.893,808.497,197.869,682.183,349.520,607.505
563.829,1006.649,509.881,808.636,198.023,682.298,349.427,607.355
563.880,1006.829,509.893,808.456,197.807,682.316,349.399,607.480
563.865,1006.980,509.980,808.463,197.963,682.243,349.231,607.470
563.876,1006.868,509.901,808.462,197.832,682.147,349.353,607.687
563.738,1007.230,509.593,809.328,197.937,684.617,349.731,607.736
563.923,1007.351,509.632,809.072,197.918,684.628,349.726,607.709
563.819,1006.985,509.786,809.172,197.878,682.965,349.463,607.375
563.908,1006.933,509.940,808.678,197.742,682.405,349.595,607.633
563.978,1007.036,510.097,808.385,197.868,682.092,349.511,607.563
563.923,1006.932,510.069,808.362,197.955,682.315,349.403,607.488
564.053,1006.836,510.129,808.208,197.947,682.131,349.554,607.523
563.936,1006.916,510.000,808.467,197.976,682.224,349.299,607.588
563.983,1007.092,509.889,808.549,197.909,682.222,349.391,607.632
563.749,1006.828,509.911,808.568,197.806,682.313,349.478,607.592
563.761,1006.914,509.965,808.419,197.735,682.392,349.234,607.498
563.885,1007.057,509.985,808.268,198.045,682.161,349.420,607.547
563.945,1006.718,509.905,808.297,197.980,682.157,349.440,607.555
563.700,1006.938,509.970,808.396,197.941,682.407,349.111,607.408
563.642,1006.738,509.953,808.454,198.063,682.387,349.120,607.459
563.870,1007.096,509.991,808.357,197.941,682.098,349.361,607.618
563.430,1006.655,510.032,808.146,197.992,682.266,349.258,607.524
563.589,1006.944,509.921,808.553,197.800,682.865,349.334,607.579
563.766,1006.986,509.859,808.495,197.941,684.699,349.243,607.557
563.813,1006.909,509.781,808.502,197.832,684.496,349.301,607.678
563.826,1006.862,509.927,808.534,197.943,682.355,349.534,607.622
563.933,1006.919,509.993,808.502,197.906,682.919,349.530,607.669
564.128,1007.126,509.847,808.544,198.038,682.195,349.299,607.495
563.938,1006.996,509.790,808.740,198.037,682.120,349.322,607.517
564.016,1007.557,509.803,808.649,197.981,682.841,349.227,607.505
563.956,1007.285,509.860,808.494,197.971,684.475,349.324,607.757
563.722,1006.940,509.852,808.573,198.129,682.884,349.497,607.627
563.619,1006.641,510.082,808.439,197.921,682.727,349.292,607.559
564.198,1007.560,509.973,808.482,197.828,681.862,349.346,607.717
563.931,1007.459,509.916,808.550,197.823,682.893,349.270,607.633
564.024,1007.456,509.903,808.678,197.730,682.084,349.714,607.776
563.479,1006.751,509.838,808.601,197.846,682.263,349.421,607.654
563.620,1007.147,509.889,808.761,197.812,682.316,349.409,607.684
564.046,1007.271,509.925,808.673,198.090,682.122,349.360,607.634
564.068,1007.382,509.867,808.777,198.054,682.047,349.318,607.591
563.756,1007.009,509.958,808.434,198.000,681.873,349.287,607.367
563.930,1007.285,509.888,808.471,198.055,681.978,349.267,607.360
563.694,1006.816,509.904,808.574,197.952,681.958,349.344,607.245
563.776,1006.938,509.866,808.545,197.950,684.295,349.491,607.433
563.374,1006.698,509.710,808.806,197.820,682.814,349.628,607.452
563.635,1006.935,509.640,808.910,197.871,682.839,349.430,607.481
563.550,1006.524,509.794,808.701,197.888,683.002,349.493,607.563
563.556,1006.744,509.772,808.838,197.892,682.014,349.286,607.320
563.523,1006.602,509.824,808.627,198.034,682.153,348.941,607.520
563.589,1006.727,509.844,808.788,197.744,684.226,348.940,607.485
563.509,1006.690,509.934,808.662,197.780,682.619,348.974,607.463
563.846,1006.904,509.997,808.428,197.923,682.202,349.352,607.431
563.871,1007.040,510.027,808.461,197.985,681.959,349.352,607.409
563.870,1007.277,509.900,808.648,197.906,682.216,348.985,607.413
563.824,1007.284,509.858,808.676,198.031,682.234,349.062,607.391
563.837,1006.978,509.889,808.663,197.766,682.480,348.755,607.376
563.975,1006.938,509.847,808.710,197.766,682.707,348.642,607.192
564.123,1007.206,509.796,808.918,197.843,684.348,348.904,607.474
564.035,1006.979,509.899,808.811,197.760,684.337,348.926,607.416
563.601,1006.946,509.939,808.461,197.783,682.942,348.874,607.301
563.553,1006.758,509.941,808.582,197.686,682.645,348.826,607.386
563.916,1007.136,509.915,808.448,197.730,681.922,348.955,607.450
563.893,1007.024,509.948,808.787,198.081,682.339,349.364,607.612
564.101,1007.123,509.969,808.576,198.164,682.324,349.386,607.489
563.770,1007.081,510.002,808.521,197.079,682.547,349.020,607.375
563.846,1007.063,509.929,808.494,197.189,683.257,349.035,607.428
563.831,1007.124,510.022,808.605,197.695,682.796,349.168,607.517
563.848,1007.057,510.049,808.295,197.732,682.833,349.333,607.493
563.790,1006.995,509.902,808.643,197.935,682.700,349.430,607.681
563.897,1007.053,509.948,808.610,197.955,682.787,349.204,607.603
563.715,1006.830,509.944,808.493,197.807,682.118,348.902,607.591
563.877,1007.002,509.992,808.555,197.889,682.560,348.824,607.501
563.810,1007.050,509.922,808.508,198.013,682.623,349.276,607.759
563.702,1006.916,509.879,808.704,197.759,682.027,349.744,607.918
563.821,1006.829,509.901,808.449,197.866,681.984,349.406,608.023
564.030,1007.402,509.931,808.328,197.976,682.117,349.012,607.830
563.974,1007.249,509.913,808.441,197.930,682.184,349.253,607.795
563.638,1006.810,510.054,808.205,197.941,681.946,349.049,607.719
563.829,1007.017,509.975,808.358,197.984,682.183,349.112,607.650
563.772,1006.931,510.019,808.507,197.837,682.878,349.333,607.716
563.764,1006.815,510.011,808.275,197.914,682.802,349.166,607.625
563.726,1006.927,510.052,808.308,197.884,684.505,348.942,607.664
563.848,1006.933,509.892,808.571,197.939,684.317,349.012,607.868
563.848,1006.865,509.971,808.304,197.788,681.882,348.712,607.523
563.763,1006.952,509.930,808.714,197.928,681.920,348.711,607.498
563.786,1007.144,509.938,808.634,197.957,681.918,348.758,607.403
563.919,1007.290,509.951,808.849,197.771,681.901,348.689,607.446
563.872,1007.399,509.742,809.006,197.919,682.226,349.079,607.777
563.815,1007.012,510.046,808.523,197.956,682.101,348.978,607.707
563.788,1007.009,509.986,808.428,197.801,682.322,348.961,607.686
563.964,1006.952,509.894,808.562,197.961,682.033,348.956,607.653
563.960,1006.982,509.883,808.753,197.252,682.390,348.953,607.655
563.674,1006.808,509.854,808.508,197.813,682.678,348.824,607.586
563.980,1007.165,509.915,808.484,197.794,682.052,348.738,607.566
564.067,1007.191,509.848,808.587,197.806,682.711,348.903,607.612
563.875,1006.901,509.936,808.649,197.785,682.598,348.794,607.540
563.694,1006.818,509.995,808.517,197.969,683.039,348.831,607.677
563.923,1007.198,509.921,808.510,198.041,682.863,348.925,607.601
563.972,1007.560,509.755,808.965,197.738,682.811,348.878,607.688
563.630,1006.769,509.816,808.937,197.845,682.161,349.055,607.624
563.987,1007.405,509.737,808.968,198.253,683.391,348.890,607.726
563.843,1007.096,509.882,808.665,197.305,682.557,349.373,607.774
564.094,1007.444,509.918,808.657,197.798,682.376,349.155,607.571
563.846,1006.792,509.927,808.697,198.061,682.025,349.396,607.736
563.875,1006.764,509.977,808.633,197.862,682.277,349.293,607.702
563.809,1006.970,509.886,808.745,197.955,682.275,349.061,607.620
563.840,1007.041,509.853,808.789,197.900,682.151,349.497,607.804
564.256,1007.710,509.825,808.723,198.126,682.150,349.039,607.625
563.833,1007.045,509.787,808.914,197.973,682.086,349.026,607.662
564.087,1006.944,509.826,808.594,198.187,682.312,349.311,607.660
563.984,1006.979,509.938,808.617,198.088,681.993,349.253,607.715
564.245,1007.177,509.984,808.510,197.912,682.148,349.344,607.712
563.823,1007.014,509.925,808.516,198.088,682.329,349.457,607.820
563.973,1007.077,510.025,808.470,197.989,682.743,349.477,607.808
563.806,1007.055,509.893,808.551,197.796,682.111,349.413,607.709
564.035,1007.101,509.953,808.531,197.895,682.101,349.532,607.784
563.663,1006.798,509.899,808.483,197.745,682.751,349.543,608.141
563.581,1006.799,509.920,808.518,197.695,682.859,349.462,608.166
563.694,1006.688,509.981,808.428,197.809,682.156,348.843,607.864
563.881,1006.984,509.779,808.818,197.780,681.850,349.177,607.865
563.595,1006.854,509.913,808.547,198.029,681.942,349.088,607.526
563.732,1007.049,509.895,808.559,198.009,682.007,348.997,607.863
563.935,1007.109,509.995,808.458,197.912,681.971,349.453,607.520
563.921,1007.334,509.992,808.596,198.085,681.961,349.621,607.561
564.095,1007.466,510.008,808.295,197.727,682.472,349.334,607.688
564.275,1007.648,510.033,808.431,197.835,681.834,349.373,607.657
564.440,1007.872,509.866,808.707,197.940,682.003,349.133,607.823
564.474,1008.018,510.047,808.444,197.608,682.611,349.451,607.808
564.170,1007.785,509.892,808.588,197.735,682.765,349.492,607.850
564.131,1007.810,509.972,808.246,197.822,681.913,349.131,607.663
564.219,1007.908,509.769,808.628,197.790,682.651,349.343,607.745
564.285,1007.748,509.852,808.457,197.855,682.024,349.334,607.836
564.308,1007.745,509.954,808.544,197.990,681.983,349.670,608.143
564.112,1007.617,509.937,808.593,198.009,682.303,349.739,608.116
563.876,1007.419,510.016,808.444,197.996,682.078,349.429,608.016
564.156,1007.767,509.984,808.492,198.116,681.944,349.634,607.932
564.337,1007.757,510.006,808.354,198.079,682.019,349.653,607.936
564.343,1007.672,509.987,808.326,198.019,682.118,349.393,607.607
564.355,1007.644,509.895,808.650,198.075,682.281,349.422,607.811
564.394,1007.668,509.953,808.655,197.971,681.946,349.382,607.726
564.116,1007.249,509.922,808.571,197.745,682.103,349.316,607.764
564.127,1007.361,509.905,808.613,198.127,682.143,349.490,607.759
564.024,1007.459,509.946,808.539,197.918,681.931,349.356,607.891
564.035,1007.229,509.995,808.561,198.021,681.711,348.994,607.671
564.244,1007.496,509.993,808.517,198.059,684.265,349.260,607.632
564.251,1007.457,509.895,808.710,197.990,684.222,349.267,607.702
564.328,1007.399,510.077,808.358,197.954,681.994,349.331,607.606
564.245,1007.384,510.028,808.357,197.961,681.938,349.330,607.582
564.183,1007.167,509.956,808.522,198.113,682.211,349.194,607.924
564.226,1007.350,510.100,808.414,198.029,682.151,349.377,607.788
563.966,1007.186,509.922,808.477,198.131,681.987,349.290,607.762
564.184,1007.228,509.910,808.574,198.039,681.869,349.321,607.807
564.314,1007.359,509.906,808.472,197.992,681.880,349.496,607.741
564.369,1007.443,509.904,808.538,197.874,682.119,349.519,607.650
564.359,1007.388,509.926,808.569,198.021,682.067,349.559,607.769
564.267,1007.323,509.841,808.920,198.081,681.856,349.420,607.905
564.381,1007.388,509.992,808.470,198.089,682.643,349.344,607.843
563.931,1006.860,509.811,808.758,198.115,682.632,349.425,607.754
564.232,1007.152,509.792,808.445,198.009,682.608,349.340,607.684
564.142,1007.232,509.926,808.434,198.169,681.962,349.414,607.807
564.025,1007.084,509.929,808.427,198.114,684.128,349.401,607.776
564.246,1007.146,509.848,808.618,198.081,682.022,349.129,607.667
563.951,1006.979,509.958,808.536,197.884,682.197,349.120,607.664
564.194,1007.273,510.012,808.362,198.129,682.920,349.643,607.837
564.172,1007.054,509.969,808.284,197.967,682.861,349.612,607.859
564.185,1007.326,510.000,808.448,198.079,682.825,349.763,607.915
564.086,1007.200,509.887,808.722,198.104,683.214,349.410,607.968
564.045,1007.275,509.738,808.752,198.083,683.158,349.367,607.964
564.280,1007.228,509.924,808.665,198.163,682.131,349.521,607.966
564.293,1007.259,509.909,808.395,198.172,682.206,349.532,607.957
564.156,1007.182,509.866,808.702,198.157,681.922,349.358,607.765
564.299,1007.212,509.849,808.585,198.110,682.989,349.359,607.702
564.247,1007.357,509.874,808.946,197.954,684.654,349.112,607.725
564.127,1007.317,509.802,808.930,198.010,684.769,349.179,607.784
564.284,1007.402,509.788,809.053,198.072,682.170,349.237,607.855
564.266,1007.378,509.777,808.874,198.055,682.173,349.296,607.953
564.048,1007.408,509.984,808.466,198.171,682.460,349.210,607.737
563.856,1007.136,510.036,808.383,198.206,682.397,349.285,607.767
564.173,1007.443,510.018,808.313,197.941,682.846,349.445,607.769
564.249,1007.505,510.028,808.374,198.095,682.332,348.992,607.777
564.075,1007.520,509.972,808.382,198.086,682.922,348.939,607.743
564.246,1007.451,509.918,808.541,198.029,682.343,349.760,607.914
564.193,1007.448,510.013,808.490,197.988,682.246,349.517,607.924
564.262,1007.512,509.977,808.567,198.103,682.519,349.263,607.733
564.078,1007.344,510.069,808.340,198.236,682.397,349.313,607.848
564.202,1007.317,509.987,808.527,198.087,683.130,348.988,607.614
564.327,1007.495,510.045,808.424,198.102,683.188,349.038,607.680
564.209,1007.203,509.913,808.509,198.008,683.054,349.529,607.963
564.327,1007.464,509.856,808.535,197.996,683.137,349.187,607.693
564.419,1007.353,509.942,808.719,197.993,684.785,349.357,607.800
564.378,1007.328,509.937,808.716,197.245,683.547,349.132,607.493
564.419,1007.297,509.853,808.748,198.085,683.049,349.385,607.669
564.285,1007.164,509.848,808.552,198.050,684.896,349.339,607.678
563.930,1007.283,509.862,808.571,198.167,684.424,349.378,607.727
563.923,1006.808,509.926,808.505,198.111,682.530,349.484,607.902
564.171,1007.048,509.883,808.649,198.196,682.479,349.516,607.978
564.131,1007.235,509.926,808.463,198.105,683.267,349.569,607.897
563.883,1006.870,509.993,808.469,198.014,683.150,349.610,607.990
564.048,1007.052,509.890,808.618,198.710,683.781,349.637,607.916
563.964,1007.003,509.908,808.580,198.249,682.305,349.638,607.955
563.882,1007.211,509.796,808.654,197.912,683.405,349.566,607.722
563.885,1006.965,509.855,808.515,198.433,683.405,349.636,607.763
564.067,1007.030,509.886,808.841,198.678,684.364,349.320,607.898
563.915,1006.865,509.874,808.723,198.543,683.643,349.225,607.849
564.106,1006.834,509.977,808.496,198.521,685.713,349.395,607.908
564.424,1007.278,509.955,808.586,198.487,684.050,349.156,607.922
564.162,1007.065,509.854,808.571,198.432,685.260,348.803,607.736
563.930,1007.103,509.905,808.447,198.312,685.713,349.445,607.956
564.106,1007.169,509.929,808.683,198.463,684.268,349.396,607.987
564.204,1007.400,509.889,808.619,198.066,683.257,349.377,607.966
564.067,1007.239,509.891,808.586,198.025,683.357,349.287,607.880
564.144,1007.058,510.026,808.368,197.967,684.664,349.390,607.803
564.224,1007.225,509.940,808.446,198.042,684.869,349.385,607.842
564.242,1007.305,510.005,808.526,197.972,685.233,349.500,607.885
564.216,1007.239,509.930,808.551,197.862,685.110,349.262,607.897
564.181,1007.267,510.198,808.173,199.072,686.741,349.383,608.081
564.304,1007.238,510.062,808.416,198.139,683.506,349.720,608.053
564.182,1007.267,509.949,808.680,199.127,685.591,349.633,607.973
564.479,1007.547,509.775,808.751,198.115,682.017,349.704,608.229
564.339,1007.314,509.966,808.503,198.066,682.205,349.527,608.236
564.486,1007.527,510.017,808.594,198.550,683.624,349.205,607.894
564.389,1007.307,509.976,808.782,198.509,683.526,349.333,608.113
564.404,1007.475,509.907,808.707,198.090,682.341,349.285,607.875
564.532,1007.565,509.860,808.739,198.494,683.636,349.290,607.857
564.214,1007.278,509.729,808.872,198.164,682.386,349.150,607.735
564.294,1007.421,509.821,808.939,198.131,682.189,349.252,607.792
564.286,1007.493,509.987,808.586,198.256,684.639,349.383,607.649
564.273,1007.381,510.036,808.653,198.211,682.304,349.422,607.628
564.103,1007.147,510.016,808.601,198.268,682.388,349.374,607.642
564.280,1007.482,509.947,808.545,198.022,682.464,349.530,607.769
564.153,1007.169,509.938,808.679,198.210,685.907,349.519,608.074
564.063,1007.137,509.900,808.727,198.084,684.522,349.265,607.822
563.912,1006.904,509.921,808.733,198.211,684.620,349.267,607.739
564.045,1007.319,509.990,808.511,198.120,682.213,349.180,607.811
564.141,1007.105,509.938,808.573,198.093,684.711,349.363,607.879
564.231,1007.038,510.018,808.561,198.105,685.566,349.217,607.894
564.196,1007.266,509.992,808.560,198.204,685.316,349.091,607.815
564.245,1007.185,509.928,808.591,198.277,682.677,349.244,607.922
564.231,1007.285,510.018,808.601,198.100,685.226,349.116,607.884
564.304,1007.146,510.041,808.609,198.032,684.303,349.457,608.153
564.232,1007.174,509.994,808.664,198.112,682.065,349.225,607.869
564.296,1007.319,510.060,808.542,197.975,682.973,348.927,607.702
564.062,1007.088,509.873,808.847,198.115,682.300,349.159,607.688
564.103,1007.093,509.912,808.671,197.992,682.231,349.153,607.609
564.240,1007.327,509.787,808.918,197.986,682.338,349.541,607.788
564.362,1007.260,509.928,808.706,198.007,682.722,349.515,607.822
564.378,1007.166,509.901,808.598,198.139,682.558,349.371,607.719
564.324,1007.236,509.919,808.640,198.200,682.544,349.077,607.897
564.249,1007.142,509.851,808.771,198.054,682.214,349.281,607.717
564.188,1007.160,509.795,808.841,197.969,682.229,349.260,607.576
563.941,1007.123,509.800,808.579,198.223,682.151,349.285,607.741
564.120,1007.188,509.914,808.680,198.181,682.222,349.520,607.773
564.087,1007.007,509.876,808.819,198.044,682.258,349.468,607.731
564.212,1007.249,509.886,808.653,198.026,682.344,349.466,607.760
564.152,1007.287,509.979,808.776,198.196,682.556,349.306,607.789
564.070,1007.061,509.846,808.925,198.199,682.393,349.526,607.806
564.128,1007.154,509.913,808.867,198.268,684.383,349.365,607.764
563.948,1007.070,509.820,808.849,198.287,682.408,349.439,607.666
564.088,1007.125,509.847,808.880,198.100,682.434,349.382,607.640
564.205,1007.108,509.987,808.679,198.080,682.136,349.148,607.456
564.036,1006.990,509.844,808.637,198.066,683.171,349.258,607.563
564.086,1007.008,509.938,808.618,198.028,682.321,349.275,607.768
564.164,1007.071,509.889,808.708,197.932,682.218,349.381,607.817
564.227,1007.304,509.953,808.265,197.985,682.146,349.281,607.623
564.283,1007.243,509.878,808.679,198.163,682.269,349.365,607.620
564.305,1007.303,509.880,808.694,198.077,682.617,349.582,607.897
564.174,1007.258,509.896,808.603,198.029,682.212,349.556,607.790
564.141,1007.206,509.975,808.547,197.939,685.019,349.788,607.753
564.358,1007.490,509.978,808.439,198.015,682.303,349.684,607.807
564.090,1007.354,509.866,808.846,198.027,685.165,349.713,608.199
564.019,1006.799,509.969,808.755,198.871,685.876,349.656,608.034
564.021,1007.043,510.000,808.559,198.486,683.196,348.718,608.106
564.041,1007.241,509.921,808.548,197.957,683.183,350.008,608.169
563.966,1007.227,509.994,808.611,198.019,683.114,349.928,608.191
563.898,1007.165,509.772,808.820,198.231,683.184,349.579,607.925
563.990,1007.258,509.802,808.699,198.261,682.939,349.472,607.848
563.685,1006.772,509.754,809.230,198.140,682.327,349.638,607.828
563.659,1006.866,509.802,809.101,197.930,683.203,349.348,607.749
563.901,1006.801,509.955,808.590,198.114,682.247,349.593,607.720
563.968,1007.035,509.829,808.824,198.117,682.211,349.652,607.793
564.277,1007.291,509.792,808.849,198.153,681.898,349.963,608.344
564.083,1007.128,509.848,808.768,198.146,681.990,350.150,608.316
564.165,1007.243,509.714,808.647,198.121,682.183,350.560,608.929
564.381,1007.679,509.779,808.765,198.081,682.174,350.253,608.592
564.419,1007.614,509.920,808.677,198.155,682.255,350.687,608.921
564.050,1007.508,510.014,808.432,198.033,682.059,350.974,609.114
564.137,1007.555,510.094,808.381,198.094,682.087,351.280,609.275
564.014,1006.865,509.974,808.660,197.968,682.123,351.229,609.202
564.118,1006.924,509.946,808.622,197.967,682.202,350.854,609.280
564.081,1007.057,509.899,808.534,197.902,682.161,350.608,608.937
564.255,1007.408,510.006,808.502,197.927,682.145,350.840,608.957
564.118,1006.999,509.883,808.664,197.990,682.101,350.858,608.709
564.247,1007.219,509.898,808.569,197.873,682.180,350.985,608.641
564.142,1007.309,509.843,808.614,198.172,681.971,350.995,608.723
564.133,1007.183,509.893,808.680,197.952,682.162,350.892,608.834
564.124,1007.163,509.888,808.484,198.087,684.319,350.929,608.587
564.061,1007.005,509.875,808.740,198.066,682.729,350.842,608.545
564.219,1007.240,509.755,808.799,198.112,684.139,350.962,608.589
564.235,1007.312,509.893,808.491,198.133,682.112,351.409,608.679
564.237,1007.501,509.832,808.721,198.231,682.089,351.653,608.925
564.462,1007.616,509.928,808.391,197.942,681.963,351.612,608.681
564.449,1007.634,509.902,808.360,198.069,682.129,351.293,608.429
564.069,1007.307,509.886,808.514,198.020,682.077,351.612,608.441
564.108,1007.294,509.899,808.593,197.954,682.071,351.440,607.679
564.068,1007.161,509.925,808.401,198.121,681.935,351.236,607.685
564.068,1007.344,509.864,808.678,198.012,681.890,351.652,607.902
564.298,1007.396,509.993,808.161,197.960,682.214,351.558,608.595
564.333,1007.431,509.999,808.314,198.056,681.989,351.711,608.727
564.093,1006.921,510.022,808.214,198.152,682.106,351.910,608.997
564.118,1007.315,509.914,808.525,198.201,682.456,352.096,609.151
564.269,1007.185,509.936,808.560,198.271,682.986,352.674,610.072
564.010,1006.840,509.927,808.722,198.096,683.306,352.481,609.525
564.000,1006.905,509.858,808.671,198.101,682.742,352.588,609.702
564.190,1006.951,509.969,808.442,198.125,684.217,352.009,609.472
564.266,1007.338,509.893,808.588,198.185,682.175,351.679,609.145
564.258,1007.478,509.995,808.660,198.569,683.449,351.852,608.700
564.148,1007.284,509.989,808.660,198.621,683.388,352.050,608.784
564.150,1007.167,509.949,808.425,198.143,682.081,352.100,608.690
564.351,1007.363,509.822,808.440,198.032,684.189,352.188,608.848
564.208,1007.382,509.921,808.494,198.530,683.847,352.546,609.821
564.049,1007.133,510.060,808.348,198.151,681.969,352.252,609.436
563.932,1006.930,509.988,808.425,198.573,683.350,352.334,609.446
564.155,1007.343,509.957,808.486,198.685,683.537,352.492,609.252
564.059,1006.911,510.004,808.427,198.718,683.428,353.090,609.630
564.398,1007.186,509.960,808.565,198.167,681.908,352.848,609.396
564.155,1006.946,509.817,808.610,198.055,684.314,352.907,609.439
563.850,1007.128,510.024,808.464,198.048,681.936,352.726,609.340
564.113,1007.331,509.827,808.782,198.098,681.778,352.793,609.440
563.747,1006.909,509.997,808.423,197.363,682.148,353.036,609.669
563.879,1006.964,509.899,808.510,197.426,684.571,353.067,609.825
564.087,1007.238,509.909,808.503,198.121,681.855,353.283,609.841
564.076,1007.418,509.891,808.435,198.186,684.173,353.081,610.063
563.926,1007.149,509.791,808.780,198.004,684.214,352.559,609.478
563.911,1007.185,509.850,808.509,197.953,684.540,352.500,609.607
564.140,1007.287,509.876,808.773,198.077,684.528,351.741,608.894
564.207,1007.164,509.752,808.772,198.091,682.311,351.956,608.619
564.140,1007.187,509.851,808.684,198.085,682.235,351.746,608.085
564.118,1007.121,509.792,808.852,198.200,683.266,352.445,608.934
564.200,1007.191,509.899,808.657,198.195,683.075,352.162,608.069
563.945,1007.189,509.829,808.574,198.303,682.353,351.822,608.786
563.967,1006.935,509.758,808.727,198.225,682.328,351.888,609.420
563.777,1007.041,509.815,808.777,198.165,682.605,352.382,609.192
564.045,1007.178,509.943,808.556,198.222,682.396,352.824,609.780
564.006,1007.010,509.955,808.463,198.211,682.278,351.941,609.096
563.941,1006.960,509.863,808.568,198.183,682.016,351.979,608.788
564.077,1006.980,510.009,808.613,198.144,681.924,351.767,608.777
563.952,1007.119,509.991,808.594,198.091,682.026,351.876,609.031
564.180,1007.533,510.063,808.766,198.117,681.796,352.317,609.068
564.204,1007.199,510.016,808.473,197.970,682.079,352.950,609.683
564.151,1007.390,509.934,808.661,198.111,681.950,352.826,609.496
564.305,1007.295,509.859,808.635,198.100,681.913,352.946,609.504
564.245,1007.178,509.771,808.659,198.046,682.034,353.057,609.518
564.156,1007.047,509.891,808.793,198.004,681.956,352.451,609.026
564.224,1007.136,509.916,808.764,198.144,682.000,352.482,608.978
564.174,1007.153,509.905,808.698,198.061,681.881,352.163,608.959
564.173,1007.071,509.822,808.668,198.179,681.879,352.270,609.169
564.063,1006.965,509.922,808.579,198.200,681.805,352.565,609.473
564.168,1007.238,510.035,808.605,198.189,681.946,352.518,609.451
564.012,1007.226,510.065,808.324,197.958,681.954,353.004,609.898
564.132,1007.091,509.923,808.738,197.974,682.059,352.361,609.165
564.067,1007.354,509.939,808.705,198.083,682.241,352.752,609.788
563.989,1007.103,509.935,808.598,197.934,682.129,352.915,609.952
564.028,1007.132,509.955,808.594,197.899,682.057,352.812,610.019
564.366,1007.561,509.928,808.558,198.297,682.126,352.737,609.928
564.365,1007.514,509.987,808.593,198.778,683.371,352.651,609.728
563.986,1006.951,509.955,808.563,198.136,682.074,352.575,610.042
564.100,1007.066,509.929,808.851,198.195,682.108,352.526,610.033
564.066,1007.049,510.072,808.465,198.159,682.097,352.654,610.331
564.280,1007.294,509.968,808.628,198.117,681.945,352.569,610.324
564.036,1007.337,510.000,808.557,198.103,681.924,352.848,610.828
563.968,1007.158,509.896,808.837,197.879,682.148,352.798,611.183
564.132,1007.115,510.105,808.178,198.066,682.010,352.757,610.758
564.061,1006.902,510.101,808.535,197.936,682.100,353.004,611.183
564.180,1007.108,510.062,808.485,198.099,682.196,352.815,611.384
564.317,1007.391,510.049,808.482,197.901,681.896,353.105,610.860
564.220,1007.319,510.059,808.365,197.911,682.088,353.142,610.789
564.167,1007.225,510.106,808.375,198.077,682.021,353.104,610.525
564.248,1007.369,510.007,808.610,198.009,681.776,353.198,610.717
564.237,1007.135,509.787,808.854,197.994,682.052,353.075,610.780
564.100,1007.139,509.916,808.764,197.910,681.939,353.380,610.985
564.170,1007.303,509.897,808.755,198.175,682.354,353.394,610.912
564.376,1007.548,509.961,808.684,198.236,682.241,353.190,610.793
564.083,1007.299,510.000,808.602,197.992,681.996,353.106,610.539
564.094,1007.179,510.000,808.583,198.056,681.973,353.072,610.642
564.171,1007.456,510.097,808.486,198.139,681.944,352.892,610.582
564.144,1007.212,510.034,808.401,198.163,682.870,352.819,610.521
563.940,1007.058,510.076,808.399,197.989,682.906,353.439,610.918
563.994,1007.115,509.998,808.446,198.161,682.832,353.210,610.562
564.041,1007.064,509.989,808.585,198.040,682.906,353.176,610.517
564.169,1007.096,509.958,808.466,198.529,684.114,353.340,610.650
564.349,1007.366,509.858,808.852,198.135,682.879,353.195,610.184
564.269,1007.129,509.863,808.995,198.189,682.768,353.386,610.476
564.222,1007.057,509.823,809.058,198.199,682.690,353.363,611.205
564.050,1007.005,509.983,808.317,198.231,681.914,353.324,611.112
564.180,1007.128,510.135,808.216,198.161,681.770,352.717,610.455
564.441,1007.367,510.103,808.273,198.235,682.757,352.803,610.206
564.302,1007.413,510.060,808.276,198.244,682.021,353.019,610.195
564.097,1007.220,510.011,808.561,198.308,681.980,353.028,609.917
564.038,1007.103,509.932,808.659,198.338,682.135,353.246,610.026
564.249,1007.674,509.977,808.843,198.281,681.987,353.321,610.077
564.180,1006.955,510.001,808.729,198.231,682.064,353.288,610.828
564.052,1006.960,510.143,808.566,198.248,681.991,352.710,610.937
564.267,1007.055,510.000,808.610,197.592,682.288,352.824,610.923
564.290,1007.173,510.016,808.584,198.124,682.222,353.319,610.682
564.257,1007.282,509.902,808.754,197.999,682.161,352.780,610.676
564.256,1007.346,509.918,808.754,198.011,682.164,352.683,610.426
564.085,1007.119,509.791,808.785,197.999,682.723,353.444,611.781
564.181,1007.039,509.973,808.722,197.989,682.777,353.843,612.020
564.324,1007.135,509.765,808.947,198.247,681.786,352.966,610.834
563.970,1006.799,509.905,808.433,198.153,682.095,352.968,610.187
563.912,1006.869,509.973,808.507,198.178,682.081,352.701,610.518
563.852,1007.010,510.044,808.372,198.222,682.079,352.844,610.968
564.111,1007.302,509.901,808.588,198.075,684.097,352.979,610.952
564.247,1007.320,509.982,808.918,198.317,682.093,352.765,611.058
564.245,1007.246,510.082,808.632,198.348,682.209,352.822,611.049
564.118,1007.161,509.902,808.706,198.200,681.959,352.742,611.335
563.882,1007.070,509.965,808.732,198.219,681.996,352.586,611.205
563.882,1006.795,510.008,808.698,198.236,684.267,352.721,611.603
564.178,1007.278,509.986,808.596,198.255,682.076,352.849,611.610
564.331,1007.455,509.962,808.675,198.031,682.283,352.823,611.541
564.095,1007.213,510.068,808.433,198.122,682.307,352.766,611.875
563.966,1007.036,510.008,808.663,198.011,682.906,352.818,612.148
564.076,1007.145,509.996,808.603,198.112,682.597,353.396,611.961
564.044,1007.059,509.887,808.687,197.956,682.194,353.175,611.824
564.172,1007.097,509.814,808.822,198.010,682.147,353.011,611.711
564.167,1007.202,509.941,808.750,197.890,682.835,352.831,611.724
563.998,1006.918,509.875,808.711,198.159,681.595,352.835,611.659
564.249,1007.052,509.942,808.724,198.085,681.817,352.721,611.639
564.059,1007.167,509.849,808.881,198.147,681.590,353.053,611.963
564.114,1007.074,509.934,808.788,198.220,681.491,353.062,611.935
564.140,1006.891,509.947,808.801,198.193,681.765,353.286,612.046
564.128,1007.016,509.866,808.969,198.120,681.666,353.679,612.661
564.062,1007.009,509.841,808.735,199.203,685.611,353.720,612.571
564.044,1007.110,509.778,808.831,199.271,685.768,353.600,612.520
564.090,1007.100,509.957,808.797,197.990,684.069,352.983,611.848
564.075,1006.970,509.944,808.732,198.093,682.575,352.763,612.028
564.095,1007.158,509.858,809.009,198.198,682.585,353.162,612.683
564.201,1007.112,509.895,808.868,198.116,683.058,353.574,612.749
564.165,1007.007,509.877,808.943,198.091,682.740,353.778,612.587
564.038,1007.150,509.753,809.072,198.175,682.081,353.815,612.391
563.856,1006.744,510.009,808.780,198.189,682.003,353.940,612.556
564.191,1007.190,510.046,808.601,198.150,682.031,353.616,611.906
564.329,1007.409,509.979,808.604,198.153,681.991,353.840,612.310
564.156,1007.133,509.988,808.660,198.003,682.094,353.682,612.719
564.265,1007.119,509.892,809.143,198.049,682.076,353.569,612.760
564.077,1007.046,509.968,808.965,198.120,681.635,353.546,612.253
564.198,1007.103,509.946,808.955,198.125,681.640,353.663,612.545
564.119,1007.084,509.784,808.821,198.203,684.334,353.756,612.550
564.069,1007.057,509.988,808.917,198.160,681.961,353.719,612.634
564.270,1007.268,509.693,809.225,198.097,684.166,353.456,612.341
564.147,1007.084,509.665,809.256,198.201,684.173,353.769,612.379
564.236,1007.079,509.739,809.188,198.184,684.219,353.520,612.583
564.125,1007.464,509.480,809.144,198.182,682.047,354.059,612.882
563.979,1007.140,509.508,808.982,198.276,682.004,353.899,613.101
564.208,1007.140,509.622,809.083,198.359,684.157,353.573,612.343
564.328,1007.286,509.557,809.200,198.328,682.842,353.485,612.200
564.208,1007.081,509.507,809.142,198.171,682.679,353.671,612.284
564.289,1007.249,509.524,809.015,198.225,682.764,353.410,611.934
564.009,1006.909,509.742,808.855,198.147,682.744,353.993,613.377
564.013,1006.967,509.667,808.930,197.575,682.949,353.965,613.467
564.175,1007.335,509.722,809.007,198.140,682.883,353.841,613.315
564.234,1007.390,509.786,808.805,198.240,683.022,353.604,612.945
564.058,1007.024,509.696,808.910,198.278,682.245,353.194,612.437
564.068,1007.040,509.803,808.765,198.029,684.284,353.364,612.468
564.223,1007.260,509.846,808.642,198.065,684.460,353.855,613.166
564.017,1006.988,509.816,808.653,198.207,682.651,353.754,613.222
563.960,1006.986,509.792,808.801,198.206,681.776,353.849,613.270
564.318,1007.236,509.643,808.694,198.196,681.967,354.146,613.331
564.236,1007.201,509.822,808.672,198.216,682.066,354.122,613.322
564.339,1007.259,509.918,808.617,198.089,682.553,353.850,613.065
564.185,1007.013,509.773,808.615,198.092,681.749,353.651,612.221
564.505,1007.455,509.850,808.472,198.121,682.756,353.447,612.321
564.273,1007.266,509.682,808.744,198.184,684.531,354.053,613.478
564.238,1007.106,509.775,809.097,198.264,682.353,352.985,611.800
564.269,1007.267,509.715,809.135,198.077,682.097,352.973,611.598
563.876,1006.899,509.795,808.638,198.250,682.027,353.336,611.787
563.958,1006.897,509.925,808.468,198.057,684.326,353.552,612.155
564.115,1007.133,509.720,809.401,198.153,684.226,353.522,612.321
564.203,1007.261,509.898,808.712,198.170,684.609,353.636,612.352
564.065,1007.202,509.751,809.169,198.224,684.534,353.381,612.678
564.233,1007.242,509.678,809.321,198.323,682.199,352.984,612.143
564.416,1007.272,509.642,809.333,198.345,682.243,353.474,612.484
564.206,1007.033,509.892,808.843,198.183,682.916,353.235,611.870
564.119,1007.024,509.862,808.946,198.270,683.303,353.188,611.763
564.128,1007.075,509.934,808.620,198.153,682.149,353.432,611.915
564.134,1006.827,509.887,808.708,198.154,683.117,353.529,612.126
564.053,1007.093,509.832,808.755,198.090,682.265,353.296,612.109
564.115,1007.099,509.903,808.687,198.150,683.061,353.473,612.269
564.009,1007.110,509.835,809.113,198.147,682.692,353.300,612.156
564.179,1006.787,509.798,809.028,198.130,681.954,353.480,612.333
564.092,1007.004,509.886,809.023,198.240,681.925,353.751,612.472
564.073,1006.825,510.039,808.443,198.158,681.984,353.352,612.289
564.057,1006.931,510.029,808.460,198.169,681.963,353.447,612.198
563.946,1006.876,509.967,808.681,198.279,681.892,353.722,612.848
564.061,1007.027,510.121,808.676,198.208,681.942,353.722,612.792
564.337,1007.186,510.029,808.495,198.209,682.099,353.655,612.743
564.099,1007.141,509.927,808.534,198.249,681.973,353.706,612.779
563.928,1006.915,509.877,808.847,198.118,681.889,353.421,612.775
564.026,1007.209,509.808,808.957,198.101,681.699,353.297,612.713
564.129,1007.160,509.889,808.697,198.097,681.822,353.568,612.713
564.068,1007.080,509.739,808.860,198.295,682.097,353.389,612.687
563.996,1006.882,509.737,808.809,198.284,681.993,353.706,612.889
564.223,1007.122,509.912,808.615,198.370,681.942,353.970,613.395
564.168,1006.845,509.847,808.665,198.621,684.165,353.924,613.251
564.301,1007.108,509.992,808.725,198.276,682.016,354.031,613.406
564.244,1007.120,510.069,808.564,198.149,684.739,353.975,613.190
563.986,1006.842,510.017,808.539,198.181,682.036,353.891,612.880
563.979,1006.812,509.890,808.622,198.235,682.211,354.094,613.200
564.068,1007.026,509.898,808.710,198.106,682.102,354.344,613.177
563.975,1006.707,509.979,808.669,198.162,681.852,354.023,613.060
563.808,1006.558,509.903,808.635,198.199,681.886,353.811,613.134
563.931,1006.630,509.983,808.626,198.191,682.202,354.119,613.197
563.958,1006.977,510.089,808.368,198.295,682.305,353.710,612.684
564.056,1006.917,509.968,808.913,198.331,682.093,354.373,612.944
564.078,1007.286,509.961,808.772,198.176,682.222,353.322,612.085
564.195,1007.337,509.970,808.851,198.242,682.211,353.147,611.862
564.134,1007.114,509.800,809.052,198.528,683.438,353.557,612.428
563.965,1006.962,509.796,808.817,198.652,684.058,353.429,612.310
564.024,1006.921,509.804,808.945,198.547,684.104,353.448,612.090
564.001,1007.038,509.829,808.630,198.088,684.335,353.908,612.963
564.087,1007.123,509.977,808.562,198.034,684.552,353.555,612.472
564.341,1007.313,509.815,808.744,198.195,682.680,353.417,612.096
564.021,1007.093,509.890,808.666,198.163,682.762,353.665,612.046
564.006,1007.099,509.902,808.846,198.128,682.028,353.095,612.065
564.351,1007.401,509.874,808.894,198.171,684.297,353.093,611.478
563.998,1006.959,509.893,808.753,198.165,681.939,353.538,611.881
563.938,1006.892,509.798,809.061,198.097,681.808,354.220,613.049
564.244,1007.366,509.727,808.862,198.181,681.973,354.321,613.138
564.269,1007.137,509.817,808.939,199.192,685.663,353.341,611.162
564.416,1007.413,509.894,808.711,199.324,685.916,352.814,610.882
564.457,1007.320,509.869,808.569,198.670,684.186,353.729,612.249
564.366,1007.300,509.842,808.688,198.637,685.491,353.156,611.402
564.362,1007.285,510.099,808.376,198.696,685.513,353.610,612.020
564.408,1007.323,509.977,808.847,198.162,684.102,353.439,611.877
564.361,1007.307,509.858,808.887,198.945,683.597,353.313,612.008
564.256,1007.219,509.864,808.640,198.735,683.803,353.559,611.962
564.260,1007.176,509.939,808.641,198.656,685.128,354.000,612.664
564.403,1007.387,509.702,808.875,198.828,683.964,354.185,613.248
564.202,1007.322,510.139,808.403,198.740,683.963,353.160,611.591
564.262,1007.144,509.959,808.594,198.712,683.819,352.629,611.414
564.104,1006.951,509.838,808.743,198.149,681.861,353.065,610.967
564.355,1007.435,510.008,808.481,198.317,681.948,352.751,610.820
564.106,1007.103,509.979,808.501,198.297,684.471,352.960,610.964
564.245,1007.148,510.037,808.469,198.095,681.746,352.924,611.033
564.267,1007.282,510.018,808.440,198.108,681.746,352.762,610.894
564.310,1007.289,509.910,808.408,198.151,681.883,352.798,610.409
564.459,1007.192,509.976,808.319,198.100,682.961,352.849,610.445
564.045,1006.937,509.950,808.599,198.068,682.151,352.833,610.483
563.991,1007.061,509.926,808.615,198.084,682.065,352.864,610.482
564.306,1007.205,510.017,808.332,197.998,682.707,353.336,611.383
564.146,1007.178,510.048,808.368,198.171,682.684,353.129,611.337
564.372,1007.339,510.053,808.293,198.159,682.089,353.348,611.387
564.314,1007.394,510.009,808.434,198.076,681.867,353.232,611.096
563.969,1006.917,509.912,808.671,198.156,681.960,353.146,611.407
564.225,1007.176,510.012,808.520,198.150,681.727,353.191,611.138
564.362,1007.591,509.823,808.483,198.181,682.691,353.088,611.107
564.101,1007.333,510.040,808.471,198.172,682.752,353.116,610.958
564.440,1007.781,509.949,808.620,198.216,682.652,353.171,610.961
563.994,1007.231,509.887,808.622,198.145,682.772,352.908,611.141
563.982,1007.097,509.941,808.717,198.088,682.745,353.204,611.315
564.114,1007.160,509.925,808.571,198.329,682.653,353.140,611.132
564.077,1007.141,510.006,808.521,198.293,682.651,353.259,611.438
563.974,1007.009,510.127,808.243,198.274,682.630,352.746,611.470
564.088,1007.223,509.981,808.426,198.363,682.847,352.859,611.598
563.953,1007.206,510.045,808.450,198.250,682.533,353.018,611.646
564.042,1007.188,509.998,808.374,198.392,682.672,353.110,611.650
564.155,1007.047,509.867,808.656,198.282,682.037,353.630,612.084
564.162,1007.057,509.994,808.494,198.165,681.911,353.096,611.616
564.433,1007.272,509.793,808.716,198.435,685.010,353.452,611.476
564.149,1007.052,509.874,808.481,198.163,681.837,353.406,611.412
564.355,1007.442,509.881,808.660,198.079,681.892,353.092,611.274
564.279,1007.162,509.974,808.491,198.024,681.969,353.263,611.808
564.151,1007.217,509.786,808.709,198.145,681.952,353.518,612.062
564.159,1006.915,509.818,808.614,198.254,682.238,353.359,611.751
564.451,1007.445,509.830,808.587,198.188,682.053,353.464,611.400
564.391,1007.352,509.936,808.718,198.145,681.925,353.265,611.440
564.419,1007.457,510.005,808.656,198.145,681.866,353.434,611.606
564.168,1007.266,510.070,808.480,198.267,681.851,353.240,611.667
564.312,1007.288,510.114,808.552,198.265,682.094,353.030,611.579
564.269,1007.070,509.961,808.727,198.222,681.861,353.328,611.636
564.280,1007.209,510.022,808.631,198.675,683.181,353.103,611.703
564.159,1007.012,509.880,808.684,198.694,683.288,353.121,611.704
563.997,1006.869,510.069,808.558,198.522,683.900,353.256,611.742
563.982,1007.086,510.011,808.545,198.629,683.927,353.435,611.878
564.131,1006.960,510.005,808.598,199.401,685.924,353.293,611.721
564.111,1006.977,509.957,808.718,198.833,683.566,353.177,611.576
564.090,1007.038,509.851,808.767,198.068,682.120,353.406,611.688
564.020,1006.756,509.830,808.651,197.970,682.169,353.486,611.957
563.970,1006.819,509.770,808.947,198.124,682.071,353.274,612.014
563.935,1006.803,509.827,808.723,198.020,682.231,353.361,611.984
564.105,1006.856,509.882,808.664,198.243,681.925,353.074,611.251
564.003,1006.870,509.893,808.525,198.266,681.993,353.018,611.224
563.934,1006.850,509.901,808.758,198.346,681.835,353.622,612.022
564.107,1006.978,509.895,808.700,197.915,682.159,353.327,612.017
564.237,1007.228,510.037,808.512,198.223,681.867,353.337,611.566
564.010,1007.108,509.982,808.536,198.224,682.283,352.853,611.254
563.979,1006.976,510.069,808.349,198.259,682.142,353.022,610.813
564.084,1007.114,509.755,808.656,198.190,681.899,353.185,611.160
564.169,1007.215,509.660,809.034,198.110,681.946,353.187,611.518
564.194,1007.194,509.900,808.761,198.141,682.605,353.426,611.782
564.058,1006.892,509.836,808.737,198.259,681.869,353.399,611.899
564.069,1006.992,510.070,808.456,198.829,683.232,353.519,611.845
563.871,1006.759,509.966,808.700,198.355,681.965,353.480,611.709
563.917,1006.935,510.010,808.554,198.408,682.546,353.490,611.620
564.018,1007.057,509.847,808.813,198.190,682.144,353.497,611.581
564.153,1007.602,509.923,808.588,197.991,684.272,353.471,611.488
564.142,1006.899,509.838,808.944,197.966,684.740,353.555,611.384
564.116,1006.955,509.838,808.709,198.479,685.159,353.746,611.517
563.998,1006.888,509.914,808.497,198.247,684.191,353.788,611.706
564.036,1006.885,510.157,808.484,198.207,684.235,353.949,611.730
563.853,1006.656,510.005,808.616,198.677,683.303,353.350,611.389
563.829,1006.648,510.006,808.635,198.213,682.397,353.601,611.576
563.723,1006.826,509.977,808.710,198.635,683.454,353.640,611.441
563.819,1006.941,509.935,808.711,198.600,683.507,354.264,611.316
563.797,1007.055,510.003,808.731,198.323,682.114,353.624,611.632
563.878,1007.032,509.932,808.875,198.288,682.114,353.521,612.601
564.177,1007.102,510.046,808.676,198.193,681.997,353.308,611.687
564.083,1007.204,510.026,808.621,198.632,685.430,354.015,613.006
564.246,1007.453,509.897,808.914,198.767,684.274,353.978,612.827
564.367,1007.686,509.866,809.105,198.367,683.038,354.060,612.827
564.188,1007.273,510.054,808.926,198.421,682.846,353.245,612.245
564.094,1006.942,509.883,808.829,198.369,684.221,353.259,612.164
564.060,1006.897,509.916,808.779,198.343,684.163,353.358,611.766
564.213,1007.356,509.695,808.909,198.204,684.191,353.302,611.894
564.192,1007.065,509.942,808.816,198.283,684.321,353.266,611.774
564.150,1007.137,510.090,808.556,198.277,684.174,353.262,611.733
564.193,1007.110,510.060,808.581,198.225,684.414,353.010,611.552
564.212,1006.996,509.927,808.732,198.244,683.999,352.801,611.330
564.090,1006.794,510.001,808.683,198.183,684.066,353.002,611.364
564.326,1007.242,509.844,808.933,198.240,684.682,353.097,611.375
564.420,1007.301,509.917,808.868,198.186,684.363,352.829,611.560
563.975,1006.740,509.910,808.864,198.071,682.566,353.228,611.455
564.076,1006.870,509.918,808.877,198.187,682.766,353.191,611.687
564.021,1006.936,509.959,808.718,198.289,682.648,352.906,611.612
564.034,1007.031,509.937,808.914,198.286,684.153,353.164,611.560
564.113,1007.238,509.913,808.941,198.347,684.064,352.996,611.702
563.996,1007.131,509.821,809.004,198.258,682.683,353.323,612.339
564.054,1007.136,509.880,808.843,198.437,682.101,353.459,612.568
564.107,1007.102,510.007,808.377,198.351,681.997,353.478,612.703
563.919,1006.814,509.933,808.460,198.311,682.130,353.414,612.853
564.078,1006.775,509.867,808.708,198.434,682.127,353.994,612.929
564.139,1007.003,509.846,808.915,198.465,682.159,354.157,612.997
563.960,1006.966,509.863,808.743,198.403,682.716,353.563,613.008
564.177,1007.177,509.856,808.881,198.380,682.932,353.041,613.335
564.135,1006.852,509.949,808.759,198.374,682.858,353.149,611.966
564.193,1007.001,509.904,808.966,198.332,682.363,353.728,612.884
564.110,1006.946,509.869,808.767,198.352,682.317,353.772,612.732
564.126,1006.963,509.940,808.921,198.398,682.189,353.878,612.679
564.210,1007.077,509.989,808.847,198.334,681.918,353.829,612.606
564.095,1006.854,509.920,808.710,198.314,682.106,353.925,613.101
564.275,1007.306,509.992,808.556,198.399,682.132,353.967,613.049
564.111,1006.883,509.961,808.677,198.250,682.068,353.009,612.377
564.131,1006.931,509.940,808.565,198.268,681.969,353.176,612.628
564.021,1006.918,509.932,808.764,198.275,682.162,354.002,613.121
564.162,1006.962,509.916,809.081,198.313,681.798,354.620,613.290
564.230,1006.991,509.957,808.732,198.553,682.215,354.112,613.077
564.243,1006.856,509.963,808.863,198.540,682.052,354.310,613.189
564.170,1006.964,509.987,808.969,198.306,682.166,354.460,613.148
564.123,1006.751,510.017,808.760,198.392,682.060,354.624,612.998
564.157,1007.137,509.969,808.812,198.456,681.856,354.734,613.213
564.153,1006.896,509.870,809.195,198.359,682.062,354.710,613.196
564.174,1007.010,509.978,808.969,198.266,681.991,354.483,613.081
564.206,1007.204,510.094,808.623,198.354,681.999,354.403,613.050
564.158,1007.162,509.936,809.002,198.412,681.976,354.305,613.013
564.231,1007.146,509.905,808.860,198.314,681.990,354.411,613.034
564.198,1007.020,509.975,808.758,198.329,681.937,354.521,613.127
564.130,1007.035,509.849,808.920,198.367,681.956,354.524,613.055
564.119,1007.037,509.762,809.054,198.373,681.960,354.431,612.990
564.327,1007.251,510.009,809.000,198.343,682.027,354.041,612.919
564.232,1007.319,509.916,809.157,198.378,682.004,354.199,612.868
563.939,1006.860,509.816,809.130,198.311,682.494,353.589,612.032
564.265,1006.958,509.969,808.964,198.246,682.216,353.521,611.987
564.148,1006.980,510.063,808.585,198.298,682.072,353.250,612.140
563.972,1006.768,509.962,808.758,198.415,682.107,353.429,612.429
563.971,1006.884,509.862,808.876,198.525,682.229,353.983,612.970
563.921,1006.862,509.889,808.888,198.303,682.057,353.717,612.429
563.971,1006.980,509.897,808.981,198.293,682.595,354.174,612.884
564.108,1007.325,510.043,808.786,198.415,682.317,354.046,612.403
563.815,1006.603,510.071,808.884,198.484,682.379,354.545,612.898
564.271,1007.194,509.906,808.858,198.324,682.405,354.760,611.870
563.978,1006.843,509.886,808.790,198.296,682.355,355.117,612.991
564.198,1006.998,510.007,808.773,198.389,682.139,354.691,612.908
564.359,1006.988,509.994,808.771,198.398,682.217,354.801,613.079
564.276,1007.063,509.877,808.716,198.415,681.960,354.397,612.750
564.365,1007.146,509.765,808.861,198.417,682.103,353.774,611.949
564.172,1007.008,509.795,809.115,198.211,684.821,353.467,612.066
563.930,1006.798,509.755,808.922,198.338,682.670,353.346,611.704
563.898,1006.550,509.810,809.040,198.423,683.022,353.698,612.234
564.143,1006.812,509.767,808.836,198.484,683.347,353.601,611.940
564.074,1006.812,509.757,808.896,198.491,682.068,353.538,612.133
563.986,1006.879,509.813,808.935,198.504,682.000,353.636,611.991
563.947,1006.771,509.685,808.924,198.571,682.133,353.626,612.006
564.079,1006.920,509.958,808.620,198.523,682.680,353.362,612.113
563.863,1006.720,509.891,808.644,198.568,682.794,353.470,612.138
564.051,1006.985,509.886,808.757,198.445,682.646,353.776,612.523
564.131,1006.818,509.906,808.820,198.555,682.892,353.646,612.286
564.555,1007.249,509.928,808.496,198.477,682.100,353.258,612.228
564.363,1007.182,510.021,808.553,198.506,684.240,353.515,612.649
564.125,1006.880,509.873,808.656,198.353,684.669,353.835,612.672
564.083,1006.911,509.936,808.723,198.354,682.348,353.717,612.894
563.847,1006.886,509.902,808.755,198.343,683.071,353.469,612.392
564.069,1006.999,509.978,808.508,198.379,682.214,353.489,612.475
564.123,1007.003,509.865,808.791,198.393,682.169,353.579,612.516
564.034,1006.829,509.886,808.969,198.455,682.329,353.347,612.194
563.914,1006.863,509.865,809.009,198.459,682.815,353.389,612.352
564.205,1006.916,509.873,808.855,198.404,684.365,353.500,612.555
564.288,1007.087,509.816,808.850,198.288,682.883,353.391,612.526
564.093,1006.804,509.828,808.657,198.349,683.082,353.301,612.320
564.157,1006.853,509.818,808.811,198.378,683.000,353.315,612.426
563.903,1006.881,509.898,808.755,198.663,683.653,353.504,612.064
564.140,1007.127,509.779,808.852,198.764,683.431,353.560,612.058
564.001,1006.896,509.905,808.776,198.696,685.610,353.541,612.561
564.091,1006.924,510.010,808.565,198.507,682.135,353.143,611.755
564.216,1007.053,510.124,808.496,198.373,682.070,353.575,612.453
564.161,1007.172,509.933,808.685,198.326,682.339,353.267,612.667
564.180,1007.220,510.024,808.624,198.340,682.424,353.461,612.748
563.984,1006.871,510.092,808.512,198.318,682.327,353.842,612.767
563.911,1006.963,510.018,808.394,198.326,682.186,353.686,612.559
564.119,1006.936,509.814,808.864,198.334,682.268,353.719,612.271
564.244,1006.983,509.961,808.586,198.358,682.302,353.887,612.491
564.043,1006.571,509.936,808.562,198.396,682.258,353.362,612.003
564.229,1007.072,510.198,808.362,198.309,682.275,353.241,612.077
564.190,1007.077,510.136,808.576,198.376,682.074,353.802,612.280
564.291,1007.190,510.089,808.637,198.484,682.970,353.777,612.180
564.175,1006.992,510.092,808.707,198.298,682.583,353.929,612.155
564.208,1007.022,509.970,808.676,198.249,683.066,353.958,612.065
564.327,1007.068,509.992,808.548,198.363,683.056,353.838,612.153
563.992,1006.833,510.004,808.541,198.338,682.130,353.766,612.095
564.045,1007.014,509.861,808.733,198.296,682.754,353.902,612.074
564.080,1007.187,510.033,808.681,198.492,681.975,354.024,612.140
564.229,1007.075,510.005,808.595,198.431,681.947,353.950,612.165
564.029,1006.919,510.108,808.798,198.341,682.033,354.018,612.188
563.890,1007.022,510.105,808.570,198.335,681.950,353.773,611.948
564.001,1006.666,510.149,808.432,198.427,681.992,354.330,612.156
563.840,1006.527,510.051,808.599,198.314,681.808,354.079,611.843
564.013,1006.790,509.923,808.629,198.444,682.190,353.766,611.605
564.073,1006.844,509.835,808.608,198.328,681.906,353.663,611.257
564.083,1006.879,509.776,809.146,198.439,681.848,352.910,610.789
564.309,1007.090,509.903,808.735,198.304,684.277,353.127,610.678
564.103,1006.791,509.862,808.623,198.316,684.233,352.981,611.013
563.717,1006.443,510.044,808.576,198.320,681.796,352.572,610.817
563.944,1006.614,510.152,808.237,198.293,684.004,352.357,610.507
564.056,1006.989,509.973,808.636,198.248,684.119,352.532,611.402
564.169,1006.966,510.081,808.653,198.251,683.980,353.300,612.620
564.106,1007.028,510.048,808.527,198.426,682.025,353.569,612.859
564.196,1007.049,510.059,808.512,198.431,682.030,353.304,613.214
564.243,1007.135,510.052,808.486,198.322,683.940,353.392,613.900
564.300,1007.077,509.868,808.592,198.357,684.088,353.928,615.175
564.231,1006.973,510.076,808.467,198.454,682.133,354.754,615.986
564.207,1006.898,509.775,808.759,198.418,681.923,354.721,617.021
564.043,1006.830,509.888,808.855,198.228,682.545,355.599,618.127
564.065,1006.916,509.990,808.804,198.331,684.344,355.521,618.789
564.095,1006.856,510.074,808.775,198.374,682.027,355.806,619.015
564.045,1007.198,509.842,808.659,198.395,681.990,355.833,618.672
564.012,1006.979,509.923,808.787,198.302,682.024,355.813,618.741
563.897,1006.622,509.823,808.882,198.347,682.074,355.973,618.607
563.990,1006.688,509.976,808.747,198.307,681.817,356.439,618.657
564.182,1007.244,509.956,808.625,198.362,682.039,355.791,618.374
564.184,1007.165,509.934,808.834,198.309,681.814,355.635,618.488
564.169,1007.098,510.067,808.459,198.314,682.197,355.889,618.307
563.899,1007.049,510.001,808.688,198.269,681.884,355.864,618.290
564.189,1007.185,509.940,808.906,198.289,681.999,355.786,618.217
564.102,1007.103,509.947,808.736,198.436,682.195,355.973,617.770
564.198,1007.118,510.082,808.891,198.711,683.465,355.369,617.694
564.186,1007.116,510.191,808.570,198.267,681.892,355.652,617.650
564.172,1007.074,510.230,808.439,198.653,683.343,354.517,617.237
564.301,1007.189,510.001,808.640,198.216,681.834,353.543,616.840
564.085,1007.105,510.141,808.540,198.194,681.783,353.382,616.729
564.250,1007.300,509.972,808.819,198.164,682.117,353.265,616.681
564.240,1007.360,509.965,808.940,198.226,682.218,352.705,616.571
564.315,1007.443,509.879,808.828,198.455,682.068,351.966,616.133
564.188,1007.277,509.903,809.081,198.322,682.026,351.805,616.097
564.109,1007.058,509.851,808.937,198.245,682.804,351.429,615.625
564.044,1006.997,510.032,808.741,198.267,681.920,351.498,615.766
564.089,1007.040,509.807,808.926,198.245,682.098,351.408,615.562
564.000,1006.853,509.781,808.966,198.354,682.639,351.395,615.553
564.125,1007.027,509.902,808.758,198.201,682.423,351.329,615.556
564.282,1007.208,509.834,808.888,198.168,681.819,351.148,615.035
564.067,1007.142,509.954,808.761,198.205,682.665,350.936,614.737
564.205,1007.075,509.944,808.723,198.248,681.902,351.394,614.878
564.251,1007.183,510.142,808.590,198.324,684.141,351.333,614.765
564.168,1007.218,509.945,808.787,198.298,683.710,351.749,614.514
564.361,1007.286,510.042,808.651,198.354,683.907,352.196,614.498
564.342,1007.311,509.916,808.586,198.421,681.874,352.871,614.905
564.209,1007.322,509.894,808.682,198.365,681.995,353.316,615.338
564.103,1007.215,509.771,808.931,198.366,681.983,353.567,616.107
564.141,1007.174,509.821,808.838,198.378,681.970,353.750,616.384
563.962,1006.715,509.916,808.867,198.363,682.177,353.433,616.743
564.379,1007.465,509.893,808.799,198.262,682.287,352.958,616.524
564.137,1006.874,509.998,808.800,198.280,682.161,352.840,616.446
564.132,1006.932,509.897,808.725,198.316,682.623,352.414,616.350
564.194,1006.903,509.979,808.566,198.477,682.699,352.436,616.239
564.148,1006.998,509.912,808.970,198.400,681.774,352.935,616.417
564.240,1007.095,509.882,809.060,198.421,681.862,353.216,616.608
564.383,1007.237,509.934,808.731,198.423,681.922,353.388,616.630
564.321,1007.118,509.807,808.984,198.461,681.866,353.394,616.653
564.049,1006.951,509.914,808.790,198.381,682.166,353.255,616.648
564.116,1006.922,509.944,808.841,198.273,681.949,353.430,616.796
563.882,1006.943,509.952,808.731,198.530,682.046,353.345,616.746
563.974,1007.197,509.889,808.708,198.464,682.054,353.400,616.757
563.984,1007.111,510.028,808.687,198.292,682.018,353.367,616.898
564.174,1007.164,509.981,808.594,198.272,681.785,353.064,616.701
564.161,1007.071,509.993,808.558,198.351,682.732,353.238,616.918
564.161,1007.080,509.956,808.771,198.299,682.728,352.851,616.668
564.225,1006.882,509.858,808.724,198.326,682.741,352.906,616.723
564.330,1007.126,509.868,808.663,198.405,681.874,352.899,616.638
564.296,1006.916,509.901,808.638,198.310,681.953,353.042,616.789
564.340,1007.274,509.962,808.438,198.175,681.767,352.994,616.545
564.216,1006.950,509.944,808.695,198.227,681.970,352.993,616.760
564.398,1007.148,509.820,809.065,198.293,681.771,352.932,616.779
564.331,1007.319,509.857,808.984,198.310,681.844,352.888,616.723
563.854,1006.874,510.018,808.671,198.311,681.807,352.982,616.773
564.092,1007.111,509.961,808.621,198.214,681.774,352.948,616.834
564.171,1007.297,509.937,809.017,198.235,682.086,352.609,616.675
564.301,1007.258,509.845,809.202,198.097,682.092,352.707,616.633
564.224,1007.185,509.916,809.020,198.362,681.976,352.857,616.750
563.973,1006.945,509.998,808.599,198.206,681.867,353.303,616.872
564.058,1006.939,510.035,808.639,198.258,682.142,353.184,616.853
563.924,1006.860,509.963,808.737,198.260,681.597,353.074,616.682
564.095,1007.023,509.871,808.591,198.226,681.717,353.151,616.839
563.896,1006.798,509.852,808.700,198.232,681.878,353.076,616.772
563.858,1006.700,509.966,808.525,198.249,681.815,353.313,616.922
564.271,1007.039,509.972,808.687,198.384,682.743,352.956,616.690
563.944,1006.939,509.915,808.590,198.379,681.971,352.899,616.793
563.943,1006.915,509.795,809.062,198.295,682.004,353.136,616.730
564.072,1007.067,509.906,808.964,198.363,682.137,353.128,616.816
563.909,1006.813,509.989,809.031,198.431,681.890,352.984,616.830
564.057,1007.000,509.791,809.179,198.396,683.086,353.090,616.755
564.245,1007.224,509.846,809.179,198.403,681.938,352.750,616.582
563.967,1006.951,510.039,808.969,198.480,682.024,352.918,616.740
563.937,1006.920,510.089,808.595,198.487,681.779,353.024,616.773
564.052,1006.792,509.963,808.693,198.413,682.313,352.935,616.851
564.147,1006.791,509.888,809.030,198.436,682.216,353.009,616.801
564.047,1007.123,510.015,809.119,198.241,681.886,352.795,616.740
564.113,1007.135,509.826,809.142,198.307,681.830,352.993,616.720
563.925,1006.849,509.983,808.894,198.373,681.932,352.939,616.784
563.793,1006.878,509.936,808.875,198.448,682.100,352.821,616.756
564.257,1007.085,510.004,808.672,198.410,682.085,352.922,616.797
564.117,1006.848,509.894,808.574,198.323,682.097,352.984,616.771
564.086,1006.843,510.066,808.714,198.362,681.989,353.002,616.745
563.894,1006.823,509.816,808.994,198.432,682.016,353.098,616.912
564.021,1006.737,510.025,808.711,198.332,682.618,352.916,616.768
563.936,1007.093,509.942,809.084,198.318,682.716,352.810,616.763
564.159,1006.893,510.067,808.666,198.321,682.073,352.770,616.695
564.086,1006.838,510.065,808.716,198.292,682.201,352.986,616.781
564.016,1007.020,509.953,808.973,198.321,681.972,352.809,616.872
564.173,1007.133,510.051,808.610,198.226,681.750,352.967,616.920
564.177,1006.880,510.011,808.659,198.332,681.756,353.001,616.871
564.010,1006.900,509.807,809.102,198.450,682.180,353.030,616.882
564.031,1006.857,510.006,808.757,198.868,683.494,352.970,616.963
563.802,1006.475,510.004,808.890,198.868,683.195,352.858,616.831
563.980,1006.719,510.082,808.757,198.762,683.306,352.915,616.878
563.882,1006.704,510.062,808.630,198.306,681.936,352.913,616.859
563.815,1006.716,510.030,808.786,198.801,683.511,352.926,616.891
564.068,1007.034,509.807,809.031,198.791,683.346,353.001,616.837
564.002,1006.847,509.987,808.897,198.295,681.911,352.896,616.845
564.051,1007.058,509.895,808.944,198.271,681.964,352.827,616.755
564.184,1006.981,509.970,808.693,198.378,681.926,353.025,616.915
564.018,1007.003,509.984,808.704,198.427,681.812,353.015,616.786
564.145,1007.126,510.008,808.586,198.376,681.811,353.102,617.088
564.089,1006.924,509.998,808.691,198.385,682.662,353.271,617.048
564.197,1006.885,509.872,808.594,198.116,681.885,353.069,616.964
564.284,1006.993,509.990,808.554,198.774,683.176,353.139,616.973
564.186,1006.867,509.959,808.680,198.129,684.384,352.889,616.994
564.288,1007.008,509.899,808.790,198.230,682.909,352.947,617.017
564.230,1007.057,509.931,809.043,198.309,682.704,352.892,616.943
564.230,1007.013,510.075,808.687,198.286,682.678,352.899,616.798
564.104,1007.161,510.118,808.496,198.180,682.878,352.899,616.906
564.040,1006.777,509.863,809.170,198.222,683.117,352.975,616.921
564.220,1007.127,509.890,808.984,198.216,683.097,353.045,617.017
564.125,1006.921,509.823,809.269,198.341,682.354,352.683,616.590
564.220,1007.213,509.875,809.237,198.326,684.196,352.752,616.669
563.963,1006.881,509.924,808.957,198.406,682.038,353.008,616.986
564.095,1007.187,509.905,808.780,198.433,682.057,353.101,616.994
564.070,1007.235,510.054,808.865,198.281,682.568,353.111,617.132
564.240,1007.164,509.994,809.044,198.373,682.744,353.111,616.998
563.843,1006.809,509.927,808.864,198.404,682.801,353.000,616.914
563.919,1006.992,509.870,809.138,198.431,682.331,352.853,616.785
564.078,1007.063,510.075,808.899,198.350,682.226,352.970,616.916
564.223,1007.103,509.968,808.979,198.346,682.299,352.773,616.765
564.309,1007.294,509.862,809.121,198.448,682.098,353.008,617.053
564.094,1007.058,509.921,808.946,198.288,682.265,352.782,616.705
564.057,1006.991,509.999,808.916,198.246,684.416,353.093,616.946
564.167,1006.877,509.932,809.262,198.277,682.227,352.991,616.939
564.038,1006.777,509.974,809.017,198.251,682.108,352.951,616.877
564.216,1007.088,509.943,809.009,198.748,683.235,352.783,616.716
564.215,1007.116,509.940,808.899,198.837,683.470,352.943,616.926
564.221,1007.082,509.951,809.087,198.469,681.901,352.964,616.870
564.209,1007.130,509.902,809.246,198.447,682.036,352.902,616.843
564.124,1006.743,509.765,809.369,198.347,681.933,352.983,616.853
564.314,1007.067,509.933,809.100,198.515,682.013,352.830,616.849
564.109,1006.857,509.986,808.970,198.479,682.884,352.829,616.764
564.277,1006.804,509.935,809.146,198.336,684.213,352.744,616.804
564.258,1007.059,510.089,808.826,198.195,682.141,352.787,616.894
564.275,1007.140,510.073,809.015,198.409,682.087,353.088,617.077
564.118,1006.852,510.179,808.548,198.300,682.046,352.927,616.965
563.945,1006.788,510.005,808.874,198.352,682.532,353.114,617.067
564.311,1007.120,509.965,808.989,198.391,682.580,353.047,616.909
564.349,1007.186,509.962,808.919,198.298,682.137,352.830,616.737
564.312,1007.135,509.985,808.758,198.226,681.960,352.898,616.900
564.185,1006.982,510.058,808.749,198.375,682.202,353.130,616.760
564.113,1006.901,510.032,808.685,198.389,684.574,353.075,616.673
564.280,1007.114,509.997,808.949,198.486,682.897,352.899,616.955
564.239,1006.949,510.010,808.721,198.501,683.012,352.837,616.834
564.159,1006.988,510.103,808.597,198.544,682.126,352.656,616.695
564.193,1006.814,510.057,808.735,198.584,682.186,352.778,616.924
564.214,1007.160,509.844,808.855,198.458,682.956,352.666,616.707
564.107,1007.327,509.953,808.735,198.546,682.098,352.859,616.878
564.111,1007.212,509.863,808.983,198.499,682.111,352.861,616.843
564.106,1007.075,509.954,808.682,198.419,681.958,352.971,616.939
564.100,1007.002,509.990,808.783,198.576,682.131,352.816,616.960
563.806,1006.255,509.994,808.714,198.526,682.110,352.938,616.953
563.809,1006.360,509.868,808.851,198.515,682.010,352.926,616.929
564.153,1006.987,510.057,808.585,198.421,682.277,352.944,616.803
563.903,1006.718,509.984,808.491,198.490,682.084,352.933,616.685
564.031,1006.816,510.083,808.499,198.366,684.312,352.754,616.850
563.849,1006.757,510.096,808.485,198.361,682.136,352.862,616.851
564.244,1007.044,510.004,808.682,198.337,681.979,352.821,616.834
563.982,1006.883,509.952,808.530,198.330,682.112,352.727,616.749
564.089,1006.782,510.071,808.479,198.368,682.246,352.957,617.050
564.011,1006.614,509.781,809.015,198.749,683.496,352.623,616.905
564.298,1006.817,509.838,808.650,198.737,683.150,352.868,616.913
564.017,1006.657,509.971,808.426,198.410,682.083,352.771,616.860
564.278,1007.059,509.805,808.846,198.852,683.445,352.878,616.918
564.205,1007.006,509.815,808.674,198.513,681.917,353.066,617.168
564.025,1006.867,509.844,808.569,198.585,682.043,352.949,616.938
564.216,1007.127,509.914,808.396,198.523,682.234,352.883,616.967
564.096,1006.911,509.708,808.718,198.427,682.054,352.828,616.998
564.058,1006.860,509.821,808.825,198.254,681.953,352.802,616.964
564.108,1006.740,509.896,808.681,198.398,681.854,352.868,616.923
564.216,1007.039,510.021,808.345,198.434,681.941,352.881,616.975
564.152,1006.840,510.100,808.368,198.397,682.209,352.981,616.953
564.193,1006.681,510.130,808.194,198.453,684.785,353.067,616.951
564.195,1006.838,510.161,807.938,198.291,682.089,353.010,616.961
564.023,1006.716,510.004,808.522,198.310,682.751,352.854,616.863
563.977,1006.951,509.900,808.735,198.772,683.329,352.721,616.763
564.084,1007.112,509.894,808.725,198.411,682.163,352.817,616.778
564.228,1006.979,509.976,808.593,198.455,682.250,352.880,616.883
564.231,1007.007,510.016,808.674,198.354,682.106,352.920,616.955
564.192,1006.850,510.064,808.287,198.442,682.266,352.973,616.947
564.426,1007.166,510.024,808.430,198.444,682.146,352.863,616.899
564.056,1006.885,510.007,808.751,198.493,683.249,353.033,616.925
564.020,1006.451,510.008,808.713,198.499,682.310,353.048,617.094
563.928,1006.613,510.168,808.458,198.228,682.186,353.036,617.004
563.929,1006.429,510.142,808.307,198.110,682.065,352.977,616.845
563.969,1006.627,510.021,808.581,198.104,684.456,352.691,616.736
564.000,1006.619,510.040,808.406,198.466,682.994,352.948,616.908
563.900,1006.732,509.920,808.509,198.371,683.223,352.843,616.821
564.056,1006.607,509.971,808.624,198.291,682.955,352.789,616.755
564.017,1006.611,509.995,808.617,198.350,683.200,352.824,616.731
563.840,1006.322,510.051,808.491,198.472,682.824,353.199,616.878
563.952,1006.447,510.021,808.572,198.485,683.212,352.842,616.693
563.678,1006.595,509.961,808.794,198.337,682.781,352.846,616.803
563.733,1006.306,509.895,808.725,198.332,683.268,353.012,616.930
563.847,1006.328,509.839,808.757,198.115,682.993,352.998,617.091
563.514,1006.106,509.882,808.732,198.329,682.757,352.916,617.019
563.986,1006.198,509.973,808.683,198.403,684.169,352.831,616.763
563.783,1006.453,510.068,808.370,198.396,681.983,352.867,616.773
564.034,1006.460,509.949,808.680,198.355,684.351,352.831,616.853
563.763,1006.264,509.876,808.646,198.493,682.764,353.032,616.693
564.119,1006.658,509.905,808.504,198.435,684.425,352.888,616.786
563.899,1006.618,509.962,808.571,198.612,682.146,352.974,616.960
563.989,1006.814,509.977,808.657,198.665,682.114,352.887,616.813
564.098,1006.605,509.874,808.777,199.018,684.394,352.915,616.739
564.095,1006.727,509.921,808.611,199.008,684.331,352.929,616.767
563.939,1006.658,509.812,808.587,198.545,682.671,352.935,616.936
564.039,1006.602,509.856,808.450,198.984,684.433,353.036,616.956
564.020,1006.671,510.037,808.406,198.376,682.110,352.913,617.072
564.138,1006.721,509.992,808.531,198.495,682.034,352.937,616.887
563.854,1006.025,509.850,808.473,198.596,682.167,352.964,616.982
563.859,1006.338,509.804,808.572,198.670,682.308,352.809,616.825
563.816,1006.031,509.792,808.377,198.633,682.017,352.937,616.926
563.900,1006.747,509.849,808.588,198.607,682.050,352.700,616.861
563.836,1006.645,509.855,808.496,198.560,681.956,352.668,616.822
563.859,1006.326,509.886,808.563,198.600,682.330,352.972,617.052
564.020,1006.694,509.839,808.630,198.673,682.453,352.863,617.079
564.047,1006.913,509.836,808.488,198.497,683.041,353.074,616.920
564.194,1007.056,509.857,808.469,198.513,683.200,352.856,616.875
564.025,1006.763,509.850,808.480,198.380,682.103,352.809,616.919
564.047,1006.973,509.839,808.425,198.516,684.253,352.827,616.849
564.205,1006.707,509.960,808.365,198.535,683.100,352.947,616.973
564.179,1006.612,510.004,808.270,198.466,683.320,352.912,616.910
564.110,1006.880,509.928,808.626,198.695,682.272,352.721,616.916
564.065,1006.614,509.980,808.569,198.557,683.058,352.854,616.785
563.999,1006.716,509.844,808.619,198.572,682.229,352.993,616.998
564.192,1006.944,509.910,808.263,198.509,682.422,352.944,616.947
564.261,1007.074,509.843,808.509,198.531,682.259,352.942,616.979
563.927,1006.298,509.768,808.825,198.530,682.280,353.048,617.067
564.111,1006.528,509.800,808.819,198.594,683.133,352.886,616.992
564.107,1006.643,510.034,808.420,198.613,682.134,352.747,617.017
563.998,1006.603,509.894,808.739,198.583,682.217,352.819,617.090
563.941,1006.513,509.791,809.106,198.455,682.866,352.976,617.162
564.110,1006.621,509.766,808.915,198.499,682.693,353.004,617.128
563.917,1006.124,509.876,808.752,198.856,683.445,352.983,617.085
563.784,1006.073,509.884,808.720,198.907,685.631,353.050,617.133
564.138,1006.882,509.719,808.690,198.940,683.517,353.141,617.175
564.235,1006.674,509.805,808.767,198.958,683.829,352.816,617.032
564.250,1006.450,509.841,808.746,199.056,683.699,353.035,617.101
564.106,1005.972,509.751,808.914,198.908,683.636,352.951,616.884
564.249,1006.359,509.776,808.892,198.341,681.988,352.917,616.781
564.259,1006.763,509.923,808.702,198.492,682.116,353.001,617.016
564.349,1006.802,509.936,808.821,198.450,682.214,352.779,616.957
564.273,1007.204,509.931,808.711,198.482,682.155,352.874,616.853
564.116,1006.706,509.955,808.643,198.461,682.282,352.909,616.864
564.100,1006.414,509.955,808.797,198.536,681.965,352.889,616.905
564.141,1006.624,509.782,808.838,198.489,682.017,352.790,616.741
564.227,1006.647,509.951,808.682,198.479,681.906,352.976,617.048
564.153,1006.597,509.913,808.764,199.046,683.324,352.923,617.066
564.217,1006.583,509.892,808.769,198.483,682.040,352.655,616.928
564.134,1006.616,509.881,808.587,198.492,681.955,352.748,616.797
564.150,1006.727,509.982,808.533,198.429,682.566,352.910,616.939
564.191,1006.473,509.822,808.597,198.348,682.873,352.812,616.916
564.210,1006.616,509.845,808.626,198.422,683.034,352.747,616.829
564.235,1006.843,509.873,808.831,198.491,682.199,352.924,616.961
564.166,1006.664,509.809,808.765,198.842,683.291,352.991,617.048
564.288,1006.733,509.885,808.672,198.981,683.734,352.923,617.059
564.294,1006.642,509.984,808.650,198.991,683.632,352.962,617.075
564.007,1006.611,509.992,808.542,199.096,683.528,353.062,617.009
564.048,1006.538,509.950,808.542,198.885,683.938,353.170,616.982
564.404,1006.723,509.938,808.756,198.428,682.068,352.958,616.986
564.327,1006.658,509.793,808.758,198.449,682.113,352.964,616.924
564.130,1006.647,509.863,808.684,198.525,682.078,352.863,616.881
564.121,1006.588,509.917,808.524,198.477,682.158,352.849,616.842
564.024,1006.660,509.874,808.648,198.495,682.117,352.926,616.953
564.113,1006.907,509.828,808.943,198.385,681.993,352.997,616.846
564.003,1006.694,509.840,809.112,198.376,682.089,353.074,616.982
563.959,1006.574,509.899,808.762,198.553,682.146,353.038,616.926
563.965,1006.897,509.876,808.728,198.583,681.835,352.901,616.942
564.265,1006.926,509.864,808.658,198.582,681.952,352.972,616.881
564.309,1006.950,509.863,808.847,198.536,682.116,353.058,617.079
563.954,1007.004,509.871,808.654,198.608,682.017,352.829,616.907
563.885,1006.818,509.862,808.635,198.628,681.869,352.904,616.888
564.283,1006.732,509.963,808.584,198.464,681.857,352.861,616.842
564.267,1006.748,509.889,808.757,198.525,681.987,352.763,616.833
563.913,1006.453,509.622,809.142,198.405,682.181,353.058,616.998
563.991,1006.692,509.736,808.861,198.457,682.141,353.001,616.946
564.050,1006.416,509.846,808.875,198.466,682.232,353.126,616.984
563.809,1006.527,509.823,808.709,198.511,682.054,352.968,616.998
563.816,1006.358,509.861,808.815,198.669,682.090,353.129,617.099
563.915,1006.002,509.796,808.889,198.579,682.678,353.092,616.945
564.043,1006.208,509.693,808.987,198.437,682.060,353.096,617.047
563.942,1006.166,509.842,808.471,198.938,683.486,353.014,616.912
564.397,1006.730,509.786,808.569,198.408,682.194,353.055,616.889
564.222,1006.826,509.976,808.597,198.500,682.135,352.744,616.921
564.199,1006.826,509.977,808.525,198.438,682.027,352.865,616.873
564.407,1006.937,509.981,808.484,198.454,682.024,352.975,616.838
564.508,1007.206,509.959,808.543,198.437,682.033,352.744,616.851
564.186,1006.758,509.951,808.859,198.496,682.191,352.858,616.896
564.143,1006.655,509.963,808.688,198.326,682.342,352.720,616.931
563.928,1006.678,509.787,808.921,198.694,683.480,352.577,616.956
563.916,1006.542,509.827,808.845,198.964,683.609,352.956,617.059
564.047,1006.747,509.854,808.491,199.048,683.443,352.785,616.956
564.115,1006.729,509.775,808.925,198.518,684.127,352.698,616.935
564.002,1006.598,509.846,808.869,198.494,682.073,352.686,616.935
564.170,1007.001,509.935,808.642,198.586,682.091,352.754,616.955
564.087,1006.455,509.960,808.711,198.402,682.858,352.711,617.021
564.049,1006.804,509.798,808.820,198.563,681.874,352.831,617.020
564.241,1007.057,509.790,808.897,198.526,684.082,352.744,617.015
564.157,1006.816,509.854,808.789,198.391,682.017,352.605,616.881
564.155,1006.883,509.962,808.722,198.400,682.051,352.638,617.000
564.259,1006.822,509.881,808.850,199.073,683.263,352.744,616.937
564.259,1006.937,510.017,808.721,198.608,681.985,352.820,616.833
564.262,1006.718,509.972,808.881,198.627,682.683,352.665,616.819
564.086,1006.454,509.782,808.708,198.533,681.965,352.780,616.871
563.966,1006.213,509.791,808.837,198.512,682.049,352.731,616.867
563.598,1006.356,509.861,808.412,198.813,683.451,352.851,616.937
563.934,1006.470,509.898,808.553,198.931,683.319,352.792,616.822
564.255,1006.844,509.891,808.764,198.453,682.139,352.933,616.969
564.156,1006.554,509.888,808.700,198.315,682.069,352.814,616.950
564.287,1006.910,509.810,808.789,198.512,682.060,352.771,616.835
564.348,1006.693,509.859,808.541,198.513,681.906,352.765,616.876
564.311,1006.957,509.903,808.524,198.390,681.879,353.237,617.256
564.286,1006.641,509.798,808.796,198.416,681.875,352.953,617.003
564.163,1006.787,510.040,808.578,198.265,681.911,352.909,616.889
564.233,1006.851,509.938,808.760,198.462,682.113,352.754,616.821
563.987,1006.952,510.021,808.609,198.536,682.081,352.733,616.904
564.075,1006.713,509.771,808.971,198.541,681.737,352.302,616.608
563.787,1006.869,509.823,808.944,198.486,681.902,352.432,616.737
564.111,1006.784,509.872,808.467,198.391,681.862,352.582,616.817
564.382,1006.986,509.981,808.516,198.449,681.936,352.414,616.709
564.188,1006.907,509.877,808.761,198.366,681.815,352.730,616.868
564.211,1006.781,509.906,808.607,198.392,682.240,352.670,616.790
564.166,1006.863,509.940,808.494,198.371,682.156,352.682,616.961
564.078,1006.953,509.944,808.630,198.320,682.207,352.798,616.990
564.264,1007.069,509.971,808.573,198.459,682.232,352.690,616.844
564.241,1007.104,510.017,808.447,198.441,682.137,352.721,616.830
564.670,1007.404,509.903,808.726,198.518,681.867,352.430,616.768
564.416,1007.198,509.907,808.395,198.550,682.039,352.725,617.009
564.783,1007.573,509.851,808.580,199.140,683.282,352.754,616.872
564.794,1007.539,509.924,808.305,198.534,682.252,353.032,617.040
564.840,1007.678,509.936,808.378,198.502,681.984,353.010,617.054
564.678,1007.491,509.874,808.688,198.565,682.091,352.892,616.953
564.756,1007.640,509.890,808.658,198.580,682.086,353.026,616.988
564.732,1007.555,509.941,808.683,198.581,682.062,352.822,616.963
564.726,1007.373,509.797,808.598,198.626,682.014,352.716,616.932
564.318,1006.909,509.759,808.821,198.526,682.511,352.798,616.851
564.308,1007.067,509.843,808.715,198.498,682.361,352.636,616.905
564.402,1007.142,509.665,808.941,198.589,682.459,352.675,616.696
564.368,1007.045,509.689,809.081,198.527,682.617,352.793,616.789
564.493,1007.293,509.935,808.779,198.539,681.885,352.778,616.795
564.212,1007.069,509.837,808.889,198.854,683.753,352.781,616.841
564.358,1007.093,509.947,808.445,199.363,685.723,352.595,616.849
564.336,1007.261,509.943,808.842,198.531,681.811,352.718,616.915
564.538,1007.152,509.759,808.941,198.264,681.921,352.694,616.870
564.296,1006.869,509.941,808.613,198.519,682.620,352.552,616.814
564.472,1007.222,509.922,808.510,198.561,684.304,352.601,616.724
564.357,1007.098,509.896,808.807,198.620,682.022,352.460,616.721
564.507,1007.087,509.873,808.823,198.539,682.069,352.563,616.831
564.317,1006.919,509.925,808.713,198.488,682.166,352.519,616.723
564.425,1007.011,509.856,808.642,198.493,682.015,352.559,616.763
564.355,1007.218,509.841,808.862,198.604,681.951,352.895,616.957
564.193,1007.047,509.940,808.415,198.526,681.827,352.925,616.977
564.424,1006.872,509.949,808.698,198.623,681.907,352.630,616.973
564.427,1006.620,510.057,808.426,198.590,681.908,352.844,617.073
564.502,1006.984,509.920,808.703,198.533,681.675,352.676,616.957
564.337,1006.828,509.884,808.725,198.531,681.981,352.747,616.862
564.525,1006.971,509.907,808.710,198.539,682.072,352.630,616.814
564.406,1006.626,509.972,808.517,198.552,681.886,352.671,616.895
564.472,1007.103,509.963,808.723,198.532,681.901,352.625,616.902
564.265,1006.843,509.870,808.727,198.496,681.698,352.763,616.877
564.217,1006.866,509.879,808.602,198.620,681.834,352.773,616.926
564.352,1006.931,509.880,808.991,198.498,681.940,352.844,616.882
564.289,1006.804,510.028,808.569,198.522,681.935,352.713,616.764
564.560,1007.385,509.968,808.584,198.589,681.939,352.782,616.772
564.349,1007.239,509.943,808.401,198.583,682.020,352.854,616.824
564.083,1006.839,509.885,808.563,198.717,681.694,352.832,616.858
564.221,1007.058,509.848,808.816,198.618,681.863,352.757,616.814
564.461,1006.975,509.774,808.964,198.643,682.478,352.626,616.768
564.330,1007.037,509.699,809.016,198.651,682.085,352.619,616.884
564.475,1006.906,509.797,808.887,198.609,681.974,352.593,616.684
564.438,1006.988,509.829,808.768,198.667,682.097,352.563,616.851
564.286,1006.909,509.775,808.869,198.638,681.865,352.647,616.900
564.641,1007.304,509.973,808.595,198.648,681.978,352.489,616.663
564.513,1007.044,509.960,808.523,198.618,682.520,352.729,616.871
564.581,1007.249,509.860,808.870,198.711,681.839,352.367,616.722
564.613,1007.150,509.710,809.058,198.531,683.617,352.465,616.726
564.485,1007.106,509.902,808.372,198.381,681.827,352.469,616.879
564.360,1007.061,510.071,808.422,198.582,681.837,352.515,616.930
564.411,1006.942,510.029,808.527,198.401,681.932,352.620,616.872
564.339,1007.067,510.042,808.540,198.570,681.910,352.702,617.044
564.395,1007.023,510.076,808.538,199.054,683.762,352.740,617.049
564.276,1006.763,509.884,808.707,199.155,683.548,352.479,616.861
564.336,1006.786,509.907,808.590,198.621,682.282,352.398,616.721
564.401,1006.538,510.000,808.659,198.688,682.072,352.445,616.769
564.089,1006.290,509.952,808.745,198.629,681.984,352.612,616.978
564.334,1006.803,509.885,808.782,198.749,682.030,352.656,617.128
564.352,1007.056,509.835,808.922,198.732,682.020,352.618,617.002
564.240,1006.658,510.025,808.424,198.565,682.329,352.553,616.880
564.172,1006.899,509.887,808.722,198.631,684.338,352.573,616.943
564.360,1007.212,510.011,808.629,198.656,684.033,352.809,616.946
564.095,1006.710,509.845,808.776,198.591,684.214,352.781,616.896
564.107,1006.641,509.870,808.612,198.662,682.205,352.518,617.038
564.243,1006.561,509.962,808.491,198.670,682.209,352.658,616.985
564.180,1006.808,509.747,808.790,198.666,683.762,352.704,616.820
564.111,1006.846,510.045,808.637,198.731,682.088,352.498,616.757
564.185,1006.985,509.880,808.826,198.717,682.046,352.599,616.818
564.234,1006.968,509.915,808.733,198.704,681.954,352.591,616.770
564.228,1006.913,509.879,808.754,198.666,681.942,352.519,616.684
564.138,1006.723,509.765,809.013,198.515,681.625,352.626,616.793
564.131,1006.627,509.858,808.681,198.630,681.762,352.481,616.597
564.164,1006.660,509.861,808.771,198.637,681.732,352.457,616.806
564.178,1006.842,509.829,808.812,198.471,681.914,352.443,616.648
564.290,1006.974,509.826,808.883,198.588,682.195,352.524,616.784
564.398,1007.024,509.938,808.608,199.046,683.396,352.378,616.594
564.080,1006.551,509.847,808.846,198.503,682.102,352.664,616.903
564.139,1006.686,509.902,808.891,198.640,682.148,352.672,616.910
564.177,1006.984,509.897,808.930,198.582,682.060,352.610,616.888
564.127,1006.824,510.072,808.645,198.385,682.111,352.598,616.768
564.175,1007.014,509.969,808.786,198.950,683.575,352.550,616.785
564.248,1006.642,509.784,808.825,199.028,683.465,352.585,616.905
564.401,1006.808,509.845,808.915,199.043,683.631,352.527,616.983
564.336,1006.760,509.908,808.770,199.034,683.332,352.559,616.883
564.347,1006.778,509.895,808.747,198.990,683.470,352.614,616.942
564.267,1006.740,509.965,808.801,199.027,683.469,352.539,616.997
564.324,1007.153,509.671,809.080,198.644,682.006,352.392,616.918
564.196,1006.877,510.065,808.610,198.716,682.866,352.622,617.047
564.275,1006.892,510.040,808.483,198.673,684.257,352.714,617.090
564.084,1006.413,510.064,808.555,198.633,681.957,352.576,616.935
564.166,1006.815,509.938,808.613,198.692,682.891,352.563,616.916
564.197,1006.886,509.862,808.861,198.504,682.006,352.668,616.975
564.026,1006.754,510.002,808.818,198.638,682.124,352.670,616.988
564.140,1006.761,510.003,808.567,198.512,682.064,352.756,617.013
564.368,1006.795,509.940,808.794,198.393,681.976,352.499,616.747
564.274,1006.848,510.046,808.678,198.389,681.992,352.620,616.887
564.438,1006.802,509.887,808.956,198.411,681.799,352.756,617.075
564.364,1007.048,509.893,808.788,198.483,681.916,352.633,616.946
564.284,1007.037,509.816,808.695,198.519,682.016,352.787,617.020
564.386,1006.728,509.979,808.626,198.627,682.006,352.780,616.983
564.260,1006.807,509.842,809.009,198.547,682.482,352.760,617.073
564.393,1007.108,509.768,809.174,198.529,681.810,352.534,616.923
564.401,1007.235,509.863,809.042,198.445,682.574,352.701,616.909
564.213,1007.135,509.990,808.778,198.514,681.790,352.769,616.951
564.202,1006.937,509.895,808.603,198.384,681.902,352.432,616.680
564.442,1007.022,509.850,808.784,198.567,682.408,352.737,616.763
564.388,1007.124,509.774,808.973,198.528,681.856,352.664,616.836
564.209,1006.953,510.017,808.640,198.449,682.074,352.706,616.993
564.385,1007.099,509.804,809.000,198.578,681.784,352.535,616.769
564.298,1007.082,509.751,808.838,199.046,683.085,352.680,616.959
564.227,1007.052,509.876,808.609,198.581,681.886,352.893,617.079
564.501,1007.308,509.990,808.524,198.579,681.855,352.614,616.791
564.334,1006.969,509.898,808.471,198.605,681.858,352.616,616.840
564.438,1007.078,509.875,808.704,198.530,682.086,352.747,616.940
564.310,1006.898,509.834,808.770,198.546,682.055,352.804,616.991
564.345,1007.079,509.864,808.741,198.399,681.935,352.733,617.039
564.532,1007.470,509.775,808.927,198.552,682.011,352.599,616.905
564.264,1007.030,509.895,808.653,198.608,682.024,352.546,616.993
564.246,1006.983,509.935,808.856,199.005,683.575,352.560,616.943
564.377,1007.139,509.943,808.855,198.980,683.498,352.498,616.980
564.339,1007.166,509.894,809.056,198.473,681.846,352.700,616.948
564.378,1006.994,509.916,808.940,198.510,681.739,352.866,617.113
564.278,1006.933,510.034,808.600,199.079,684.279,352.713,617.029
564.352,1006.839,510.014,808.649,199.026,684.224,352.754,616.979
564.474,1007.037,509.845,809.035,198.490,682.661,352.730,616.910
564.478,1007.079,509.894,808.899,199.453,686.049,352.696,616.889
564.457,1007.213,509.892,808.691,198.998,684.237,352.608,616.871
564.416,1007.138,509.883,808.570,198.900,684.469,352.666,616.938
564.295,1007.022,509.855,808.643,198.308,682.805,352.567,616.844
564.301,1006.795,509.995,808.836,198.417,682.183,352.603,616.843
564.222,1006.756,510.070,808.622,198.361,684.172,352.485,616.915
564.182,1006.619,510.017,808.508,198.525,681.832,352.449,616.778
564.161,1006.642,510.014,808.383,198.582,681.981,352.472,616.768
564.347,1007.021,510.032,808.466,198.593,682.060,352.652,616.884
564.363,1006.725,509.911,808.696,198.694,681.855,352.550,616.874
564.162,1006.812,510.166,808.756,198.665,682.459,352.609,616.893
564.439,1006.966,510.054,808.866,198.571,684.020,352.652,616.943
564.255,1007.002,510.034,809.011,198.589,682.778,352.530,616.881
564.300,1006.593,510.009,809.164,198.505,682.742,352.665,616.928
564.277,1007.034,510.032,809.399,198.576,682.508,352.641,616.960
564.194,1006.898,510.120,809.376,198.681,682.667,352.633,616.958
564.287,1007.006,509.885,809.612,198.532,681.934,352.700,616.797
564.553,1007.278,509.970,809.473,198.541,681.909,352.622,616.840
564.486,1007.086,510.066,809.295,198.445,681.975,352.641,616.824
564.285,1006.894,509.986,809.352,198.558,681.815,352.571,616.868
564.432,1007.184,509.968,809.285,198.534,681.861,352.613,616.868
564.339,1006.815,510.014,809.224,198.450,681.941,352.608,616.927
564.288,1006.919,510.067,809.227,198.517,681.962,352.264,616.838
564.304,1007.001,509.884,809.502,198.550,681.975,352.607,616.916
564.243,1006.951,509.995,809.337,198.515,682.090,352.600,616.904
564.555,1007.233,509.940,809.164,198.418,681.699,352.564,616.871
564.303,1007.062,509.979,809.174,198.461,681.801,352.648,616.925
564.363,1007.223,509.967,808.925,198.562,682.011,352.390,616.676
564.285,1007.042,509.936,808.927,198.458,681.996,352.455,616.803
564.195,1007.314,509.977,809.087,198.538,682.146,352.651,616.927
564.349,1006.947,510.034,809.101,198.604,682.073,352.386,616.873
564.231,1006.981,510.072,808.931,198.520,683.620,352.724,617.041
564.426,1007.330,509.934,809.345,199.146,683.417,352.613,617.054
564.310,1007.213,509.982,809.276,199.070,683.347,352.611,617.010
564.190,1006.669,510.057,808.878,199.045,684.169,352.598,616.998
564.150,1006.827,509.962,809.193,198.954,685.113,352.533,616.968
564.318,1007.011,509.948,808.982,198.510,681.870,352.765,617.110
564.187,1007.075,509.993,808.971,198.558,681.801,352.647,617.015
564.255,1006.868,509.957,809.166,198.565,681.828,352.532,616.936
564.215,1006.883,510.010,808.905,198.595,681.916,352.549,616.971
564.291,1007.137,509.977,809.387,198.621,682.040,352.534,616.929
564.205,1007.107,510.056,809.002,198.473,681.938,352.575,616.958
564.302,1006.998,510.066,808.807,198.583,681.855,352.507,616.835
564.530,1006.917,510.055,808.943,198.548,681.760,352.512,616.967
564.196,1007.180,509.925,809.066,198.574,681.588,352.554,616.991
564.199,1007.088,509.891,809.285,198.581,681.922,352.733,617.022
564.216,1006.825,510.048,808.833,198.640,681.893,352.600,616.935
564.351,1006.957,510.035,809.229,198.705,682.045,352.650,616.853
564.217,1007.092,509.962,809.239,198.591,681.981,352.760,616.937
564.297,1007.006,509.949,809.050,198.600,681.735,352.527,616.850
564.261,1007.020,510.014,808.908,198.585,681.869,352.645,616.737
564.302,1006.795,509.946,809.081,198.678,681.997,352.670,616.868
564.366,1006.902,509.921,809.239,198.660,682.030,352.477,616.808
564.051,1006.733,509.988,808.971,198.618,682.863,352.564,616.910
564.388,1006.930,510.018,808.900,198.629,682.645,352.606,616.660
564.319,1007.164,509.846,809.072,199.204,683.366,352.653,616.910
564.363,1007.030,509.962,808.704,198.707,682.116,352.415,616.694
564.234,1006.845,509.840,809.049,198.663,682.124,352.427,616.770
564.196,1006.811,509.919,809.199,198.806,681.994,352.263,616.793
564.033,1006.359,509.863,809.278,198.781,681.974,352.381,616.805
564.157,1006.549,509.759,808.938,199.227,683.377,352.611,616.951
564.271,1006.642,509.785,809.144,198.802,682.010,352.507,616.964
564.152,1006.477,509.785,809.185,198.470,682.020,352.712,617.048
564.336,1007.041,509.853,809.137,198.581,682.091,352.712,616.942
564.169,1006.812,509.998,808.864,198.456,682.061,352.675,617.085
563.886,1006.301,510.019,808.856,198.592,681.855,352.604,617.059
564.043,1006.596,509.951,809.266,198.530,682.022,352.498,617.063
564.078,1006.780,509.919,809.420,198.590,681.957,352.528,617.130
564.055,1006.458,509.878,809.036,198.542,681.941,352.439,616.904
563.911,1006.370,509.854,809.201,198.639,681.873,352.638,617.125
564.170,1006.859,509.884,808.939,198.568,681.905,352.687,617.032
564.117,1006.834,509.870,808.895,198.677,681.879,352.642,617.014
564.061,1006.945,509.849,808.893,198.634,681.921,352.664,616.982
563.986,1006.454,509.774,809.010,198.592,684.006,352.687,617.001
564.125,1006.810,509.946,808.864,198.575,681.650,352.665,616.903
564.087,1006.761,510.029,808.847,198.584,681.862,352.563,616.989
564.103,1006.844,509.933,808.752,198.467,681.726,352.560,616.762
564.047,1006.571,509.946,808.878,198.626,681.972,352.369,616.992
564.204,1006.851,509.935,809.058,198.523,681.888,352.480,617.045
564.237,1006.753,509.927,809.025,198.422,681.710,352.563,617.035
564.161,1006.735,510.028,808.963,198.504,681.865,352.380,616.824
564.130,1006.618,510.125,808.829,198.622,682.023,352.237,616.800
564.156,1006.861,510.071,809.174,198.646,682.630,352.330,616.727
564.062,1006.484,509.919,809.253,198.627,682.479,352.294,616.800
564.160,1006.765,510.009,808.885,198.396,682.649,352.658,616.925
564.508,1007.010,509.991,808.827,198.450,682.781,352.617,616.954
564.013,1006.592,510.007,808.878,198.590,681.928,352.262,616.975
564.024,1006.505,510.016,808.935,198.616,682.077,352.493,616.960
563.876,1006.715,509.867,809.158,198.459,682.121,352.661,616.879
564.119,1006.842,509.970,808.880,198.542,682.030,352.691,616.925
564.228,1006.775,509.960,808.982,198.469,682.692,352.466,616.787
564.177,1006.611,509.974,808.843,198.512,682.615,352.477,616.817
564.244,1006.797,509.955,809.035,198.638,682.323,352.644,616.938
564.298,1006.973,509.825,809.277,198.562,682.432,352.694,616.930
564.320,1006.986,510.003,808.980,198.498,683.867,352.494,616.823
564.211,1006.910,509.976,808.867,198.591,684.031,352.437,616.872
564.194,1006.502,510.019,808.467,198.614,681.906,352.608,617.083
564.114,1006.774,510.038,808.725,199.787,685.988,352.416,616.875
564.221,1007.098,509.963,808.774,199.727,686.189,352.521,616.967
564.140,1006.336,509.980,809.183,198.531,682.184,352.709,616.911
564.440,1006.816,509.910,809.191,198.550,682.166,352.485,616.864
564.137,1006.467,509.831,808.967,198.499,682.946,352.604,616.916
564.259,1006.791,510.023,808.967,198.533,682.198,352.603,616.984
564.142,1006.842,509.985,809.059,198.535,682.155,352.613,616.965
564.408,1006.834,510.054,808.899,198.631,682.219,352.657,617.025
563.951,1006.363,510.036,808.662,198.667,682.043,352.862,616.997
564.196,1006.468,510.038,808.658,198.663,682.191,353.092,617.196
564.235,1006.780,509.876,808.760,198.677,681.998,352.602,616.985
564.268,1006.814,510.004,808.815,199.072,683.535,352.648,616.968
564.360,1006.964,509.910,809.142,198.901,685.353,352.761,617.013
564.144,1006.612,510.007,808.955,198.444,682.401,352.447,616.832
564.220,1006.783,509.966,808.797,198.458,683.951,352.465,616.886
564.285,1006.816,510.104,808.721,198.533,684.213,352.512,616.892
564.280,1006.791,509.994,808.603,198.576,681.730,352.640,616.923
564.525,1007.134,509.826,808.801,198.439,682.434,352.506,616.928
564.412,1007.043,509.846,808.838,198.556,682.396,352.491,616.933
564.010,1006.941,509.744,809.378,198.500,682.498,352.736,616.937
563.867,1006.734,509.772,809.412,198.500,682.461,352.808,617.077
564.334,1007.021,509.742,809.355,198.552,681.929,352.601,616.951
564.394,1007.057,509.850,809.263,198.604,682.686,352.616,617.023
564.311,1007.070,509.943,809.246,198.544,682.655,352.699,617.007
564.511,1006.993,510.068,809.104,198.525,682.799,352.596,616.911
564.537,1007.079,509.976,809.211,198.609,682.585,352.603,616.875
564.134,1006.473,509.947,809.197,198.572,682.526,352.577,616.961
564.196,1006.533,509.772,809.395,198.495,682.521,352.422,616.876
564.434,1007.122,509.940,809.279,198.757,681.887,352.638,617.102
564.439,1007.056,509.994,809.154,198.705,681.743,352.669,617.177
564.438,1007.200,509.936,808.910,198.625,682.099,352.408,616.940
564.374,1007.144,510.043,808.867,198.693,683.987,352.645,617.081
564.342,1007.034,510.070,808.699,199.096,683.763,352.690,616.944
564.394,1006.901,510.160,808.715,198.590,681.891,352.737,617.016
564.345,1006.721,510.149,808.557,198.765,682.582,352.666,616.955
564.235,1006.722,510.151,808.722,198.671,682.613,352.676,617.073
564.268,1006.920,509.945,808.837,198.703,681.841,352.637,617.015
564.181,1006.790,510.034,808.791,198.572,682.080,352.938,617.188
564.526,1007.139,510.005,808.517,198.543,682.100,352.808,617.040
564.530,1007.149,510.114,808.731,198.698,681.902,352.643,617.117
564.470,1007.055,510.070,808.628,198.645,681.746,352.517,616.877
564.402,1007.046,510.155,808.624,198.770,681.899,352.644,617.076
563.921,1006.481,510.181,808.716,198.707,681.792,352.626,617.071
564.076,1006.520,510.010,808.776,198.629,681.695,352.694,617.035
564.218,1006.538,510.017,808.854,198.653,681.884,352.658,617.061
564.107,1006.794,509.897,808.847,198.598,681.834,352.396,616.924
563.989,1006.469,509.946,808.871,198.565,681.996,352.680,616.966
564.104,1006.814,510.130,808.865,198.653,682.101,352.441,616.922
564.191,1006.903,510.061,808.789,198.819,681.909,352.503,616.975
564.005,1006.643,510.038,808.950,198.573,681.764,352.684,617.178
564.116,1006.671,509.874,809.300,198.598,682.101,352.650,617.208
564.225,1006.941,509.982,808.686,198.565,682.118,352.785,617.204
564.243,1006.790,510.010,808.920,198.684,684.153,352.695,617.015
564.274,1006.910,509.993,808.893,198.552,684.620,352.736,617.127
564.209,1006.409,510.109,808.681,198.598,684.206,352.682,616.966
564.262,1006.570,510.137,808.396,198.650,684.074,352.695,616.865
564.466,1007.129,510.137,808.643,198.622,682.921,352.674,617.055
564.188,1006.422,510.160,808.307,198.696,684.322,352.603,617.058
564.244,1007.076,509.883,808.740,198.594,682.702,352.540,617.057
564.209,1006.881,509.878,808.827,198.558,684.291,352.557,617.060
564.329,1007.006,510.095,808.611,198.714,682.025,352.655,617.135
564.375,1006.991,510.130,808.557,198.743,682.122,352.756,617.166
564.164,1006.712,510.056,808.605,198.652,682.014,352.609,617.127
563.912,1006.744,509.933,808.596,198.660,681.856,352.488,617.066
564.028,1006.514,509.848,809.111,198.983,683.685,352.587,616.971
564.355,1006.876,510.035,808.818,198.639,681.812,352.793,617.087
564.383,1006.880,510.078,808.815,198.608,681.915,352.888,617.136
564.065,1006.734,509.837,809.251,198.681,682.900,352.747,617.077
564.019,1006.764,509.872,808.912,198.578,682.411,352.668,617.033
564.109,1006.659,509.990,809.105,198.612,681.955,352.595,617.076
564.090,1006.761,509.905,808.932,198.589,682.098,352.736,617.103
564.013,1006.236,509.894,808.988,198.641,681.921,352.491,617.073
564.191,1006.858,509.897,808.993,198.733,682.119,352.383,617.002
564.455,1007.266,509.984,808.686,199.066,683.485,352.613,617.023
564.087,1006.733,510.100,808.454,198.600,681.746,352.636,617.093
564.226,1006.766,509.980,808.866,198.596,682.118,352.401,616.896
564.262,1006.937,509.981,808.820,198.628,682.058,352.531,616.870
564.334,1006.831,509.969,808.979,198.663,682.729,352.493,616.907
564.107,1006.799,509.964,808.772,198.617,682.138,352.556,616.950
564.354,1007.018,510.008,808.898,198.564,681.755,352.432,616.820
564.336,1006.862,510.063,808.811,198.566,682.069,352.522,617.007
564.253,1006.705,509.983,808.976,198.619,681.854,352.654,617.130
564.419,1006.950,509.954,808.975,198.494,681.915,352.817,617.341
564.299,1006.760,509.950,808.907,198.566,681.835,352.628,617.149
564.448,1007.048,510.043,808.647,198.618,681.948,352.620,617.026
564.257,1006.622,509.977,808.758,198.554,684.065,352.725,617.118
564.263,1006.688,509.957,808.940,198.522,684.284,352.537,617.029
564.342,1006.670,509.913,808.838,198.631,684.334,352.468,616.959
564.309,1006.780,509.890,808.999,198.697,682.256,352.355,617.013
564.168,1006.651,509.899,808.948,198.582,682.253,352.545,617.067
564.286,1006.868,510.098,808.877,198.603,682.237,352.774,616.961
564.337,1006.930,510.017,808.929,198.559,682.045,352.559,616.972
564.339,1006.966,510.116,808.710,198.551,682.054,352.426,617.020
564.220,1006.618,509.975,808.598,198.757,682.349,352.622,617.146
564.185,1006.850,509.987,808.864,199.781,686.034,352.603,617.101
564.311,1006.744,509.906,809.050,199.143,683.481,352.802,617.084
564.274,1006.677,509.848,809.200,199.127,683.375,352.922,617.244
564.135,1006.799,509.984,808.962,198.645,682.034,353.057,617.169
564.330,1006.965,509.954,808.975,198.593,684.057,353.002,617.153
564.298,1006.807,510.045,808.879,198.579,682.002,352.587,617.069
564.239,1007.004,509.997,808.851,198.461,683.876,352.847,617.197
564.347,1006.944,509.870,809.170,198.638,682.352,352.623,617.020
564.116,1006.605,509.959,809.136,198.597,681.949,352.720,617.053
564.326,1006.853,510.016,809.102,198.638,682.205,352.575,616.929
564.214,1006.646,510.009,808.863,198.418,681.941,352.669,617.077
564.342,1006.811,509.993,808.820,198.620,682.170,352.633,617.120
564.440,1006.984,510.064,808.654,198.705,682.310,352.733,617.214
564.239,1006.632,509.936,809.000,198.715,682.283,352.835,617.271
564.210,1006.733,509.955,809.202,198.651,682.318,352.806,617.193
564.079,1006.688,509.982,809.167,199.654,685.807,352.653,617.144
564.352,1006.782,509.744,809.414,198.482,684.233,352.653,617.229
564.130,1006.536,509.846,809.247,198.443,684.313,352.720,617.252
564.094,1006.453,509.928,809.101,198.649,682.394,352.674,617.186
564.100,1006.442,510.005,809.040,198.531,682.342,352.528,617.206
563.978,1006.484,509.891,809.300,198.590,682.431,352.747,617.001
563.853,1006.372,509.857,809.297,198.534,682.527,352.544,616.844
564.010,1006.511,509.960,809.210,198.524,682.996,352.416,616.830
564.027,1006.179,510.000,809.192,199.552,686.044,352.655,616.798
564.051,1006.272,509.869,809.294,198.591,682.164,352.705,616.809
564.280,1006.803,509.980,809.379,198.594,682.880,352.878,617.094
564.070,1006.536,509.993,809.194,198.623,682.959,352.772,617.132
564.154,1006.847,509.982,809.233,198.602,682.647,352.640,617.053
564.269,1006.767,510.131,809.031,198.727,682.084,352.665,617.063
564.237,1007.022,509.928,809.404,198.671,682.104,352.612,617.078
564.421,1007.154,509.922,809.291,198.656,682.167,352.542,617.037
564.216,1006.811,509.730,809.310,198.657,681.971,352.739,617.115
564.024,1006.799,509.842,809.387,198.569,681.951,352.567,617.034
564.427,1007.109,509.889,809.190,198.687,681.712,352.558,617.080
563.847,1006.301,509.821,809.409,198.870,681.767,352.500,617.098
564.153,1006.378,509.879,809.254,198.862,681.926,352.415,616.974
564.203,1006.612,509.797,809.408,198.611,681.831,352.495,616.943
564.049,1006.530,509.998,809.241,198.522,681.954,352.460,616.970
564.381,1007.097,509.980,808.898,198.665,682.198,352.358,616.969
563.992,1006.420,510.011,809.069,198.714,682.048,352.568,617.120
564.037,1006.579,510.073,808.671,198.717,682.738,352.547,616.931
564.136,1006.883,510.088,808.754,198.595,684.208,352.478,617.014
564.210,1006.554,509.955,809.059,198.594,681.865,352.773,617.146
564.231,1006.909,510.022,808.895,198.461,681.981,352.684,617.071
564.439,1006.943,509.977,808.970,198.628,681.867,352.272,616.899
564.299,1006.691,510.044,808.866,198.534,683.901,352.282,616.925
564.081,1006.651,509.920,809.003,198.554,682.697,352.363,617.028
564.175,1006.689,509.838,809.196,198.485,681.860,352.230,616.972
564.281,1006.841,509.785,809.290,198.646,682.521,352.551,617.042
564.321,1006.932,509.916,809.144,198.488,684.051,352.680,617.044
564.343,1006.998,509.978,808.942,198.540,684.075,352.628,617.148
564.278,1006.853,509.990,809.046,198.576,682.093,352.602,617.141
564.284,1006.724,509.908,809.239,198.593,684.105,352.749,617.124
564.149,1006.728,509.959,809.048,198.960,685.648,352.305,616.875
564.295,1006.708,509.957,808.981,198.619,684.450,352.490,616.983
564.176,1006.590,509.814,809.405,199.100,683.279,352.545,616.927
564.142,1006.668,509.934,809.297,199.043,683.297,352.619,617.019
564.057,1006.506,510.017,809.122,198.531,684.191,352.723,617.201
564.287,1006.824,510.011,809.211,198.560,682.296,352.684,617.175
564.122,1007.134,510.111,808.890,198.501,682.161,352.378,616.945
564.468,1007.035,510.206,808.761,198.912,683.203,352.330,616.907
564.497,1007.193,510.142,808.966,199.021,685.375,352.421,616.981
564.223,1006.860,509.983,808.854,199.028,683.448,352.617,617.153
564.362,1006.898,510.021,809.047,198.969,685.774,352.669,617.003
564.323,1007.082,510.146,808.887,199.186,683.235,352.386,616.994
564.598,1007.228,509.943,809.228,199.027,683.069,352.478,617.117
564.262,1006.705,510.072,809.037,198.571,681.971,352.479,617.064
564.286,1006.699,509.975,809.055,198.631,682.585,352.528,617.034
564.100,1006.665,510.186,808.611,198.641,681.932,352.660,617.046
564.333,1007.163,510.217,808.790,198.723,682.636,352.478,616.956
564.412,1006.592,509.955,808.991,198.665,682.039,352.368,616.964
564.302,1006.689,509.991,809.088,198.633,681.860,352.370,616.888
564.640,1007.490,510.011,809.165,198.562,681.937,352.783,617.197
564.097,1006.874,509.889,809.244,198.548,681.966,352.727,617.047
564.304,1006.951,509.877,809.187,198.698,683.986,352.670,617.143
564.157,1006.839,509.972,809.015,198.609,682.104,352.559,617.127
564.319,1006.749,510.049,808.904,198.572,682.124,352.670,617.233
564.225,1006.842,510.008,808.931,198.493,682.700,352.418,616.989
564.160,1006.748,510.045,808.960,198.418,682.128,352.559,617.069
564.213,1006.788,509.916,809.041,199.040,683.547,352.637,617.258
564.190,1006.816,509.986,808.967,199.045,684.070,352.541,617.210
564.577,1007.142,510.043,808.821,198.974,683.239,352.703,617.212
564.127,1006.711,509.997,808.909,198.935,683.518,352.660,617.172
564.184,1006.822,509.723,809.486,198.338,682.045,352.609,617.107
564.264,1006.801,509.947,809.102,198.891,683.248,352.623,617.126
564.415,1007.112,509.891,809.128,198.623,681.815,352.692,616.890
564.447,1007.049,510.074,808.817,198.570,681.697,352.558,616.830
564.466,1006.972,510.050,808.874,198.583,681.838,352.667,616.841
564.581,1007.100,509.959,809.380,198.744,681.697,352.847,617.150
564.502,1007.118,509.896,809.236,198.717,681.672,352.897,617.106
564.290,1006.817,509.789,809.280,198.701,681.971,352.518,617.073
564.540,1006.950,510.025,809.209,198.646,682.056,352.439,616.975
564.332,1006.642,509.962,808.905,198.812,681.846,352.539,617.062
564.448,1006.758,510.014,808.665,198.817,682.498,352.607,617.127
564.271,1006.559,509.956,809.045,198.739,681.672,352.661,616.967
564.091,1006.420,510.119,808.868,198.788,681.848,352.599,617.027
564.175,1006.281,510.048,808.852,198.760,682.154,352.417,616.978
564.212,1006.482,510.032,808.808,198.766,681.807,352.446,617.002
564.022,1006.573,510.058,808.827,198.646,681.973,352.515,617.028
564.125,1006.454,510.029,808.891,198.674,681.972,352.565,616.961
564.225,1006.617,510.020,808.725,199.342,683.723,352.561,616.960
564.413,1006.816,509.959,809.054,199.094,683.317,352.428,616.969
564.366,1006.687,510.023,809.102,199.149,683.158,352.488,617.089
564.257,1006.677,510.114,808.903,198.549,682.818,352.696,617.154
564.264,1006.759,510.034,808.893,199.054,685.583,352.595,617.057
564.169,1006.693,509.915,808.762,198.704,682.162,352.495,617.011
564.265,1006.667,510.092,808.762,198.760,683.990,352.404,616.985
564.204,1006.689,509.936,808.838,198.737,681.973,352.474,616.995
564.275,1006.613,509.759,809.074,198.829,682.773,352.527,617.118
564.178,1006.530,509.901,809.298,198.767,681.973,352.734,617.086
564.350,1006.733,509.949,809.247,198.835,681.905,352.648,616.941
564.354,1006.934,509.987,808.962,199.612,686.029,352.589,617.119
564.637,1007.377,509.856,809.178,198.638,682.064,352.538,617.187
564.619,1007.502,509.869,809.107,199.672,685.924,352.368,617.162
564.651,1007.318,509.846,809.041,198.632,682.941,352.565,617.152
564.641,1007.196,509.900,809.051,198.709,682.853,352.570,617.131
564.184,1006.750,510.001,809.032,198.687,681.998,352.527,616.975
564.317,1006.986,510.029,809.006,198.753,682.091,352.720,617.028
564.425,1007.178,509.986,808.806,198.596,682.028,352.717,617.054
564.349,1007.098,509.870,808.898,198.600,682.229,352.598,616.991
564.218,1006.966,509.891,809.233,198.702,682.058,352.677,616.924
564.411,1007.150,509.918,808.947,198.646,682.114,352.410,616.912
563.889,1006.623,509.919,808.870,198.691,682.085,352.737,617.121
564.333,1006.690,509.885,808.879,198.626,681.866,352.560,616.947
563.880,1006.360,509.948,808.935,198.720,682.207,352.555,617.059
564.232,1006.580,510.022,808.892,198.642,682.095,352.479,616.862
564.153,1006.283,509.988,808.736,198.751,682.691,352.543,617.116
564.432,1006.593,510.070,808.699,198.562,682.446,352.457,616.962
564.174,1006.390,510.076,808.558,198.612,682.808,352.390,616.991
564.351,1006.808,510.157,808.406,198.622,682.561,352.602,616.918
564.411,1006.796,510.101,808.528,198.499,682.611,352.696,616.995
564.229,1006.397,510.101,808.730,198.755,682.907,352.657,616.984
564.287,1006.438,510.082,808.632,198.758,682.689,352.547,617.049
564.423,1006.954,510.100,808.439,198.635,681.961,352.802,617.090
564.365,1006.776,510.027,808.746,198.648,682.040,352.757,617.076
564.464,1006.945,510.150,808.595,198.540,682.014,352.646,616.948
564.418,1006.860,510.202,808.749,198.654,682.652,352.589,616.850
564.301,1006.723,510.012,808.784,198.658,681.804,352.673,616.904
564.456,1006.955,509.941,808.898,198.805,681.886,352.531,617.119
564.308,1007.018,510.115,808.626,198.690,682.231,352.667,617.288
564.145,1006.908,510.044,808.659,198.658,682.110,352.389,617.025
564.202,1006.926,510.153,808.697,198.698,681.961,352.423,617.051
564.234,1006.684,510.142,808.577,198.747,682.278,352.435,617.053
564.187,1006.707,510.040,808.739,198.819,682.350,352.519,617.028
564.515,1007.119,509.955,808.849,198.594,682.210,352.631,617.175
564.392,1007.108,510.116,808.639,198.707,682.222,352.442,617.080
564.024,1006.891,509.931,809.081,198.834,682.032,352.539,616.980
564.466,1007.260,510.050,808.876,198.857,682.082,352.639,617.064
564.366,1007.092,510.080,808.838,198.814,682.950,352.522,616.963
564.283,1006.904,510.078,808.827,198.905,682.801,352.518,616.912
564.178,1006.645,509.783,809.383,198.838,682.107,352.597,616.945
564.137,1006.538,510.074,808.625,198.720,682.007,352.608,616.940
564.281,1006.836,510.137,808.707,198.799,681.978,352.570,616.926
564.303,1007.048,510.098,808.574,199.080,683.118,352.533,616.913
564.270,1007.045,510.065,808.573,199.004,683.302,352.648,617.144
564.588,1007.270,510.164,808.484,198.687,682.110,352.325,616.967
564.458,1007.096,510.178,808.435,199.847,686.084,352.541,617.057
564.253,1006.838,510.190,808.533,198.607,681.886,352.461,617.159
564.300,1007.007,510.077,808.679,198.633,681.887,352.558,617.154
564.239,1006.877,510.059,808.742,198.543,683.062,352.523,617.097
564.404,1007.015,510.087,808.688,198.549,682.865,352.643,617.184
564.249,1006.786,509.972,808.652,198.691,682.103,352.570,616.991
564.079,1006.612,509.921,808.686,198.661,682.060,352.581,616.953
564.277,1006.878,510.107,808.771,198.734,682.187,352.344,616.977
564.254,1006.747,509.831,809.255,198.631,682.028,352.568,617.049
564.262,1007.081,510.057,808.843,198.589,682.422,352.706,617.107
564.221,1006.943,510.160,808.769,198.584,682.682,352.717,617.117
564.256,1007.148,510.061,808.917,198.594,683.999,352.669,617.104
564.338,1007.053,510.042,808.773,198.535,683.892,352.621,617.029
564.432,1007.104,510.040,808.822,198.598,684.024,352.538,616.957
564.256,1006.985,509.993,808.863,198.974,683.376,352.250,616.936
564.366,1006.712,510.069,808.787,198.992,683.178,352.368,616.993
564.203,1006.479,510.104,808.605,198.611,682.697,352.281,616.963
564.281,1006.729,510.092,808.654,199.048,682.683,352.406,617.022
564.471,1006.982,510.017,808.931,199.012,682.194,352.636,616.927
564.255,1006.525,510.050,808.857,198.737,681.591,352.591,616.963
564.381,1006.993,510.054,808.771,198.596,681.495,352.654,617.053
564.322,1006.698,509.930,808.755,198.640,680.839,352.654,617.027
564.309,1006.803,510.011,808.445,198.502,680.506,352.685,617.014
564.063,1006.635,509.861,808.863,198.769,680.458,352.830,617.059
564.377,1006.867,509.922,808.626,198.806,680.369,352.785,617.012
564.185,1006.593,509.744,809.186,198.742,680.261,352.732,616.921
564.339,1006.607,509.920,808.652,198.786,680.304,353.015,617.026
564.099,1006.646,510.127,808.662,198.761,680.344,352.924,617.014
564.370,1006.940,510.029,808.776,198.767,680.448,352.729,616.889
564.301,1006.767,509.989,808.889,198.699,680.413,353.054,617.110
564.376,1006.668,509.880,808.980,198.781,680.222,353.087,617.208
564.514,1006.940,510.088,808.610,198.938,679.998,352.960,617.043
564.550,1006.982,510.110,808.581,198.833,680.132,352.812,616.867
564.491,1006.937,510.155,808.785,198.837,680.142,352.851,616.752
564.447,1007.046,509.998,808.848,198.921,679.948,352.931,616.942
564.331,1007.033,509.994,808.637,198.938,680.189,352.816,616.796
563.946,1006.802,509.921,809.098,198.931,680.436,352.670,616.913
564.146,1006.510,510.022,809.064,198.997,680.246,352.679,616.787
564.133,1006.313,510.042,808.874,198.833,680.256,352.553,616.642
564.273,1006.585,510.177,808.549,198.945,680.087,352.874,616.655
564.471,1006.760,510.095,808.784,198.834,679.924,352.617,616.796
564.103,1006.778,510.138,808.673,198.830,679.952,352.684,616.822
564.142,1006.603,510.276,808.535,198.779,680.345,352.915,616.783
564.304,1006.885,510.228,808.697,198.840,680.234,352.806,616.832
564.363,1006.782,510.063,808.863,198.821,680.322,353.045,617.082
564.376,1006.726,510.049,808.969,198.713,680.225,352.817,616.884
564.386,1006.676,510.010,808.760,198.953,680.410,352.920,617.081
564.305,1006.599,510.098,808.747,198.976,680.266,352.848,616.938
564.305,1006.389,509.910,808.954,199.047,680.297,353.255,617.293
564.288,1006.585,510.030,809.025,198.877,680.255,353.223,617.298
564.373,1006.810,510.034,808.786,198.878,680.460,353.205,617.205
564.633,1007.072,509.983,808.913,198.890,680.062,353.068,617.132
564.561,1006.991,509.955,808.725,198.817,680.247,353.088,617.131
564.583,1007.489,509.923,808.763,198.716,680.236,352.808,617.207
564.511,1007.381,509.893,808.966,198.816,680.440,352.970,617.296
564.882,1007.778,509.978,808.810,198.760,680.603,353.008,617.164
564.944,1007.639,510.174,808.331,198.863,680.449,353.137,617.206
564.699,1007.291,510.200,808.742,198.852,680.309,353.070,616.867
564.636,1007.255,510.069,808.868,198.914,680.456,353.121,617.003
564.882,1007.612,509.942,809.064,198.894,680.248,353.033,617.106
564.890,1007.673,510.124,808.878,198.821,680.384,352.995,617.146
564.930,1007.362,510.135,808.849,198.834,680.424,353.006,616.984
564.893,1007.414,510.025,808.916,198.651,680.191,352.960,617.100
564.873,1007.346,509.970,808.914,198.939,680.081,352.920,616.974
564.691,1007.084,509.983,808.989,198.833,680.411,352.634,616.949
564.705,1007.286,509.957,809.070,198.863,680.644,352.807,617.094
564.586,1007.015,510.157,808.740,198.810,680.436,352.803,617.027
564.663,1007.101,509.971,808.843,198.845,680.173,352.786,616.914
564.655,1007.176,509.830,809.280,198.882,680.488,352.837,617.080
564.626,1007.290,510.036,808.863,198.884,680.599,352.862,617.035
564.439,1006.795,509.923,809.087,198.861,680.232,352.813,616.955
564.472,1007.151,509.963,809.211,198.836,680.434,352.933,617.039
564.281,1007.199,510.026,809.094,198.730,680.414,352.923,616.831
564.471,1007.368,509.944,809.421,198.854,680.568,352.929,616.928
564.716,1006.843,509.901,809.356,198.585,680.208,352.832,616.933
564.397,1006.611,509.902,809.281,198.821,680.274,352.844,617.012
564.516,1006.816,509.874,809.331,198.835,680.236,352.893,617.056
564.605,1006.588,509.994,808.832,198.770,680.435,352.876,616.921
564.608,1006.533,509.899,809.104,198.840,680.374,352.905,616.976
564.513,1006.693,510.002,809.015,198.773,680.437,352.668,616.946
564.533,1006.588,509.890,809.179,198.710,680.309,352.857,617.057
564.313,1006.570,509.825,809.319,198.810,680.297,352.816,616.949
564.382,1006.783,509.893,809.265,198.858,680.270,352.827,616.952
564.312,1006.239,509.932,809.161,198.645,680.240,352.790,616.962
564.435,1006.291,509.930,809.238,198.718,680.238,352.875,617.036
564.621,1006.655,510.008,809.260,198.827,680.385,352.747,617.146
564.403,1006.302,509.951,809.220,198.951,680.484,352.703,617.120
564.518,1006.856,509.916,808.878,198.914,680.192,352.483,616.866
564.466,1006.902,510.001,809.053,198.818,680.369,352.737,617.086
564.370,1006.864,509.811,809.020,198.848,680.494,352.674,616.983
564.630,1006.954,510.060,808.901,198.803,680.254,352.625,617.012
564.590,1007.087,509.979,808.983,198.927,680.147,352.478,616.930
564.503,1007.047,509.756,809.336,198.788,680.424,352.619,617.087
564.632,1007.202,509.813,809.340,198.718,680.328,352.397,617.018
564.744,1007.231,509.891,809.105,198.766,680.230,352.491,616.974
564.626,1007.061,509.840,809.221,198.711,680.138,352.231,616.864
564.681,1007.123,510.033,809.011,198.733,680.573,352.521,617.087
564.585,1006.899,509.957,809.169,198.783,680.330,352.499,617.104
564.351,1006.913,509.878,809.062,198.669,680.662,352.481,617.142
564.571,1006.921,509.928,809.091,198.842,680.267,352.640,617.039
564.356,1006.365,509.855,809.220,198.633,680.236,352.826,617.138
564.580,1007.027,509.923,809.201,198.849,680.135,352.728,616.945
564.464,1006.894,509.902,809.250,198.796,680.223,352.716,617.037
564.782,1007.009,510.090,808.935,198.809,680.319,352.566,617.294
564.884,1007.424,510.013,809.008,198.707,680.414,352.565,617.303
564.694,1007.220,509.953,809.061,198.871,680.294,352.719,617.323
564.598,1007.178,509.896,808.785,198.874,680.132,352.684,617.227
564.533,1006.720,509.966,808.895,198.901,680.166,352.667,617.364
564.665,1006.753,509.844,808.935,198.810,680.356,352.697,617.243
564.736,1007.150,509.918,808.939,198.729,680.391,352.612,617.301
564.695,1007.242,510.048,808.848,198.717,680.339,352.839,617.262
564.446,1006.407,510.143,808.874,198.836,680.378,352.546,617.071
564.261,1006.297,509.891,808.976,198.714,680.290,352.544,616.998
564.451,1006.640,510.091,808.819,198.785,680.381,352.701,617.120
564.760,1007.325,510.013,808.839,198.839,680.453,352.824,617.130
564.598,1007.003,509.928,808.775,198.753,680.387,352.912,617.186
564.667,1007.151,510.109,808.873,198.885,680.320,353.039,617.129
564.504,1007.124,509.960,808.943,198.898,680.377,352.713,617.014
564.525,1006.569,510.044,809.053,198.794,680.544,352.847,617.084
564.320,1006.864,510.003,809.106,198.709,680.321,352.926,617.283
564.539,1006.870,509.952,809.105,198.747,680.232,352.980,617.264
564.606,1006.887,509.963,809.148,198.698,681.163,353.025,617.283
564.714,1006.942,509.833,809.140,198.658,680.632,352.586,616.982
564.690,1007.064,510.023,809.035,198.754,680.636,352.650,617.236
564.756,1007.084,509.989,808.984,198.650,680.538,352.527,617.238
564.692,1007.207,509.905,809.182,198.662,680.457,352.533,617.178
564.536,1006.870,509.970,809.087,198.674,680.345,352.682,617.055
564.508,1006.959,509.910,809.103,198.917,680.508,352.742,617.120
564.506,1006.846,509.926,808.907,198.881,680.295,352.666,617.030
564.741,1007.009,509.992,809.008,198.889,680.298,352.753,617.048
564.633,1007.041,510.080,808.647,198.892,680.569,352.577,617.152
564.386,1006.631,509.883,809.039,198.780,680.229,352.717,617.127
564.417,1006.611,509.935,809.039,198.867,680.565,352.693,617.103
564.343,1006.865,509.939,809.141,198.890,680.255,352.850,616.933
564.507,1006.946,509.983,808.912,198.931,680.259,352.780,616.947
564.366,1006.825,509.925,808.688,198.997,680.394,352.803,617.091
564.522,1007.066,510.008,808.725,198.938,680.319,352.865,616.971
564.522,1007.060,510.038,808.990,198.865,680.381,352.653,616.778
564.479,1006.992,509.983,808.972,198.924,680.406,352.938,616.954
564.640,1007.355,509.938,808.949,198.855,680.191,352.810,616.966
564.476,1006.795,509.867,809.043,198.730,680.472,352.537,616.832
564.488,1006.797,509.994,808.959,198.663,680.450,352.617,616.913
564.453,1006.964,510.051,808.689,198.671,680.356,352.808,617.103
564.465,1006.764,510.008,809.159,198.715,680.552,352.595,617.096
564.631,1007.083,509.873,809.118,198.869,680.445,352.660,616.994
564.478,1006.978,509.941,808.838,198.847,680.573,352.849,617.084
564.716,1007.240,510.157,808.502,198.716,680.311,352.744,616.951
564.659,1007.109,510.113,808.718,198.691,680.362,352.621,616.903
564.214,1007.054,510.021,808.717,198.696,680.754,352.752,617.094
564.656,1007.000,510.130,808.540,198.832,680.546,352.595,617.102
564.731,1007.158,509.927,809.001,198.747,680.371,352.735,617.316
564.664,1006.949,510.217,808.451,198.741,680.464,352.771,617.272
564.750,1007.025,510.078,808.910,198.827,680.478,353.075,617.435
564.695,1006.989,510.089,808.649,198.816,680.360,352.793,617.393
564.431,1006.925,509.993,808.694,198.755,680.370,352.800,617.454
564.536,1007.110,510.079,808.843,198.821,680.415,353.022,617.327
564.540,1007.070,509.968,808.615,198.871,680.436,352.920,617.256
564.482,1006.592,510.063,808.232,198.847,680.578,352.860,617.324
564.465,1006.788,510.044,808.478,198.835,680.746,352.931,617.318
564.481,1007.024,510.052,808.700,198.913,680.257,353.094,617.170
564.555,1007.056,510.137,808.508,198.702,680.928,352.962,617.301
564.476,1007.013,510.071,808.674,198.939,680.712,352.504,617.297
564.395,1006.745,509.988,808.736,198.756,680.583,352.555,617.258
564.380,1006.625,510.039,808.890,198.823,680.354,352.490,617.200
564.611,1007.035,510.002,808.857,198.993,680.671,352.785,617.284
564.732,1007.168,510.010,808.921,198.912,680.418,352.650,617.320
564.408,1006.719,510.077,808.867,198.886,680.523,352.596,617.200
564.672,1006.889,510.164,808.660,198.929,680.389,352.672,617.257
564.427,1006.428,510.137,808.684,198.897,680.396,353.284,617.331
564.742,1007.211,510.094,808.705,198.763,680.434,353.037,617.261
564.235,1006.451,510.008,808.751,198.704,680.357,352.803,617.314
564.319,1006.514,510.020,808.759,198.740,680.185,352.786,617.298
564.529,1006.913,510.015,808.798,198.799,680.280,352.824,617.366
564.493,1006.522,510.055,808.680,198.753,680.375,352.721,617.274
564.386,1006.818,510.111,808.730,198.892,680.367,352.741,617.155
564.452,1006.769,510.133,808.738,198.912,680.508,352.755,617.292
564.619,1007.225,510.006,809.131,198.840,680.377,352.609,617.248
564.877,1007.300,509.969,809.183,198.783,680.537,352.566,617.394
564.548,1007.170,510.000,809.083,198.827,680.573,352.762,617.169
564.489,1007.114,510.056,808.851,198.508,681.325,352.890,617.415
564.733,1007.454,510.044,808.802,198.797,680.491,352.817,617.335
564.617,1007.069,509.942,809.089,198.755,680.657,352.725,617.377
564.701,1007.638,510.008,809.115,198.802,680.930,352.668,617.297
564.601,1007.371,510.114,808.677,198.952,680.798,352.884,617.253
564.644,1007.133,509.926,809.228,198.806,680.593,352.825,617.235
564.518,1007.219,509.953,808.772,198.792,680.417,352.931,617.316
564.274,1006.934,510.047,808.888,198.916,680.459,352.881,617.359
564.572,1007.307,509.843,808.991,199.063,680.568,352.845,617.556
564.391,1007.088,509.960,809.024,198.966,680.326,352.763,617.433
564.657,1007.113,509.919,808.980,199.031,680.501,352.865,617.302
564.577,1007.244,509.917,809.064,198.939,680.664,352.839,617.195
564.635,1007.209,509.876,809.040,199.003,680.648,352.837,617.246
564.698,1007.127,509.999,808.892,198.920,680.624,352.724,617.243
564.784,1007.386,510.035,808.978,198.941,680.611,352.980,617.517
564.498,1007.188,509.939,809.052,198.942,680.647,352.764,617.212
564.507,1007.107,509.923,808.949,198.822,680.623,352.896,617.268
564.697,1007.108,510.019,809.107,198.865,680.515,352.755,617.377
564.618,1007.134,510.024,808.943,198.850,680.386,352.795,617.455
564.732,1007.312,509.972,809.068,198.691,680.326,352.748,617.500
564.622,1007.044,510.025,808.902,198.769,680.160,352.725,617.442
564.584,1007.091,510.121,808.851,198.793,680.216,352.977,617.392
564.571,1007.037,510.109,808.888,198.763,680.294,352.958,617.401
564.491,1006.905,509.882,809.112,198.833,680.532,352.786,617.070
564.802,1007.490,510.057,809.046,198.916,680.504,352.948,617.271
564.555,1007.100,510.088,809.051,198.938,680.404,352.825,617.161
564.388,1006.938,509.909,809.247,198.790,680.495,352.638,617.148
564.367,1007.234,509.952,809.054,198.857,680.300,352.744,617.252
564.558,1007.202,510.064,809.098,198.659,680.432,352.734,617.335
564.637,1007.416,509.985,809.110,198.772,680.427,352.687,617.350
564.380,1007.260,509.956,809.130,198.913,680.786,352.985,617.452
564.431,1007.198,510.060,808.977,198.709,680.450,352.711,617.456
564.228,1006.813,510.105,808.808,198.818,680.511,352.736,617.253
564.529,1007.318,509.998,809.019,198.946,680.349,352.774,617.331
564.371,1006.903,510.041,808.859,198.842,680.335,352.814,617.252
564.526,1007.155,510.125,808.906,198.851,680.301,353.024,617.201
564.527,1007.048,509.866,808.976,198.831,680.512,352.923,617.374
564.638,1007.201,510.060,808.844,198.678,680.614,352.578,617.056
564.370,1006.765,510.040,809.013,198.849,680.446,353.059,617.115
564.292,1006.773,509.905,808.897,198.845,680.586,352.872,617.172
564.351,1006.840,509.900,809.044,198.801,680.799,352.915,617.100
564.461,1007.017,509.933,809.039,198.957,680.546,352.935,617.307
564.459,1007.229,510.002,809.031,198.750,680.376,352.922,617.292
564.494,1007.076,509.932,809.079,198.711,680.688,352.871,617.087
564.583,1007.113,510.138,808.848,198.634,680.686,352.943,617.218
564.473,1007.092,510.035,808.831,198.756,683.125,352.835,617.260
564.478,1006.970,510.035,808.829,198.691,683.233,352.971,617.413
564.566,1007.060,509.901,809.067,198.688,680.584,352.512,616.965
564.439,1007.126,509.809,809.191,198.670,680.513,352.875,617.069
564.663,1007.231,509.824,809.127,198.758,680.719,352.873,617.343
564.460,1006.878,509.866,809.326,198.941,680.559,352.763,617.372
564.612,1007.021,509.947,809.013,198.785,680.587,353.055,617.465
564.470,1007.033,509.976,809.034,198.854,680.572,353.081,617.327
564.383,1006.920,510.008,808.959,198.828,680.556,352.973,617.230
564.474,1007.005,509.925,809.058,198.906,680.896,352.939,617.350
564.506,1007.071,509.976,808.894,198.858,680.761,353.028,617.315
564.582,1007.130,510.007,808.867,198.927,680.668,352.739,617.291
564.586,1007.161,510.056,808.696,198.816,680.663,352.720,617.356
564.547,1007.211,509.919,809.335,198.879,680.542,352.632,617.335
564.632,1007.264,510.069,808.956,198.915,680.427,352.743,617.415
564.719,1007.209,509.919,809.397,198.813,683.116,352.686,617.319
564.547,1006.997,509.983,809.029,198.768,682.877,352.778,617.279
564.611,1007.179,509.996,809.167,198.730,679.977,353.032,617.425
564.553,1007.145,509.892,809.313,198.794,680.021,352.669,617.276
564.286,1006.872,509.834,809.379,198.783,680.474,352.534,617.299
564.622,1007.045,509.905,809.107,198.746,680.427,352.790,617.289
564.832,1007.454,509.979,809.044,198.712,680.595,352.608,617.178
564.622,1007.017,509.902,809.326,198.767,680.524,352.773,617.262
564.673,1007.196,509.856,809.303,198.750,680.567,352.624,617.206
564.580,1007.220,509.828,809.091,198.789,680.507,352.749,617.110
564.571,1007.283,510.022,808.940,198.670,680.372,352.816,617.148
564.673,1007.168,509.887,809.292,198.778,680.263,352.667,617.233
564.508,1007.047,509.884,809.141,198.810,680.413,352.781,617.193
564.689,1007.234,509.957,809.150,198.726,680.494,352.830,617.231
564.805,1007.424,509.999,809.065,198.776,680.576,352.854,617.254
564.649,1007.081,509.969,808.887,198.696,680.331,352.490,617.305
564.566,1007.133,509.976,809.064,198.590,680.648,352.655,617.340
564.426,1006.974,510.026,809.277,198.800,680.123,352.880,617.443
564.318,1007.021,510.084,809.098,198.964,680.210,352.655,617.096
564.425,1007.097,510.033,809.039,198.814,680.546,352.909,617.325
564.302,1006.703,509.885,809.358,198.761,680.336,352.744,617.438
564.507,1007.250,509.958,809.299,198.729,680.380,352.792,617.268
564.393,1006.945,509.886,809.282,198.714,680.671,352.734,617.263
564.525,1007.013,509.882,809.430,198.670,680.488,352.741,617.240
564.402,1006.963,509.817,809.479,198.682,680.466,352.809,617.255
564.473,1007.034,509.934,809.532,198.553,680.233,352.812,617.322
564.451,1007.061,509.708,809.553,198.569,682.898,352.658,617.204
564.562,1007.092,509.811,809.466,198.541,680.879,352.880,617.406
564.491,1007.208,510.043,808.992,198.498,682.828,352.471,617.240
564.570,1007.043,510.039,809.093,198.632,682.813,352.676,617.326
564.551,1007.120,509.914,809.186,198.703,681.186,352.393,617.305
564.549,1007.059,509.962,808.986,198.861,680.359,352.702,617.283
564.433,1007.059,509.989,809.044,198.893,680.714,352.690,617.255
564.575,1007.011,509.855,809.080,198.691,680.420,352.712,617.397
564.554,1007.193,509.966,809.050,198.707,680.548,352.683,617.476
564.402,1007.001,509.965,809.207,198.789,681.117,352.291,617.269
564.415,1006.805,510.119,808.980,198.697,681.055,352.424,617.342
564.515,1006.854,510.033,809.165,198.704,680.422,352.806,617.211
564.386,1006.892,510.003,809.278,198.579,680.199,352.844,617.307
564.341,1006.665,509.975,809.257,198.741,680.416,352.776,617.409
564.266,1006.645,510.102,809.097,198.715,680.416,352.689,617.381
564.392,1006.478,509.997,809.204,198.650,682.916,352.567,617.327
564.416,1006.612,510.004,808.885,198.639,679.981,352.485,617.361
564.316,1006.785,509.897,809.210,198.692,680.340,352.684,617.110
564.480,1006.761,509.810,809.405,198.689,680.409,352.392,617.278
564.441,1006.825,509.873,809.197,198.693,680.433,352.363,617.076
564.457,1006.787,509.863,809.375,198.814,680.236,352.556,617.127
564.256,1006.500,509.835,809.397,198.766,680.455,352.367,617.132
564.302,1006.747,509.857,809.442,198.833,680.253,352.538,617.170
564.385,1006.948,509.990,809.354,198.832,680.148,352.659,617.244
564.297,1006.559,509.927,809.206,198.659,680.208,352.645,617.184
564.475,1006.723,509.757,809.364,198.649,680.220,352.675,617.308
564.314,1006.839,509.778,809.114,198.661,680.368,352.875,617.286
564.333,1006.894,509.927,809.260,198.603,680.466,352.716,617.417
564.580,1007.117,509.840,809.336,198.556,680.207,352.730,617.273
564.544,1007.278,509.954,809.159,198.655,680.024,352.687,617.286
564.601,1007.248,510.065,809.108,198.773,680.090,352.688,617.241
564.473,1007.045,509.917,809.529,198.738,680.244,352.652,617.114
564.650,1007.178,509.949,809.440,198.592,680.282,352.796,617.201
564.400,1006.875,510.045,809.377,198.874,680.514,352.561,617.252
564.432,1006.926,509.949,809.459,198.776,680.311,352.621,617.293
564.358,1006.739,510.107,808.987,198.612,680.527,352.733,617.371
564.447,1006.899,509.824,809.331,198.670,680.326,352.579,617.326
564.613,1007.119,509.977,809.224,198.790,680.111,352.540,617.336
564.655,1007.115,509.861,809.590,198.761,680.181,352.565,617.399
564.557,1007.045,509.987,809.317,198.742,680.425,352.850,617.469
564.363,1006.565,509.804,809.424,198.655,680.709,352.612,617.266
564.226,1006.359,510.077,809.312,198.580,680.623,352.674,617.026
564.488,1006.877,510.021,809.207,198.744,680.454,352.658,617.098
564.443,1007.184,510.037,809.179,198.472,680.406,352.385,617.099
564.516,1007.002,509.889,809.416,198.551,680.473,352.630,617.090
564.479,1007.210,509.942,809.365,198.416,680.639,352.589,617.108
564.417,1007.123,510.003,809.289,198.523,680.489,352.839,617.164
564.443,1006.981,509.866,809.164,198.466,680.630,353.019,617.263
564.328,1006.881,509.879,808.993,198.584,680.283,352.994,617.258
564.466,1006.854,509.918,809.097,198.634,680.513,352.750,617.193
564.465,1007.315,509.778,809.173,198.486,680.393,352.631,617.123
564.317,1007.095,509.834,809.240,198.469,680.437,352.651,617.205
564.477,1007.068,509.818,809.435,198.507,680.248,352.565,617.328
564.366,1007.160,509.805,809.485,198.537,680.482,352.587,617.361
564.282,1006.616,509.913,809.351,198.677,680.439,352.545,617.356
564.416,1006.833,509.936,809.476,198.633,680.562,352.815,617.220
564.408,1006.953,509.801,809.350,198.747,680.526,352.462,617.288
564.608,1007.271,509.928,809.398,198.634,680.540,352.690,617.117
564.372,1006.922,509.824,809.514,198.737,680.381,352.422,617.026
564.200,1006.643,509.881,809.456,198.732,680.362,352.335,617.030
564.500,1007.073,509.876,809.458,198.613,680.415,352.526,617.088
564.289,1006.735,509.896,809.518,198.734,680.641,352.570,617.266
564.179,1006.682,509.657,809.615,198.753,680.624,352.661,617.289
564.262,1006.695,510.019,809.391,198.806,680.334,352.471,617.178
564.119,1006.620,509.969,809.456,198.845,680.265,352.446,617.228
564.381,1006.444,510.126,809.047,198.717,680.507,352.529,617.136
564.186,1006.424,510.037,809.151,198.765,680.544,352.553,617.269
564.462,1006.991,509.882,809.281,198.731,680.286,352.574,617.121
564.367,1006.954,509.987,808.913,198.694,680.355,352.421,617.142
564.499,1006.824,509.876,809.167,198.774,680.469,352.645,617.068
564.497,1006.867,509.982,808.947,198.636,680.303,352.620,617.098
564.446,1006.836,509.912,809.122,198.530,680.514,352.681,617.235
564.610,1007.052,510.022,809.369,198.885,680.434,352.410,617.321
564.494,1006.687,509.984,809.325,198.672,680.547,352.392,617.197
564.436,1006.980,509.971,808.943,198.850,680.412,352.437,617.255
564.475,1007.053,510.029,809.173,198.811,680.309,352.596,617.310
564.482,1006.780,510.047,809.140,198.707,680.495,352.795,617.482
564.336,1006.816,509.987,809.183,198.895,680.565,352.817,617.457
564.424,1006.593,509.911,809.124,198.994,680.377,352.707,617.528
564.503,1006.569,510.048,808.917,198.963,680.507,352.674,617.509
564.299,1006.500,509.975,809.236,198.694,680.405,352.623,617.212
564.624,1006.852,510.034,808.816,198.827,680.436,352.501,617.046
564.501,1006.687,510.042,808.694,198.672,680.608,352.645,617.064
564.557,1006.957,510.070,808.721,198.694,680.552,352.789,617.395
564.689,1006.984,510.060,808.755,198.711,680.459,352.745,617.307
564.517,1006.914,510.228,808.676,198.853,680.459,352.731,617.311
564.386,1006.547,510.148,808.821,198.829,680.480,352.625,617.224
564.456,1006.814,509.953,809.130,198.560,680.293,352.779,617.236
564.436,1006.741,509.953,809.131,198.673,680.305,352.608,617.210
564.083,1006.335,510.020,808.926,198.538,680.733,352.668,617.258
564.410,1006.852,510.082,808.895,198.532,680.414,352.665,617.227
564.365,1006.777,510.023,808.913,198.545,680.222,352.675,617.238
564.500,1006.852,509.881,809.205,198.646,680.329,352.766,617.307
564.477,1006.942,509.924,809.007,198.613,680.231,352.611,617.188
564.676,1007.012,510.147,808.930,198.622,680.215,352.572,617.161
564.429,1007.057,510.068,808.660,198.453,680.208,352.573,617.030
564.436,1006.758,509.845,808.813,198.771,680.417,352.473,616.951
564.369,1006.769,509.985,808.682,198.711,680.506,352.761,617.142
564.421,1006.544,510.092,809.117,198.611,680.338,352.784,617.434
564.425,1006.664,510.054,809.115,198.775,680.183,352.733,617.462
564.275,1006.309,510.132,808.903,198.881,680.277,352.883,617.355
564.359,1006.572,509.957,808.973,198.735,680.333,352.670,617.178
564.315,1006.849,510.051,809.058,198.757,680.074,352.835,617.210
564.427,1006.856,510.142,808.776,198.938,680.416,352.627,617.096
564.510,1006.596,510.176,808.618,198.713,680.250,352.701,617.375
564.378,1006.917,510.119,808.739,198.735,680.191,352.591,617.283
564.439,1006.897,510.062,808.680,198.578,680.343,352.698,617.339
564.150,1007.031,510.004,808.838,198.692,680.439,352.721,617.443
564.532,1007.081,510.001,808.972,198.675,680.288,352.629,617.170
564.455,1007.059,509.851,808.784,198.490,680.223,352.501,617.351
564.472,1007.007,509.946,808.844,198.650,680.293,352.588,617.347
564.332,1007.068,509.939,808.995,198.658,680.244,352.787,617.309
564.400,1007.052,509.958,808.908,198.539,680.335,352.700,617.243
564.369,1006.832,510.018,808.594,198.719,680.156,352.749,617.553
564.495,1006.556,509.940,808.731,198.477,680.205,352.781,617.510
564.541,1006.941,510.079,808.842,198.744,680.195,352.517,617.315
564.600,1006.716,510.039,809.059,198.725,680.195,352.659,617.424
564.551,1006.867,510.071,808.818,198.594,680.231,352.890,617.467
564.405,1006.759,510.045,808.918,198.744,680.359,352.925,617.528
564.116,1006.729,510.125,808.867,198.665,680.296,352.957,617.502
564.376,1006.761,510.041,808.870,198.750,680.284,352.898,617.436
564.697,1007.028,509.976,808.926,198.707,680.369,352.693,617.304
564.452,1006.728,510.073,808.774,198.794,680.917,352.594,617.071
564.374,1006.925,510.034,808.780,198.754,682.886,352.684,617.108
564.505,1006.746,509.996,808.824,198.763,683.320,352.785,617.180
564.581,1006.948,509.994,809.004,198.756,682.834,352.649,617.306
564.726,1006.979,509.923,809.445,198.827,680.422,352.699,617.144
564.545,1007.012,509.903,809.462,198.750,680.405,352.843,617.171
564.421,1007.155,509.994,809.105,198.683,680.432,352.853,617.224
564.384,1007.053,510.003,808.989,198.628,680.309,352.564,617.226
564.476,1007.034,510.035,808.651,198.674,680.457,352.719,617.416
564.448,1007.041,509.977,808.886,198.638,680.283,352.680,617.377
564.170,1006.680,510.028,808.858,198.627,680.469,352.862,617.371
564.171,1006.688,510.038,808.985,198.739,681.183,352.687,617.361
564.219,1006.789,510.088,808.852,198.718,680.525,352.370,617.110
564.663,1007.468,509.939,808.820,198.797,680.726,352.856,617.273
564.469,1007.435,510.141,808.617,198.721,680.393,352.633,617.239
564.507,1006.865,510.011,808.858,198.775,680.507,352.675,617.426
564.200,1006.627,509.985,808.822,198.603,680.058,352.601,617.327
564.769,1007.336,509.914,809.188,198.820,680.469,352.255,617.030
564.664,1007.112,509.979,809.060,198.521,680.604,352.476,617.153
564.542,1007.097,509.888,809.417,198.591,680.441,352.495,617.274
564.573,1007.151,509.879,809.349,198.760,680.671,352.520,617.406
564.371,1006.400,510.019,808.804,198.757,680.579,352.386,617.317
564.338,1006.636,510.005,808.680,198.723,680.715,352.482,617.368
564.444,1007.011,510.049,808.847,198.881,680.442,352.618,617.421
564.587,1007.358,510.181,808.509,198.839,680.598,352.879,617.358
564.627,1007.286,510.173,808.748,198.713,680.626,352.712,617.273
564.665,1007.359,510.029,808.878,198.778,680.679,352.596,617.249
564.578,1007.146,509.941,809.006,198.884,680.873,352.701,617.288
564.405,1007.021,510.001,808.968,198.838,680.545,352.865,617.376
564.567,1007.143,510.013,808.877,198.788,680.414,352.830,617.433
564.650,1007.353,510.098,808.744,198.817,680.547,352.813,617.375
564.633,1007.266,509.996,808.771,198.820,680.459,352.829,617.329
564.537,1007.159,510.061,808.674,198.967,680.378,352.783,617.300
564.397,1006.665,509.939,808.988,198.915,680.219,352.731,617.492
564.786,1007.290,509.876,808.910,198.861,680.396,352.895,617.456
564.505,1006.699,509.931,808.880,198.858,680.464,352.717,617.364
564.604,1006.877,509.962,808.903,198.901,680.454,352.620,617.286
564.431,1006.795,510.037,808.952,198.937,680.811,352.756,617.507
564.714,1007.134,510.075,808.809,199.129,680.696,352.974,617.263
564.782,1007.142,510.131,808.593,199.118,680.545,352.972,617.396
564.942,1007.266,509.972,808.562,198.930,680.561,353.041,617.422
564.570,1006.888,510.104,808.574,198.883,680.571,353.015,617.392
564.773,1007.050,510.021,808.784,198.974,680.453,352.962,617.445
564.506,1007.118,510.164,808.767,198.919,682.793,352.506,617.363
564.659,1007.357,510.006,809.085,198.940,682.829,352.606,617.400
564.566,1006.842,509.896,809.260,198.859,683.203,352.681,617.505
564.741,1007.109,509.870,809.263,198.874,683.162,352.565,617.455
564.520,1007.156,509.995,809.143,199.091,680.695,352.569,617.374
564.450,1007.139,509.979,808.945,199.053,680.902,352.625,617.463
564.469,1006.856,510.055,808.984,198.909,680.622,352.608,617.513
564.583,1007.208,509.924,809.240,198.838,680.307,352.657,617.669
564.503,1006.970,509.917,809.116,198.881,680.555,352.632,617.555
564.623,1007.304,509.702,809.197,198.808,680.421,352.356,617.220
564.447,1006.941,509.570,809.411,198.736,680.384,352.446,617.327
564.324,1006.867,509.427,809.652,198.806,680.416,352.471,617.219
564.416,1007.018,509.459,809.788,198.811,680.542,352.577,617.190
564.485,1007.162,509.438,809.724,198.840,680.367,352.728,617.445
564.420,1007.216,509.452,809.567,198.828,680.509,352.758,617.357
564.615,1007.374,509.610,809.620,198.802,680.301,352.606,617.456
564.490,1007.321,509.617,809.396,198.805,680.513,352.672,617.416
564.567,1007.043,509.566,809.605,198.953,680.902,352.545,617.583
564.580,1007.126,509.536,809.483,198.869,680.535,352.728,617.541
564.392,1007.019,509.740,808.983,198.686,680.426,352.339,617.195
564.596,1007.168,509.686,808.912,198.605,680.424,352.422,617.374
564.421,1007.065,509.595,809.205,198.668,680.641,352.558,617.435
564.635,1007.302,509.861,808.957,198.803,680.655,352.616,617.432
564.544,1007.274,509.752,809.087,198.768,680.857,352.465,617.336
564.421,1006.694,509.756,809.129,198.885,680.402,352.325,617.377
564.537,1007.084,509.702,809.154,198.908,680.433,352.339,617.284
564.322,1006.766,509.716,809.269,198.775,680.612,352.566,617.320
564.494,1006.913,509.671,809.266,198.729,680.601,352.530,617.540
564.337,1006.990,509.703,809.306,198.840,680.527,352.625,617.639
564.262,1006.943,509.792,809.117,198.864,680.592,352.517,617.554
564.478,1007.182,510.024,808.673,198.835,680.657,352.383,617.403
564.254,1007.000,509.786,809.105,198.737,680.769,352.279,617.366
564.662,1007.360,509.872,809.041,198.913,680.477,352.535,617.318
564.242,1006.636,509.892,809.057,198.935,680.670,352.690,617.350
564.684,1007.271,509.784,808.961,198.680,680.808,352.765,617.365
564.779,1007.318,509.738,809.351,198.955,681.007,352.511,617.270
564.656,1007.144,509.683,809.481,199.023,681.018,352.365,617.375
564.666,1007.207,509.604,809.480,198.798,680.967,352.560,617.288
564.563,1006.941,509.814,809.207,198.722,681.011,352.523,617.384
564.518,1006.957,509.857,809.326,198.832,680.811,352.598,617.204
564.390,1006.935,509.778,809.182,198.824,680.915,352.501,617.190
564.592,1006.858,509.683,809.408,198.932,680.578,352.549,617.578
564.412,1006.605,509.633,809.517,198.929,680.671,352.537,617.492
564.277,1006.979,509.740,809.359,198.828,680.885,352.391,617.249
564.458,1007.086,509.862,809.294,198.823,680.545,352.484,617.501
564.461,1007.072,509.829,809.453,198.888,680.793,352.315,617.235
564.423,1007.088,509.931,809.026,198.781,680.713,352.299,617.446
564.398,1007.242,509.768,809.433,198.796,680.742,352.686,617.247
564.496,1007.303,509.704,809.372,198.731,680.548,352.379,617.300
564.428,1007.100,509.781,809.288,198.726,680.472,352.310,617.309
564.316,1006.935,509.673,809.238,198.874,680.572,352.307,617.568
564.462,1006.964,509.764,809.068,198.866,680.620,352.532,617.347
564.490,1006.816,509.809,809.195,198.759,680.565,352.362,617.321
564.487,1006.713,509.850,808.938,198.946,680.738,352.303,617.353
564.387,1007.071,509.893,809.016,198.590,680.658,352.478,617.311
564.408,1007.034,509.781,809.098,198.560,680.678,352.696,617.492
564.413,1007.188,509.709,809.545,198.805,680.422,352.582,617.378
564.390,1006.753,509.830,809.309,198.806,680.103,352.404,617.200
564.494,1006.893,509.820,809.435,198.866,680.464,352.706,617.316
564.455,1007.262,509.702,809.395,198.800,680.430,352.670,617.708
564.136,1006.856,509.894,809.242,198.591,680.677,352.368,617.444
564.302,1007.025,509.655,809.503,198.713,680.664,352.227,617.251
564.362,1007.082,509.822,809.126,198.762,680.681,352.313,617.376
564.427,1007.318,509.824,809.046,198.697,680.626,352.431,617.511
564.285,1007.211,509.827,809.190,198.758,680.653,352.441,617.471
564.505,1007.300,509.862,808.985,198.605,680.464,352.622,617.509
564.438,1007.022,509.902,809.007,198.701,680.597,352.523,617.485
564.475,1007.221,509.941,809.039,198.521,680.517,352.373,617.367
564.310,1007.039,509.871,808.931,198.712,680.510,352.545,617.346
564.366,1007.114,509.769,809.175,198.502,680.721,352.477,617.263
564.464,1007.068,509.796,809.165,198.525,680.638,352.423,617.274
564.522,1007.148,509.818,809.301,198.631,680.435,352.446,617.326
564.500,1007.138,509.908,809.052,198.717,680.642,352.524,617.443
564.245,1006.252,509.765,809.101,199.087,681.473,352.608,617.616
564.622,1007.134,509.956,808.945,199.128,681.798,352.446,617.283
564.510,1007.012,509.913,809.152,198.997,681.900,352.358,617.345
564.669,1007.319,509.935,809.274,198.701,680.626,352.576,617.572
564.724,1007.495,509.939,809.118,198.653,680.629,352.619,617.354
564.522,1007.006,509.731,809.125,198.704,683.280,352.474,617.555
564.496,1007.104,509.715,809.107,198.730,683.468,352.535,617.398
564.516,1007.178,509.751,808.995,198.733,684.079,352.681,617.432
564.400,1007.083,509.853,808.909,198.692,683.835,352.606,617.322
564.342,1007.045,509.798,808.914,198.707,683.870,352.630,617.489
564.486,1007.095,509.870,808.766,198.654,683.765,352.454,617.397
564.482,1007.337,509.907,808.914,198.801,683.342,352.297,617.444
564.350,1006.947,510.028,808.824,198.780,683.308,352.446,617.315
564.391,1006.959,509.890,809.186,198.878,680.599,352.429,617.479
564.453,1006.906,509.944,808.925,198.757,680.680,352.599,617.435
564.496,1007.069,509.978,808.873,198.769,680.584,352.561,617.475
564.082,1006.424,509.738,809.286,198.739,680.639,352.731,617.453
564.766,1007.164,509.895,809.168,198.762,680.595,352.734,617.289
564.259,1006.547,509.989,808.831,198.870,680.401,352.733,617.410
564.249,1006.636,509.817,809.143,198.661,680.424,352.562,617.354
564.278,1006.962,509.907,808.921,198.982,680.322,352.535,617.468
564.266,1007.029,509.905,809.010,198.955,680.428,352.565,617.434
564.493,1007.201,509.873,809.174,198.681,680.614,352.491,617.459
564.378,1007.106,509.767,809.527,198.711,680.677,352.609,617.453
564.108,1006.406,509.664,809.471,198.660,680.197,352.333,617.659
564.322,1007.116,509.675,809.382,198.659,680.475,352.511,617.450
564.463,1007.502,509.753,809.354,198.673,680.454,352.374,617.398
564.560,1007.314,509.753,809.146,198.885,680.532,352.605,617.595
564.539,1007.182,509.622,809.314,198.851,680.441,352.541,617.503
564.459,1007.171,509.675,809.275,198.882,680.515,352.549,617.562
564.528,1007.249,509.582,809.503,198.851,680.502,352.713,617.586
564.373,1006.812,509.879,808.935,198.777,680.590,352.601,617.666
564.599,1006.816,509.865,808.891,198.620,683.629,352.684,617.739
564.433,1007.027,509.811,809.056,198.851,680.728,352.451,617.558
564.369,1006.904,509.733,809.311,198.849,680.642,352.411,617.541
564.402,1006.955,509.777,809.159,198.825,680.448,352.506,617.457
564.184,1006.630,509.798,808.975,198.780,680.361,352.529,617.363
564.447,1007.181,509.898,808.845,198.858,680.374,352.491,617.193
564.344,1006.913,509.802,809.211,198.813,680.441,352.452,617.304
564.367,1006.986,509.882,809.004,198.731,680.396,352.700,617.386
564.443,1006.971,509.768,809.063,198.771,680.598,352.670,617.464
564.436,1007.023,509.812,808.997,198.851,680.523,352.538,617.329
564.517,1007.268,509.572,809.552,198.708,680.644,352.228,617.420
564.471,1006.955,509.505,809.467,198.721,680.745,352.393,617.361
564.151,1007.056,509.575,809.498,198.660,680.596,352.785,617.462
564.415,1007.043,509.659,809.527,198.788,680.541,352.680,617.433
564.508,1007.213,510.084,808.882,198.663,680.764,352.221,617.397
564.359,1007.095,510.084,808.898,198.596,680.934,352.435,617.422
564.343,1006.780,509.923,809.125,198.701,680.618,352.709,617.349
564.306,1006.888,509.946,809.121,198.706,680.681,352.664,617.340
564.554,1007.111,509.798,809.305,198.703,680.451,352.543,617.337
564.425,1006.958,509.880,809.348,198.806,680.570,352.681,617.501
564.907,1007.336,509.910,808.973,198.752,680.518,352.549,617.540
564.226,1006.536,509.867,809.341,198.858,680.759,352.599,617.705
564.419,1007.137,509.726,809.405,198.842,680.673,352.764,617.723
564.302,1006.840,509.920,809.084,198.893,680.382,352.694,617.503
564.566,1006.964,509.755,809.188,198.894,680.416,352.730,617.555
564.631,1007.185,509.796,809.046,198.755,680.437,352.591,617.344
564.548,1006.966,509.843,808.851,198.789,680.188,352.675,617.374
564.701,1007.187,509.685,809.547,198.870,680.682,352.825,617.648
564.680,1007.055,509.836,809.425,198.846,680.520,352.908,617.574
564.242,1007.185,509.915,809.350,199.055,680.404,352.546,617.390
564.349,1006.931,509.947,809.183,198.914,680.611,352.759,617.502
564.497,1006.964,509.932,809.116,198.777,680.835,352.682,617.470
564.526,1007.277,510.029,808.676,198.852,680.390,352.705,617.517
564.261,1006.824,510.053,808.745,198.847,680.407,352.394,617.566
564.444,1007.151,510.092,808.858,198.844,680.224,352.509,617.505
564.154,1006.939,509.977,809.026,199.567,679.790,352.576,617.500
564.116,1006.615,510.000,808.873,199.480,680.548,352.627,617.446
564.183,1006.897,510.003,809.160,199.335,679.741,352.536,617.537
564.295,1006.818,509.864,808.983,199.534,679.720,352.527,617.519
564.407,1006.959,509.911,809.028,199.412,679.512,352.496,617.551
564.288,1006.775,510.043,809.005,199.492,679.477,352.545,617.548
564.554,1007.020,510.036,808.971,199.496,679.593,352.526,617.506
564.324,1006.748,509.852,808.894,199.587,679.774,352.514,617.372
564.353,1006.980,509.889,809.147,199.369,680.017,352.626,617.517
564.485,1007.171,509.855,809.162,199.563,679.603,352.747,617.476
564.434,1007.048,509.700,809.070,199.577,679.744,352.616,617.526
564.615,1007.563,509.867,809.025,199.508,679.708,352.880,617.285
564.627,1007.985,509.821,809.145,199.390,679.725,352.590,617.412
564.685,1008.240,509.873,808.986,199.299,679.615,352.755,617.317
564.690,1008.260,510.023,808.765,199.469,679.893,352.552,617.545
564.804,1008.526,509.967,808.793,199.349,679.555,352.589,617.546
564.665,1008.069,510.003,808.695,199.417,679.903,352.595,617.670
564.552,1007.915,509.842,808.987,199.449,679.759,352.572,617.662
564.525,1007.730,510.011,808.836,199.160,679.815,352.872,617.668
564.390,1007.501,509.874,809.083,199.217,679.728,352.811,617.594
564.369,1007.396,510.097,808.717,199.335,679.634,352.793,617.474
564.389,1007.317,509.993,808.873,199.398,679.588,352.869,617.537
564.397,1007.272,509.979,808.762,199.180,682.642,352.622,617.458
564.439,1007.449,509.906,809.090,199.268,679.585,352.670,617.464
564.664,1007.675,509.902,808.960,199.385,679.753,352.933,617.506
564.641,1007.587,509.933,808.840,199.358,679.843,352.588,617.248
564.604,1007.570,510.027,808.629,199.375,679.904,352.704,617.327
564.582,1007.631,509.921,808.772,199.109,679.737,352.580,617.530
564.852,1007.805,509.704,809.055,199.145,679.874,352.535,617.414
564.630,1007.737,509.893,808.785,199.420,679.900,352.801,617.473
564.479,1007.753,509.817,808.699,199.468,679.944,352.685,617.406
564.632,1007.545,509.878,808.646,199.187,679.941,352.646,617.632
564.554,1007.748,509.986,808.634,199.402,679.819,352.695,617.696
564.475,1007.510,509.974,808.602,199.282,680.056,352.600,617.475
564.665,1007.741,509.920,808.978,199.256,680.048,352.767,617.550
564.567,1007.451,509.776,809.322,199.256,680.140,352.625,617.553
564.568,1007.388,509.854,808.970,199.274,680.259,352.496,617.373
564.620,1007.440,509.909,808.963,199.287,680.087,352.545,617.555
564.607,1007.326,509.893,808.815,199.137,680.004,352.445,617.556
564.623,1007.441,509.879,808.879,199.290,679.991,352.252,617.482
564.604,1007.254,509.861,809.231,199.123,680.282,352.215,617.239
564.237,1006.947,509.953,808.953,199.186,680.334,352.341,617.340
564.252,1006.561,510.052,808.754,199.055,680.233,352.456,617.348
564.292,1006.973,509.982,808.808,199.256,680.165,352.461,617.447
563.790,1006.836,509.942,808.690,199.149,680.122,352.519,617.360
563.811,1006.333,509.940,808.548,199.016,680.004,352.464,617.419
564.275,1006.713,510.056,808.548,199.307,679.929,352.550,617.292
564.195,1006.733,509.983,808.844,199.170,679.964,352.686,617.390
564.315,1007.099,510.025,808.772,199.242,680.774,352.525,617.513
564.121,1007.242,510.009,808.831,199.267,680.813,352.527,617.570
564.364,1007.314,509.832,809.263,199.206,680.931,352.588,617.218
564.266,1007.468,510.014,808.936,199.353,680.160,352.392,617.255
564.376,1007.375,510.041,808.905,199.262,680.192,352.581,617.325
564.221,1006.711,509.954,808.729,199.082,680.213,352.552,617.367
564.344,1007.284,509.989,808.822,199.166,680.056,352.390,617.336
564.000,1007.005,509.881,809.188,199.110,679.990,352.697,617.518
564.058,1006.946,509.823,809.177,199.172,679.819,352.797,617.358
564.339,1007.320,509.888,809.174,199.303,679.853,352.761,617.669
564.141,1006.973,510.044,808.953,199.256,680.147,352.696,617.540
564.341,1006.984,509.859,809.361,199.233,680.117,352.737,617.425
564.221,1007.023,509.929,809.225,199.211,680.462,352.836,617.437
564.359,1007.543,509.923,809.346,199.254,679.979,352.630,617.396
564.167,1007.001,509.960,809.512,199.185,680.193,352.818,617.405
564.530,1007.236,510.173,808.649,199.323,680.431,352.774,617.652
564.082,1007.025,509.983,808.876,199.356,680.038,352.611,617.424
564.346,1007.089,509.999,808.948,199.297,679.983,352.716,617.480
564.348,1007.054,509.941,809.012,199.418,679.995,352.660,617.526
564.421,1007.183,510.149,808.866,199.352,679.606,352.745,617.522
564.425,1007.298,510.053,808.710,199.384,679.847,352.563,617.265
564.297,1007.249,510.010,808.810,199.381,679.648,352.558,617.183
564.444,1007.512,509.957,808.688,199.292,680.118,352.414,617.395
564.247,1007.262,509.901,808.857,199.231,679.829,352.563,617.323
564.403,1007.330,510.063,808.508,199.392,679.887,352.745,617.391
564.413,1007.377,510.048,808.635,199.243,679.717,352.690,617.357
564.333,1007.381,510.043,808.650,199.286,679.999,352.617,617.708
564.297,1007.366,509.931,808.953,199.322,679.811,352.963,617.727
564.299,1006.845,509.869,809.219,199.397,680.178,352.547,617.702
564.294,1006.930,510.003,809.042,199.386,679.951,352.608,617.534
564.328,1007.207,510.000,809.181,199.441,679.697,352.417,617.525
564.197,1007.105,509.902,809.054,199.357,679.795,352.560,617.667
564.381,1007.213,509.887,808.935,199.256,679.960,352.427,617.515
564.210,1006.891,510.056,808.894,199.298,680.328,352.391,617.378
564.258,1007.064,510.001,808.858,199.348,680.345,352.337,617.513
564.248,1006.950,510.151,808.956,199.390,680.043,352.507,617.299
564.480,1007.080,510.074,808.870,199.269,680.000,352.724,617.549
564.171,1006.822,509.940,808.836,199.248,680.122,352.285,617.323
564.229,1007.058,509.872,809.009,199.321,679.978,352.280,617.591
564.404,1007.126,509.947,808.982,199.308,680.079,352.410,617.443
564.473,1007.017,510.017,808.813,199.461,680.105,352.428,617.495
564.569,1007.337,510.013,808.760,199.318,680.041,352.635,617.433
564.167,1007.043,509.940,808.864,199.301,679.791,352.462,617.565
564.196,1006.793,510.283,808.187,199.303,679.885,352.338,617.591
564.039,1006.911,509.963,808.982,199.084,680.222,352.393,617.416
564.029,1007.005,510.056,808.812,199.047,680.256,352.360,617.292
564.184,1006.944,509.973,808.973,198.856,683.172,352.393,617.213
563.981,1006.540,509.955,808.853,198.945,683.167,352.374,617.181
564.111,1006.508,509.891,809.125,199.081,683.954,352.508,617.257
564.080,1006.632,509.803,809.202,198.818,684.274,352.626,617.306
564.258,1007.159,509.788,809.158,199.026,683.670,352.629,617.377
564.164,1007.034,509.851,809.040,199.006,683.808,352.638,617.369
564.283,1007.317,509.992,808.790,199.088,679.969,352.747,617.412
564.010,1006.785,509.928,808.879,198.855,683.225,352.381,617.366
564.015,1006.992,509.797,809.285,199.080,680.032,352.584,617.217
564.335,1007.361,509.985,808.652,199.237,679.966,352.407,617.202
564.222,1007.290,510.130,808.634,199.204,680.034,352.567,617.402
564.170,1007.230,509.839,809.103,199.232,680.112,352.582,617.441
564.357,1007.209,509.921,808.927,199.279,680.161,352.524,617.402
564.442,1007.375,510.113,808.824,199.043,680.264,352.528,617.542
564.295,1007.285,510.057,808.949,199.063,680.288,352.401,617.443
563.896,1007.080,509.886,809.063,199.090,680.206,352.703,617.584
564.032,1007.097,509.888,809.111,199.059,680.186,352.617,617.535
564.138,1007.281,509.992,808.950,199.175,680.179,352.736,617.533
564.459,1007.471,509.882,809.102,199.152,680.234,352.738,617.514
564.390,1007.290,509.891,809.101,199.048,680.129,352.660,617.616
564.537,1007.503,509.910,808.894,199.207,680.062,352.605,617.572
564.576,1007.587,510.058,808.663,199.204,679.866,352.635,617.375
564.212,1007.274,510.030,808.781,199.208,680.064,352.765,617.683
564.402,1007.577,509.995,808.781,199.216,679.924,352.774,617.734
564.492,1007.324,509.931,808.924,199.294,679.998,352.843,617.526
564.463,1007.218,509.881,808.948,199.006,683.312,353.100,617.578
564.216,1007.119,510.069,808.719,199.187,679.973,352.694,617.599
564.300,1007.199,510.064,808.710,199.194,680.367,352.731,617.524
564.355,1007.187,509.900,808.993,199.191,680.416,352.777,617.332
564.210,1007.076,510.008,808.778,199.164,680.478,352.614,617.451
564.255,1007.119,510.022,808.904,199.049,679.910,352.404,617.584
564.216,1006.915,509.978,808.965,199.039,679.820,352.481,617.424
564.015,1007.161,509.976,809.000,199.184,679.919,352.428,617.454
564.255,1006.965,509.915,808.894,199.091,680.834,352.453,617.460
564.514,1007.481,509.892,809.009,199.111,683.035,352.491,617.560
564.127,1006.975,509.857,809.027,199.165,681.265,352.548,617.525
564.222,1007.023,509.751,809.082,199.148,681.137,352.546,617.611
563.972,1007.130,509.836,809.297,198.943,683.311,352.576,617.687
564.280,1007.484,509.886,809.128,198.988,683.155,352.665,617.789
564.241,1007.138,509.742,809.185,199.066,680.939,352.714,617.506
564.432,1007.351,509.773,809.245,199.124,681.166,352.753,617.777
564.295,1007.167,510.023,808.723,199.192,680.194,352.710,617.476
564.298,1007.124,509.965,808.862,199.090,683.437,352.585,617.556
563.951,1006.478,509.928,808.956,199.388,680.276,352.491,617.523
564.047,1006.577,510.007,808.853,199.221,680.234,352.714,617.624
563.956,1006.789,509.892,809.147,199.406,680.254,352.489,617.395
564.208,1006.957,510.096,808.882,199.421,680.160,352.537,617.464
564.109,1006.968,510.067,808.923,199.443,680.234,352.425,617.364
564.447,1007.281,509.827,808.984,199.245,679.944,352.644,617.604
564.174,1006.961,509.925,809.179,199.355,680.192,352.791,617.619
564.061,1006.993,509.825,809.359,199.140,679.977,352.301,617.498
564.126,1007.054,509.791,809.316,198.980,679.892,352.381,617.682
564.169,1006.951,510.047,809.081,199.298,680.231,352.420,617.812
564.326,1007.335,510.053,808.965,199.004,680.816,352.369,617.788
564.050,1007.062,509.707,809.338,199.104,683.131,352.404,617.469
564.040,1007.041,509.921,809.016,199.135,682.800,352.294,617.685
564.075,1006.925,509.896,808.997,199.185,680.107,352.501,617.720
563.915,1006.962,509.769,809.128,199.053,680.437,352.327,617.717
564.185,1007.173,509.743,809.376,199.078,680.410,352.485,617.711
564.035,1007.186,509.765,809.363,199.234,680.377,352.377,617.560
564.211,1007.084,509.845,809.272,199.033,680.664,352.367,617.370
564.042,1007.026,509.762,809.363,199.025,680.640,352.387,617.443
564.206,1006.992,509.773,809.317,198.966,680.513,352.419,617.449
564.202,1006.992,509.878,809.089,199.046,680.401,352.496,617.444
564.042,1007.220,509.850,809.437,199.158,680.288,352.327,617.442
564.129,1007.088,509.930,809.151,199.147,680.259,352.314,617.763
564.060,1006.914,509.974,808.878,199.322,680.433,352.399,617.711
564.185,1007.113,509.878,809.274,199.250,680.322,352.326,617.691
563.687,1006.856,509.855,809.252,199.168,680.459,352.301,617.685
564.062,1006.945,509.852,809.359,199.012,680.503,352.405,617.652
564.044,1006.889,509.945,809.031,198.984,680.457,352.112,617.570
564.053,1007.005,510.016,809.278,199.171,680.024,352.446,617.508
563.950,1006.763,510.040,808.974,199.106,679.985,352.520,617.445
564.112,1007.008,509.982,809.154,199.026,680.525,352.596,617.545
564.235,1007.084,509.933,809.260,198.925,680.165,352.285,617.469
564.240,1007.155,509.901,809.137,199.063,680.102,352.264,617.478
564.203,1007.166,509.790,809.429,199.133,680.335,352.188,617.619
564.093,1007.041,509.924,809.066,199.023,680.536,352.134,617.552
564.070,1006.977,509.754,809.326,199.181,680.358,352.371,617.468
564.072,1007.021,509.915,809.052,199.134,680.200,352.334,617.584
564.072,1006.810,509.666,809.180,199.021,680.326,352.311,617.604
564.184,1007.086,509.758,809.227,199.005,680.360,352.405,617.646
564.238,1007.309,509.829,809.103,199.093,680.354,352.397,617.742
564.221,1007.235,509.857,809.024,199.202,680.504,352.542,617.805
564.085,1006.712,510.049,808.849,199.071,680.261,352.336,617.509
564.168,1007.236,509.820,809.230,199.333,680.165,352.457,617.500
564.454,1007.331,509.904,809.027,199.156,679.624,352.766,617.709
563.971,1006.653,509.976,808.751,199.056,680.088,352.331,617.395
564.011,1006.711,509.805,809.046,199.034,680.273,352.485,617.489
564.212,1006.919,509.782,808.996,199.327,680.280,352.784,617.567
564.212,1007.198,509.844,808.834,199.225,680.133,352.710,617.657
563.980,1006.675,509.844,809.078,199.303,680.197,352.594,617.586
564.026,1006.817,509.762,809.139,199.266,680.140,352.555,617.501
563.935,1006.784,509.945,808.964,199.164,680.398,352.613,617.751
564.023,1006.876,509.870,809.009,199.169,680.119,352.452,617.723
564.045,1007.029,510.000,808.762,199.074,680.240,352.367,617.460
564.117,1007.093,510.016,808.774,199.091,679.970,352.190,617.472
564.362,1007.306,509.739,809.249,199.091,679.854,352.489,617.575
564.114,1007.112,509.711,809.410,199.300,680.278,352.519,617.493
564.180,1006.954,509.790,809.422,199.273,680.145,352.591,617.556
564.134,1007.058,509.916,809.245,199.062,679.871,352.551,617.684
564.212,1007.079,509.867,809.231,199.309,680.318,352.656,617.717
564.342,1007.011,509.812,809.331,199.141,680.294,352.402,617.594
564.373,1007.377,509.814,809.090,199.190,680.228,352.410,617.546
564.249,1007.137,509.789,809.430,199.141,680.370,352.361,617.688
564.205,1007.017,509.831,809.238,199.126,680.142,352.176,617.815
564.250,1007.248,509.647,809.579,199.122,680.443,352.406,617.586
564.111,1006.586,509.646,809.517,199.146,680.072,352.411,617.587
564.434,1007.116,509.715,809.525,199.193,679.633,352.425,617.532
564.217,1007.003,509.887,809.290,199.223,679.803,352.420,617.750
564.370,1007.241,509.970,809.267,199.168,680.382,352.184,617.567
564.308,1007.121,509.783,809.509,199.035,680.178,352.136,617.508
564.389,1007.231,509.748,809.394,199.111,680.490,352.223,617.612
564.201,1006.737,509.850,809.386,199.123,679.951,352.427,617.592
564.216,1006.784,509.837,809.329,199.100,679.765,352.305,617.490
564.176,1006.915,509.985,809.332,199.108,680.110,352.283,617.558
564.101,1006.849,510.075,809.124,199.200,680.066,352.205,617.586
563.699,1006.216,509.821,809.400,199.168,680.186,352.392,617.487
564.082,1006.717,509.768,809.548,199.197,680.011,352.250,617.539
564.119,1006.785,509.827,809.610,199.285,680.011,352.298,617.352
564.105,1007.021,509.786,809.651,199.253,680.160,352.183,617.258
563.932,1006.865,509.795,809.195,199.093,679.834,352.132,617.515
563.995,1006.841,509.795,809.291,199.086,679.609,352.085,617.350
564.022,1006.749,509.891,808.967,199.071,680.304,352.256,617.639
564.330,1007.246,509.805,809.062,199.118,680.799,352.287,617.618
564.081,1006.692,509.835,809.564,199.119,680.282,352.461,617.479
564.195,1006.880,509.843,809.082,199.062,680.212,352.337,617.753
564.238,1007.219,509.873,809.088,199.090,680.285,352.245,617.621
564.253,1006.967,509.900,808.942,199.077,679.970,352.464,617.769
564.286,1007.067,509.854,809.136,198.909,680.114,352.455,617.765
564.242,1006.959,509.848,809.352,199.082,679.990,352.617,617.751
564.314,1006.931,509.868,809.235,199.135,680.058,352.369,617.698
564.288,1007.159,509.837,809.405,199.008,679.797,352.389,617.801
564.142,1006.902,509.810,809.369,199.075,679.920,352.414,617.842
563.980,1006.674,509.924,809.350,199.221,680.341,352.168,617.630
564.187,1007.193,509.903,809.255,199.109,680.350,352.375,617.713
564.015,1007.095,509.833,809.409,199.144,680.152,352.417,617.723
564.523,1007.471,509.863,809.437,199.145,680.273,352.267,617.662
563.964,1006.862,509.921,809.132,199.103,680.105,352.185,617.398
564.124,1007.284,509.898,809.027,199.145,680.457,352.371,617.590
563.911,1007.034,510.014,809.059,199.169,680.039,352.268,617.404
564.485,1007.496,509.914,809.315,199.302,679.867,352.476,617.499
564.331,1007.243,509.892,809.203,199.149,679.881,352.366,617.569
564.353,1007.183,509.655,809.519,199.081,680.125,352.275,617.588
564.247,1007.261,509.688,809.413,199.173,680.159,352.366,617.607
564.133,1006.866,509.785,809.508,199.199,680.067,352.210,617.479
564.422,1007.322,509.718,809.333,199.158,680.167,352.287,617.563
564.202,1007.343,509.901,809.160,199.045,679.776,352.619,617.630
564.089,1007.061,509.740,809.287,199.002,679.382,352.438,617.498
563.933,1006.960,509.900,809.250,199.236,680.011,352.271,617.500
563.804,1007.086,509.838,809.307,199.044,679.629,352.318,617.581
564.167,1007.001,509.831,809.282,199.021,680.170,352.188,617.448
564.029,1007.022,509.905,809.117,199.133,680.328,352.526,617.481
564.315,1007.353,510.047,808.981,199.113,680.109,352.271,617.401
564.482,1007.341,509.948,808.947,199.101,680.376,352.245,617.525
564.496,1007.339,510.006,808.941,199.087,680.143,352.302,617.467
564.438,1007.359,509.983,809.094,199.071,680.239,352.237,617.529
564.463,1007.076,509.849,809.116,199.120,680.325,352.286,617.584
564.587,1007.002,510.020,809.161,199.208,680.169,352.262,617.503
564.548,1007.203,509.954,809.200,199.170,680.269,352.357,617.565
564.556,1007.252,510.024,809.040,199.165,680.229,352.290,617.470
564.482,1007.050,509.911,809.041,199.170,680.324,352.278,617.600
564.286,1007.231,509.836,809.343,199.117,683.180,352.457,617.473
564.363,1007.424,509.802,809.278,199.101,683.378,352.427,617.670
564.314,1007.449,509.862,809.643,199.090,683.311,352.420,617.756
564.301,1007.323,509.918,809.375,199.008,680.028,352.517,617.589
564.032,1006.646,509.839,809.529,199.149,679.919,352.444,617.562
564.107,1006.804,509.681,809.292,199.157,680.545,352.574,617.850
563.902,1006.630,509.780,809.391,199.137,679.804,352.561,617.745
564.177,1007.036,509.958,808.935,199.262,680.334,352.509,617.658
564.222,1007.055,510.011,808.821,199.313,679.931,352.503,617.754
564.087,1006.879,510.013,808.724,199.250,680.058,352.413,617.454
564.244,1007.064,509.963,808.972,199.048,683.108,352.489,617.802
564.207,1007.064,509.991,808.884,199.027,680.187,352.528,617.640
564.067,1006.948,509.950,808.975,199.000,683.381,352.483,617.578
564.230,1007.024,509.845,809.306,199.211,680.491,352.182,617.385
564.164,1007.054,509.967,808.912,199.240,680.443,352.439,617.631
564.333,1007.034,509.925,809.032,199.240,680.465,352.278,617.402
564.209,1007.086,509.816,809.498,199.130,680.389,352.277,617.377
564.342,1007.171,509.714,809.666,199.167,680.408,352.249,617.648
564.146,1007.188,509.917,809.315,199.282,680.274,352.268,617.693
564.169,1007.109,509.870,809.450,199.256,680.210,352.262,617.671
564.155,1007.215,509.884,809.241,199.200,680.543,352.385,617.667
564.410,1007.222,509.864,809.298,199.295,680.382,352.324,617.588
564.523,1007.234,509.972,809.312,199.217,680.493,352.364,617.721
564.547,1007.490,510.003,809.376,199.241,680.540,352.294,617.684
564.182,1006.986,509.895,809.395,199.099,680.511,352.289,617.517
564.069,1007.070,509.918,809.488,198.965,683.313,352.381,617.498
563.847,1007.176,509.834,809.537,199.229,680.505,352.226,617.654
563.936,1007.312,509.920,809.279,199.154,683.726,352.342,617.659
564.051,1007.045,509.881,809.277,199.293,680.384,352.234,617.576
564.377,1007.306,509.864,809.171,199.175,680.146,352.217,617.639
564.352,1007.193,509.750,809.289,199.049,680.493,352.283,617.567
564.173,1007.252,509.908,809.451,199.151,680.020,352.066,617.546
564.299,1007.171,509.843,809.541,199.107,680.474,352.290,617.608
564.171,1007.279,509.999,808.989,199.164,680.502,352.260,617.704
564.292,1007.079,509.752,809.383,199.112,680.300,352.259,617.649
564.427,1007.039,509.767,809.072,199.162,680.404,352.477,617.854
564.285,1006.688,509.861,808.896,199.296,680.508,352.443,617.792
564.461,1007.303,509.866,809.187,199.250,680.422,352.373,617.785
564.288,1007.311,509.737,809.467,199.108,683.469,352.332,617.780
564.227,1007.013,509.840,809.253,198.755,683.230,352.605,617.649
564.299,1007.346,509.857,808.881,198.974,680.472,352.737,617.784
564.298,1006.713,509.838,809.072,198.952,680.206,352.857,617.619
564.139,1007.059,509.775,809.273,198.991,680.182,352.410,617.563
564.232,1007.147,509.816,809.308,199.054,680.377,352.451,617.671
564.199,1006.961,509.780,809.312,199.231,680.401,352.430,617.846
564.154,1007.067,509.847,809.383,199.135,680.312,352.537,617.822
564.160,1006.829,509.959,808.824,199.112,680.473,352.606,617.778
564.185,1006.893,510.067,808.863,199.044,680.478,352.664,617.921
564.431,1007.252,509.957,809.108,199.260,680.375,352.285,617.602
564.427,1007.075,510.075,808.922,199.160,680.349,352.329,617.624
564.289,1007.289,510.046,808.862,199.223,680.217,352.374,617.549
564.094,1007.423,509.979,808.851,199.215,680.111,352.450,617.588
564.230,1007.269,509.899,808.885,199.157,680.488,352.286,617.776
564.308,1007.414,509.851,809.396,199.252,680.302,352.530,617.614
564.447,1007.274,509.987,808.968,199.001,683.234,352.473,617.812
564.184,1007.263,509.728,809.496,199.059,683.730,352.452,617.684
564.171,1007.280,509.883,809.324,199.040,683.941,352.379,617.729
564.229,1007.079,509.790,809.429,199.446,680.228,352.332,617.822
564.123,1007.061,509.770,809.390,199.330,681.395,352.343,617.709
564.390,1007.457,509.870,809.298,199.158,680.400,352.303,617.737
564.341,1007.250,509.858,809.110,199.154,680.052,352.327,617.709
564.227,1007.054,510.007,808.937,199.000,683.402,352.403,617.750
564.183,1007.179,510.073,808.766,198.981,683.349,352.303,617.732
564.208,1006.816,509.936,809.296,199.064,680.146,352.296,617.612
564.289,1006.889,509.970,809.323,198.966,683.198,352.438,617.715
564.554,1007.329,509.857,809.176,199.303,680.562,352.153,617.764
564.446,1007.320,510.060,808.978,199.079,680.546,352.167,617.691
564.610,1007.329,509.989,808.962,199.078,680.251,352.076,617.618
564.384,1007.471,509.966,809.204,198.957,680.288,352.053,617.701
564.389,1007.364,509.923,808.959,199.093,680.277,352.159,617.526
564.322,1007.347,509.866,809.109,199.030,680.120,352.237,617.683
564.297,1007.315,509.786,809.280,199.101,680.166,352.305,617.764
564.166,1006.836,509.793,809.152,199.161,680.102,352.197,617.615
564.227,1007.079,509.942,808.925,199.202,680.550,352.078,617.562
564.323,1006.918,509.856,809.145,199.129,680.426,352.360,617.581
564.349,1006.874,509.971,808.941,199.177,680.717,352.290,617.602
564.368,1007.189,509.868,808.987,199.141,680.320,352.111,617.636
564.328,1007.189,509.734,809.230,199.162,680.402,352.425,617.747
564.323,1006.938,510.031,808.886,199.018,680.089,352.379,617.578
564.052,1006.900,509.847,809.287,198.972,680.075,352.300,617.514
564.510,1007.399,510.052,808.567,199.098,679.861,352.447,617.605
564.281,1006.987,509.937,809.118,199.084,680.046,352.243,617.430
564.123,1006.814,509.993,808.939,199.013,679.970,352.362,617.476
564.328,1007.195,510.064,808.886,199.118,680.109,352.431,617.580
564.167,1006.862,509.919,809.016,199.052,680.020,352.340,617.557
564.281,1007.362,510.063,808.682,198.921,680.283,352.414,617.508
564.133,1007.194,509.977,809.001,198.968,680.315,352.306,617.324
564.450,1007.176,509.853,809.219,198.951,680.144,352.411,617.480
564.398,1007.083,509.874,809.184,198.878,680.165,352.498,617.513
564.273,1006.906,510.005,808.933,198.820,680.289,352.302,617.553
564.300,1007.003,509.992,809.046,198.787,680.256,352.168,617.476
564.097,1006.880,509.935,809.181,198.951,680.415,352.354,617.650
564.124,1006.739,509.940,809.127,199.094,679.918,352.363,617.609
564.372,1007.333,509.949,809.138,199.175,680.385,352.439,617.668
564.413,1007.136,509.904,808.994,199.056,680.416,352.245,617.711
564.310,1007.218,509.947,809.018,199.114,680.172,352.359,617.692
563.970,1007.332,509.769,809.281,199.185,680.347,352.374,617.801
564.305,1007.366,509.704,809.456,199.253,680.367,352.381,617.762
564.319,1007.347,509.674,809.633,199.191,679.939,352.291,617.693
564.246,1007.245,509.712,809.301,199.222,680.387,352.319,617.656
564.225,1007.241,509.801,809.358,199.085,680.341,352.404,617.602
564.065,1007.164,509.618,809.383,199.131,680.586,352.324,617.641
564.402,1007.196,509.579,809.589,199.014,679.835,352.057,617.530
564.279,1007.306,509.714,809.307,198.862,680.090,352.149,617.574
564.349,1007.312,509.798,809.143,199.127,680.515,352.174,617.618
564.208,1007.019,509.873,809.151,199.110,680.234,352.163,617.498
564.339,1007.249,510.095,808.735,199.325,680.397,352.338,617.532
564.093,1006.861,509.815,809.379,199.266,680.318,352.354,617.582
564.080,1007.119,509.858,809.293,199.244,680.488,352.357,617.557
564.023,1007.018,509.937,809.107,199.157,680.229,352.086,617.647
564.042,1007.022,509.819,809.167,199.102,680.302,352.100,617.583
564.098,1007.195,509.680,809.525,199.215,680.057,352.317,617.632
564.049,1007.172,509.833,809.436,199.141,679.727,352.245,617.534
563.997,1006.819,509.996,809.345,198.769,680.420,352.316,617.676
563.948,1006.973,509.756,809.586,198.810,680.164,352.229,617.564
564.183,1007.175,509.844,809.360,199.130,679.780,352.252,617.654
563.908,1007.036,509.892,809.183,199.138,679.836,352.267,617.684
563.948,1007.103,509.680,809.526,199.357,679.743,352.247,617.389
564.172,1007.118,509.810,809.052,199.109,680.283,352.237,617.383
564.109,1007.068,509.994,808.866,199.127,681.115,352.147,617.450
564.334,1007.275,510.168,808.718,199.125,680.422,352.290,617.478
564.206,1007.150,509.978,808.911,199.107,680.263,352.278,617.403
563.985,1007.054,509.848,809.084,199.124,680.109,352.274,617.644
563.681,1007.030,509.895,808.925,199.227,680.072,352.269,617.536
564.104,1007.187,509.912,808.897,199.177,680.194,352.283,617.683
564.122,1007.100,509.931,808.860,199.314,679.933,352.204,617.595
564.246,1007.189,509.838,809.239,199.033,680.104,352.536,617.721
564.195,1007.166,509.600,809.616,199.062,680.215,352.486,617.712
564.163,1007.161,509.803,809.586,199.247,680.245,352.533,617.799
564.018,1006.906,509.828,809.456,199.251,680.103,352.626,617.674
564.284,1007.229,509.858,809.320,199.057,679.967,352.252,617.526
564.135,1007.110,509.946,809.300,199.110,680.216,352.433,617.675
564.070,1007.041,509.654,809.522,199.001,679.992,352.126,617.403
564.190,1007.114,509.845,809.204,199.173,680.121,352.361,617.475
564.185,1007.255,509.714,809.484,199.122,680.111,352.288,617.453
563.887,1007.145,509.733,809.311,199.317,680.156,352.135,617.448
564.028,1007.048,509.763,809.279,199.194,680.239,352.241,617.534
563.998,1006.906,509.729,809.340,199.273,679.975,352.211,617.650
563.886,1007.123,509.704,809.578,199.151,680.201,352.279,617.569
564.050,1007.138,509.896,809.076,199.107,680.026,352.198,617.731
564.150,1007.223,509.886,809.141,199.153,680.157,352.087,617.553
564.101,1007.115,509.776,809.381,199.072,680.224,351.945,617.549
564.063,1007.042,509.841,809.287,199.126,680.366,351.865,617.481
563.913,1007.036,509.953,808.933,199.020,679.861,352.325,617.599
563.971,1007.175,509.818,809.314,199.178,679.914,352.094,617.672
564.108,1007.178,509.927,809.144,199.122,680.308,352.284,617.624
563.901,1006.931,509.734,809.509,199.073,680.225,352.005,617.653
563.829,1006.803,509.682,809.409,199.136,680.397,352.145,617.715
564.099,1006.958,510.003,809.179,199.012,680.259,351.965,617.631
564.166,1007.195,509.834,809.121,198.964,680.352,351.679,617.466
563.975,1006.941,509.835,809.411,199.095,680.050,351.823,617.444
563.899,1006.883,509.700,809.548,199.082,680.321,351.773,617.503
564.174,1007.145,509.766,809.178,199.145,682.674,351.689,617.484
564.052,1006.787,509.854,809.125,199.099,683.015,351.870,617.598
564.112,1007.111,509.776,809.674,199.251,680.287,351.940,617.449
564.058,1007.188,509.750,809.594,199.176,683.077,351.936,617.480
564.301,1007.473,509.860,809.542,199.286,680.029,351.951,617.562
563.998,1007.153,509.921,809.398,199.129,680.302,351.804,617.541
564.123,1007.379,509.905,809.384,199.216,680.001,351.831,617.647
564.171,1007.020,509.827,809.344,199.122,679.828,351.784,617.551
564.266,1007.269,509.781,809.370,199.246,680.357,351.838,617.533
564.165,1007.292,509.543,809.833,199.127,679.717,351.995,617.594
564.229,1007.334,509.625,809.622,199.093,679.955,351.963,617.584
564.397,1007.307,509.782,809.373,198.998,680.241,352.130,617.601
564.340,1007.128,509.743,809.600,198.978,680.318,352.099,617.571
564.192,1007.095,509.826,809.485,199.007,680.251,351.844,617.489
564.195,1007.008,509.887,809.133,199.105,680.206,351.862,617.525
564.121,1007.048,509.762,809.267,199.172,680.188,351.855,617.485
564.129,1006.966,509.897,809.329,199.215,680.067,352.012,617.535
563.975,1007.029,509.819,809.584,199.321,680.168,351.859,617.465
564.213,1007.098,509.697,809.400,199.277,680.200,351.702,617.376
564.132,1007.138,509.763,809.464,199.391,680.432,351.719,617.199
564.128,1006.969,509.814,809.578,199.353,679.617,351.753,617.287
563.950,1006.739,509.822,809.501,199.251,680.903,351.813,617.461
563.940,1007.117,509.696,809.569,199.307,679.926,351.764,617.558
563.916,1006.889,509.662,809.623,199.187,680.098,351.700,617.262
563.799,1006.901,509.791,809.511,199.219,680.185,352.013,617.523
564.005,1007.127,509.843,809.479,199.209,680.163,352.001,617.457
564.213,1007.352,509.784,809.391,199.262,680.269,351.802,617.623
564.137,1007.139,509.649,809.474,199.247,680.239,351.690,617.566
564.121,1006.849,509.765,809.247,199.210,680.537,351.917,617.457
563.938,1006.636,509.691,809.433,199.162,680.360,351.860,617.300
564.481,1007.235,509.714,809.397,199.093,681.013,351.924,617.549
564.516,1007.321,509.755,809.445,199.113,680.275,351.896,617.466
564.099,1007.131,509.786,809.516,199.057,680.366,351.934,617.435
564.203,1007.266,509.643,809.630,199.189,679.997,351.963,617.436
564.072,1007.224,509.758,809.576,199.253,680.011,351.928,617.444
564.362,1007.359,509.732,809.545,199.016,680.620,351.864,617.498
564.301,1007.219,509.834,809.482,199.084,680.881,351.891,617.422
564.239,1007.225,509.854,809.334,199.122,680.353,351.868,617.376
564.200,1007.205,509.850,809.399,199.089,680.267,351.714,617.170
564.097,1006.884,509.812,809.324,198.905,680.125,351.800,617.439
564.256,1007.183,509.767,809.231,199.025,680.189,351.924,617.473
564.217,1007.303,509.789,809.439,198.843,680.215,351.976,617.483
564.076,1006.887,509.731,809.362,198.787,680.249,351.952,617.558
563.944,1006.840,509.811,809.075,198.930,680.276,351.931,617.495
564.128,1006.940,509.758,809.326,198.957,681.350,351.944,617.465
563.903,1006.894,509.878,809.339,199.068,679.840,351.981,617.342
564.144,1007.047,509.782,809.559,199.257,679.811,351.725,617.433
564.080,1007.117,509.778,809.645,199.205,679.857,351.726,617.416
564.067,1006.872,509.648,809.529,199.391,679.968,351.895,617.422
563.979,1006.813,509.748,809.518,199.165,679.939,351.723,617.525
564.028,1006.853,509.628,809.334,199.141,680.109,351.601,617.370
564.019,1006.889,509.643,809.511,199.172,680.243,351.565,617.453
564.061,1007.022,509.617,809.623,199.106,680.234,351.670,617.296
563.869,1006.999,509.714,809.532,199.085,680.386,351.639,617.377
564.009,1007.001,509.841,809.448,199.093,680.329,351.739,617.546
564.041,1007.117,509.794,809.552,199.091,680.118,351.615,617.592
563.977,1006.975,509.775,809.505,199.114,680.307,351.742,617.628
564.044,1006.752,509.825,809.230,199.001,679.891,351.042,617.538
564.296,1006.926,509.908,809.020,198.962,683.200,351.087,617.643
564.154,1007.069,509.850,809.358,199.083,680.147,351.272,617.917
563.942,1007.121,509.821,809.327,198.933,683.387,351.303,617.953
564.292,1007.291,509.864,809.493,199.182,680.188,351.230,617.828
564.262,1007.090,509.979,809.322,199.043,683.330,351.277,617.853
564.332,1007.059,509.778,809.158,199.265,681.377,351.500,617.968
564.423,1007.206,509.729,809.450,199.053,681.498,351.375,618.056
564.290,1007.171,509.635,809.720,199.173,680.131,351.025,617.955
564.009,1007.016,509.628,809.485,199.184,681.161,351.152,618.080
564.112,1007.162,509.708,809.477,199.191,680.198,350.663,618.312
564.130,1007.040,509.897,809.283,199.071,680.994,350.564,618.283
564.434,1007.195,509.691,809.767,199.138,680.570,350.559,618.283
564.341,1007.123,509.672,809.623,199.071,680.222,350.495,618.405
564.259,1007.122,509.691,809.556,199.082,680.545,350.549,618.427
564.287,1007.262,509.619,809.663,199.130,680.175,350.592,618.317
564.244,1007.144,509.578,809.720,199.142,680.382,350.559,618.481
564.202,1007.255,509.534,809.567,198.993,680.276,350.560,618.513
564.252,1007.410,509.500,809.764,199.034,680.360,350.716,618.661
564.207,1007.108,509.755,809.405,199.244,680.356,350.600,618.497
564.179,1007.134,509.727,809.525,199.197,680.309,350.641,618.532
564.101,1007.030,509.800,809.330,199.183,680.466,350.635,618.615
564.265,1007.077,509.810,809.444,199.223,680.355,350.679,618.778
564.181,1007.437,509.760,809.292,199.229,683.338,350.536,618.714
564.263,1007.374,509.788,809.240,199.450,680.099,350.400,618.477
564.304,1007.181,509.541,809.627,199.383,681.124,350.363,618.332
564.349,1007.227,509.848,809.334,199.162,681.383,350.513,618.387
564.294,1006.939,509.659,809.732,198.963,683.869,350.543,618.273
564.189,1006.938,509.817,809.287,198.844,683.901,350.425,618.118
564.097,1006.857,509.765,809.497,198.897,683.769,350.452,618.413
564.317,1007.259,509.555,809.688,199.133,680.343,350.383,618.424
564.200,1007.145,509.768,809.481,198.905,683.610,350.503,618.441
564.155,1007.020,509.464,809.898,199.140,680.253,350.530,618.528
564.143,1007.176,509.771,809.566,199.098,680.076,350.769,618.695
564.353,1007.108,509.684,809.793,199.143,680.075,351.106,618.959
564.221,1007.095,509.661,809.670,199.215,680.326,351.319,618.898
564.266,1007.124,509.746,809.472,199.160,682.989,351.522,619.189
564.241,1007.053,509.665,809.505,199.194,680.035,351.633,619.259
564.176,1007.019,509.708,809.374,199.161,680.219,351.994,619.677
564.174,1006.848,509.875,809.132,199.195,679.746,351.923,619.692
564.208,1006.935,509.876,809.363,199.298,680.335,352.387,620.163
564.192,1006.991,509.790,809.303,199.205,680.449,352.677,620.596
564.227,1007.008,509.760,809.335,199.229,680.503,352.889,621.149
564.182,1007.161,509.687,809.392,199.046,680.230,352.932,621.350
563.935,1006.848,509.677,809.493,199.103,679.989,352.993,621.251
564.167,1006.815,509.963,809.248,199.160,680.531,352.836,621.319
564.033,1006.673,509.833,809.439,199.190,680.304,353.147,621.618
563.925,1006.840,509.670,809.669,199.075,680.318,352.815,621.556
563.980,1006.930,509.695,809.291,198.919,683.418,352.317,621.074
564.179,1007.097,509.720,809.275,199.359,680.379,352.400,620.992
564.195,1007.089,509.727,809.229,199.226,680.436,352.128,620.102
564.302,1007.081,509.839,809.430,199.391,680.433,352.173,620.137
564.267,1006.787,509.736,809.376,199.332,680.373,352.310,619.991
564.248,1007.093,509.730,809.561,199.196,683.548,351.833,619.894
564.231,1007.089,509.821,809.502,199.142,680.480,352.070,620.250
564.067,1007.024,509.793,809.571,199.172,680.349,351.958,620.088
564.313,1007.136,509.780,809.538,199.280,680.466,352.170,620.441
564.388,1007.259,509.713,809.599,199.102,681.349,352.197,620.452
564.306,1007.366,509.756,809.464,199.248,680.291,352.258,620.628
564.316,1007.287,509.751,809.400,199.192,680.244,352.663,621.019
564.308,1007.226,509.918,809.392,199.094,680.320,352.276,620.599
564.134,1006.932,509.838,809.443,199.112,679.975,352.171,620.585
564.182,1006.731,509.786,809.625,199.316,680.396,351.790,620.130
564.085,1006.917,509.715,809.688,199.376,680.189,351.879,620.193
564.365,1007.223,509.783,809.344,199.062,681.266,352.105,620.049
564.323,1007.078,509.813,809.398,199.209,680.372,351.994,619.796
564.510,1007.607,510.028,809.111,199.143,683.178,351.320,619.510
564.449,1007.353,509.894,809.395,198.964,683.028,351.273,619.447
564.332,1007.276,509.877,809.396,198.954,682.788,351.302,619.382
564.290,1007.083,509.936,809.284,199.004,683.177,351.520,619.343
564.230,1006.874,509.832,809.511,198.977,683.222,351.344,619.426
564.378,1007.396,509.766,809.321,199.001,683.473,351.529,619.461
564.275,1007.199,509.815,809.314,199.028,683.230,351.863,619.568
564.308,1007.328,509.785,809.337,199.228,679.962,351.295,619.325
564.292,1007.349,509.816,809.299,199.226,680.299,351.461,619.344
564.094,1006.879,509.799,809.304,199.132,683.429,351.525,619.341
564.031,1006.930,509.815,809.415,198.964,683.104,351.535,619.336
564.219,1006.830,509.807,809.404,199.105,680.388,351.347,619.231
564.020,1006.797,509.821,809.683,199.100,680.376,351.387,619.282
564.177,1007.005,509.811,809.564,199.175,679.901,351.573,619.437
564.211,1006.883,509.758,809.605,199.128,683.102,351.044,618.967
564.380,1007.046,509.845,809.498,199.207,683.056,351.275,619.117
564.259,1007.073,509.632,809.870,199.334,679.786,351.285,619.048
564.123,1007.220,509.683,809.683,199.235,679.809,351.297,619.236
564.227,1007.084,509.668,809.590,199.275,680.646,351.373,619.034
564.218,1007.369,509.720,809.511,199.224,680.668,351.426,619.007
564.241,1007.530,509.854,809.489,199.216,680.092,351.674,619.360
564.460,1007.612,509.731,809.596,199.256,680.179,351.515,619.145
564.255,1007.222,509.916,809.300,199.203,680.160,351.634,619.125
564.132,1007.309,509.717,809.635,199.191,680.209,351.363,618.954
564.195,1006.920,509.847,809.493,199.153,680.181,351.499,619.335
564.339,1007.296,509.767,809.343,199.271,680.120,351.915,619.377
564.362,1007.118,509.892,809.306,199.346,680.480,351.602,619.374
564.315,1007.151,509.759,809.562,199.152,680.396,351.146,618.914
564.265,1006.997,509.730,809.436,199.092,680.377,351.790,619.366
564.392,1007.145,509.651,809.432,199.187,682.840,351.463,619.137
564.348,1007.218,509.795,809.336,199.125,683.220,351.144,618.963
564.087,1006.789,509.713,809.493,199.227,683.293,351.727,619.259
564.393,1007.059,509.865,809.318,199.003,683.371,351.445,619.119
563.984,1006.705,509.798,809.490,199.220,680.142,351.459,619.188
563.995,1006.931,509.788,809.322,199.189,680.225,351.997,619.170
563.948,1006.815,509.746,809.593,199.092,683.593,351.647,619.246
563.909,1006.745,509.852,809.501,199.072,682.969,351.278,619.086
563.998,1007.297,509.820,809.446,198.975,682.842,351.953,619.403
563.939,1006.976,509.728,809.440,199.059,679.845,351.690,619.211
564.285,1007.245,509.708,809.385,199.055,680.238,351.294,619.113
564.318,1007.346,509.769,809.641,199.142,680.267,351.408,619.215
564.292,1007.287,509.955,809.193,199.026,680.286,351.869,619.307
564.182,1007.334,509.757,809.229,199.042,684.116,351.168,619.093
564.093,1007.032,509.788,809.431,199.111,680.351,351.766,619.258
564.127,1007.125,509.676,809.363,199.039,680.464,351.481,619.224
564.041,1007.169,509.695,809.248,198.998,680.662,351.327,619.292
564.162,1007.154,509.812,809.268,199.090,679.954,351.941,619.359
564.070,1007.131,509.752,809.165,199.045,680.165,351.536,619.231
564.168,1007.114,509.812,809.522,198.984,679.962,351.073,619.122
563.999,1006.983,509.603,809.678,199.014,679.972,351.363,619.281
564.223,1007.210,509.724,809.638,198.926,683.746,351.425,619.131
564.442,1007.535,509.578,809.886,199.001,683.082,351.388,619.162
564.006,1007.213,509.635,809.573,199.072,683.120,351.311,619.189
564.181,1007.374,509.724,809.691,199.094,683.281,351.504,619.098
564.171,1007.350,509.603,809.692,199.113,680.480,351.111,619.180
564.105,1007.177,509.798,809.469,199.266,680.252,351.368,619.181
564.211,1007.216,509.799,809.241,199.337,680.180,351.290,619.035
563.841,1006.565,509.890,809.347,199.391,680.439,350.839,618.985
563.993,1006.642,509.892,809.232,199.283,680.221,351.129,619.000
564.252,1007.091,509.889,809.263,199.168,680.153,351.064,618.805
564.147,1006.871,509.794,809.567,199.185,680.111,350.884,618.846
564.232,1007.181,509.981,809.252,199.063,680.266,351.469,619.173
564.160,1006.982,509.951,809.280,199.097,680.306,351.291,618.984
564.187,1007.013,509.919,809.195,199.175,681.219,351.075,618.866
564.240,1006.825,509.866,809.201,199.340,680.372,351.490,619.187
564.182,1006.807,509.914,809.149,199.090,680.240,350.849,619.030
564.024,1006.936,509.681,809.437,199.172,680.616,350.923,618.709
564.005,1006.932,509.747,809.452,199.073,680.345,350.869,618.745
564.189,1006.882,509.848,809.314,199.235,681.121,350.981,618.893
564.136,1006.864,509.706,809.470,199.114,683.270,351.252,618.908
564.052,1006.705,509.743,809.338,199.084,683.335,351.317,619.067
564.145,1006.793,509.747,809.559,199.108,680.336,351.079,618.992
564.375,1007.410,509.863,809.230,199.177,680.400,351.533,618.953
564.554,1007.539,509.857,809.353,199.152,680.418,351.269,618.950
564.343,1007.254,509.878,809.325,198.969,681.198,350.882,619.075
564.181,1007.051,509.823,809.208,198.926,682.595,351.447,619.173
564.211,1006.951,509.849,809.199,199.063,683.503,350.971,618.933
564.103,1007.050,509.741,809.284,199.142,681.290,351.043,618.919
564.495,1007.359,509.631,809.476,199.311,680.143,351.111,618.671
564.249,1006.978,509.722,809.584,199.146,680.084,351.085,618.926
564.507,1007.498,509.813,809.148,199.195,679.782,351.218,618.989
564.405,1007.423,509.756,809.452,199.204,680.951,351.331,619.411
564.355,1007.364,509.769,809.528,199.216,683.015,351.244,619.040
564.102,1007.036,509.774,809.542,199.209,679.953,351.424,618.978
564.127,1007.073,509.703,809.554,199.138,681.048,351.284,619.132
564.157,1007.261,509.897,809.470,199.219,680.281,351.374,619.107
564.319,1007.162,509.732,809.527,199.169,680.046,351.049,619.077
564.128,1006.929,509.738,809.525,199.383,680.070,351.105,618.974
564.103,1006.966,509.739,809.601,199.375,680.356,351.525,619.264
564.158,1006.807,509.889,809.515,199.154,680.352,351.383,619.190
564.340,1006.752,509.748,809.494,199.080,680.372,351.414,618.922
564.157,1006.982,509.729,809.414,199.026,680.158,351.015,618.854
564.217,1006.964,509.761,809.429,199.106,680.106,350.947,619.144
564.209,1007.064,509.722,809.487,199.114,680.131,351.273,619.236
564.151,1007.033,509.835,809.177,199.128,683.321,350.772,618.753
564.108,1006.822,509.690,809.331,199.129,680.494,351.377,619.200
564.274,1007.135,509.606,809.494,199.035,680.096,350.888,618.871
564.149,1007.014,509.561,809.546,199.041,680.166,351.332,618.925
564.089,1007.151,509.890,809.392,199.104,683.315,351.051,618.842
564.100,1007.122,509.929,809.270,199.040,682.963,351.108,618.844
564.270,1007.108,509.698,809.291,199.234,680.338,351.264,619.057
564.089,1007.085,509.915,809.008,199.201,680.396,351.830,619.226
564.129,1007.192,509.880,809.347,199.164,680.361,350.899,618.672
564.115,1007.025,509.917,809.237,199.237,680.228,350.812,618.710
564.154,1007.166,509.918,809.136,199.198,679.743,351.461,619.015
564.351,1007.048,509.998,809.138,199.094,680.097,351.123,618.724
564.308,1007.209,510.040,809.001,199.169,679.958,350.900,618.897
564.104,1007.224,509.979,809.081,199.223,680.323,350.995,618.891
564.302,1007.270,509.774,809.152,199.040,683.200,351.156,618.893
564.423,1007.237,509.881,809.176,199.193,680.247,350.817,618.852
564.167,1007.257,509.859,809.246,199.213,680.393,351.215,618.979
563.953,1006.946,509.855,809.106,199.218,680.492,350.993,618.693
563.863,1006.989,509.681,809.265,199.302,680.470,350.937,618.776
564.283,1007.132,509.784,809.193,199.146,682.976,351.126,618.980
564.244,1006.940,509.823,809.243,199.246,680.107,351.104,619.086
564.003,1006.950,509.834,809.227,199.328,680.136,351.072,619.333
564.293,1007.096,509.833,809.041,199.102,683.072,351.022,619.007
564.178,1007.417,509.958,808.919,199.246,680.953,350.681,618.663
564.514,1007.549,509.980,809.154,199.188,680.202,350.796,618.761
564.361,1007.396,509.944,809.009,199.123,683.162,350.682,618.692
564.197,1007.051,509.745,809.336,199.306,680.237,350.283,618.808
564.184,1006.962,509.838,809.194,199.332,680.210,351.274,619.320
564.287,1007.140,509.849,809.606,199.194,680.909,351.433,619.065
564.232,1007.198,510.024,809.105,199.194,680.948,351.139,619.023
564.112,1007.020,509.841,809.455,199.293,680.080,351.138,618.661
564.159,1006.730,509.918,809.459,199.077,683.203,350.985,618.633
564.309,1007.330,509.954,808.885,199.264,679.898,351.038,618.487
564.024,1007.047,509.743,809.560,199.204,680.179,351.301,619.017
564.199,1007.265,509.793,809.269,199.107,679.767,351.104,618.513
564.148,1007.139,509.805,809.453,199.256,680.276,350.548,618.215
564.137,1007.159,509.851,809.186,199.285,680.401,350.309,618.156
564.267,1007.050,509.909,809.284,199.252,679.925,350.929,618.490
564.176,1006.970,509.817,809.297,199.316,680.002,350.140,617.987
564.155,1007.464,509.678,809.579,199.251,680.203,350.005,617.928
564.232,1007.325,509.629,809.637,199.205,680.315,350.789,618.665
564.220,1007.111,509.773,809.484,199.493,680.011,350.060,618.313
564.302,1007.371,509.792,809.217,199.434,679.781,350.241,618.309
564.302,1007.209,509.820,809.290,199.197,680.439,350.397,618.442
564.231,1007.233,509.780,809.261,199.274,680.420,350.026,617.984
564.327,1007.624,509.752,809.401,199.162,679.975,350.703,618.344
564.436,1007.563,509.625,809.445,199.027,682.749,350.976,618.885
564.566,1007.428,509.730,809.554,199.254,679.980,350.832,618.974
564.208,1007.457,509.702,809.400,199.391,679.893,350.811,619.053
564.130,1007.368,509.979,809.228,199.365,680.216,350.767,618.880
564.141,1007.486,509.926,809.113,199.248,680.527,350.721,618.735
564.334,1007.456,509.902,809.115,199.333,680.409,350.487,618.801
564.288,1007.258,509.808,809.273,199.172,680.212,351.462,619.141
564.036,1006.952,509.976,809.194,199.219,680.500,350.990,618.936
564.213,1007.240,509.819,809.438,199.170,680.314,350.945,618.843
564.356,1007.292,509.749,809.444,199.171,680.163,351.106,618.769
564.279,1007.315,509.698,809.590,199.216,680.413,350.271,618.453
564.272,1007.157,509.789,809.603,199.182,680.404,350.246,618.160
564.075,1007.409,509.773,809.434,199.201,680.306,350.504,618.924
564.107,1007.323,509.721,809.653,199.271,680.231,350.547,618.516
564.150,1007.533,509.755,809.500,199.188,680.457,351.025,618.667
564.348,1007.491,509.757,809.627,199.308,680.296,350.515,618.578
564.252,1007.171,509.691,809.459,199.426,680.197,350.579,618.499
564.369,1007.333,509.754,809.492,199.225,683.593,350.978,618.604
564.368,1007.161,509.741,809.640,199.059,683.118,350.528,618.342
564.374,1007.278,509.630,809.579,199.145,681.312,350.722,618.631
564.313,1006.984,509.886,809.483,199.137,680.749,350.873,618.610
564.207,1007.030,509.755,809.444,199.201,680.987,350.332,618.413
564.222,1007.197,509.720,809.510,199.194,681.593,350.316,618.579
564.161,1007.359,509.832,809.363,199.077,681.336,350.283,618.304
563.993,1007.019,509.862,809.236,199.126,679.860,350.553,618.592
564.234,1007.215,509.625,809.628,199.189,679.920,350.392,618.182
564.220,1007.248,509.663,809.493,199.237,680.150,350.451,618.201
564.212,1007.254,509.741,809.627,199.125,680.288,350.605,618.226
564.194,1007.003,509.780,809.466,199.163,680.100,350.415,618.224
564.113,1007.695,509.746,809.530,199.112,679.896,350.359,618.119
564.288,1007.258,509.608,809.551,199.303,679.828,351.141,618.508
564.021,1007.348,509.626,809.512,199.228,679.600,350.611,618.343
564.292,1007.205,509.610,809.592,199.300,680.751,350.410,618.189
564.271,1007.122,509.668,809.554,199.269,680.740,351.472,618.601
564.271,1007.363,509.758,809.449,199.393,680.223,350.801,618.371
564.344,1007.268,509.679,809.525,199.336,680.140,350.631,618.322
564.386,1007.438,509.648,809.782,199.452,680.430,351.490,618.826
564.508,1007.857,509.671,809.509,199.367,680.227,350.886,618.454
564.207,1007.082,509.783,809.424,199.240,680.260,350.694,618.511
564.280,1007.140,509.832,809.371,199.371,680.228,350.502,618.276
564.133,1007.210,509.815,809.420,199.188,680.488,350.548,618.574
564.338,1007.454,509.880,809.440,199.122,680.281,350.463,618.483
564.008,1007.362,509.864,809.298,199.391,680.389,350.464,618.527
564.087,1007.274,509.859,809.380,199.324,680.432,350.751,618.457
564.283,1007.207,509.848,809.425,199.162,680.545,350.788,618.292
563.959,1006.917,509.911,809.216,199.305,680.974,350.102,618.068
564.017,1007.079,509.863,809.456,199.380,680.351,349.985,617.919
564.168,1007.152,509.991,809.051,199.266,680.260,350.208,618.117
564.329,1007.241,509.965,809.108,199.298,680.041,349.474,617.695
564.432,1007.345,509.937,809.136,199.288,680.699,349.724,617.622
564.219,1007.061,509.863,809.194,199.187,680.414,350.158,617.964
564.603,1007.378,509.832,809.278,199.202,680.542,349.263,617.375
564.120,1007.090,509.605,809.554,199.345,680.406,350.288,618.327
564.284,1007.220,509.678,809.247,199.370,680.098,349.702,617.825
564.248,1007.252,509.539,809.627,199.156,680.075,349.851,617.888
564.111,1007.049,509.617,809.654,199.342,680.534,350.606,618.528
564.157,1006.955,509.708,809.446,199.356,680.094,349.629,617.511
564.243,1007.309,509.806,809.536,199.309,680.177,350.213,618.237
564.198,1007.233,509.831,809.521,199.303,680.451,349.650,617.862
564.266,1007.381,509.850,809.322,199.321,680.532,350.216,618.191
564.523,1007.554,509.859,809.169,199.118,680.375,350.437,618.256
564.523,1007.372,509.751,809.272,198.995,683.579,350.250,618.164
564.259,1007.359,509.595,809.634,199.188,680.469,350.324,618.340
564.176,1007.174,509.655,809.433,199.216,680.507,350.711,618.479
564.327,1007.367,509.586,809.795,198.833,683.911,350.341,618.355
564.039,1006.870,509.634,809.575,198.975,680.666,350.459,618.419
563.974,1006.801,509.785,809.502,199.224,680.449,350.410,618.387
564.230,1006.995,509.777,809.540,199.214,683.046,350.804,618.500
564.465,1007.420,509.691,809.542,199.194,683.620,350.362,618.235
564.340,1007.389,509.712,809.474,199.214,680.359,350.596,618.396
564.609,1007.585,509.725,809.640,199.249,680.020,349.865,618.370
564.288,1007.353,509.734,809.666,199.256,680.214,350.287,618.210
564.398,1007.260,509.764,809.536,199.232,680.220,349.684,617.867
564.205,1007.253,509.702,809.555,199.171,679.706,350.030,617.797
564.285,1007.261,509.845,809.424,199.164,679.910,349.762,617.604
564.531,1007.432,509.774,809.680,199.220,680.184,349.715,617.680
564.246,1007.227,509.884,809.522,199.318,679.919,350.425,617.820
563.926,1007.188,509.723,809.538,199.216,680.209,349.780,617.823
564.174,1007.328,509.743,809.476,199.216,680.176,349.507,617.631
564.182,1007.102,509.753,809.521,198.936,680.280,350.159,617.848
563.898,1006.879,509.771,809.549,199.087,681.267,349.445,617.520
563.983,1007.114,510.032,809.038,199.201,680.185,350.042,617.729
564.316,1007.350,509.908,809.315,199.134,680.158,350.366,618.081
564.164,1007.054,509.938,809.301,199.274,680.206,349.985,617.960
564.311,1007.342,509.766,809.538,198.986,680.144,350.024,618.394
564.009,1007.244,509.847,809.272,199.082,680.121,349.802,618.035
564.294,1007.037,509.769,809.317,199.228,679.782,348.684,617.328
564.356,1007.128,509.745,809.413,199.128,680.195,350.133,617.913
564.243,1007.136,509.965,809.240,199.101,680.465,350.034,618.025
564.187,1006.908,509.893,809.426,199.033,680.266,348.916,617.360
564.236,1007.079,509.863,808.956,199.289,679.913,350.204,618.159
564.203,1007.348,509.790,809.177,199.367,680.103,350.216,618.069
564.424,1007.420,509.704,809.542,199.046,680.335,350.321,618.172
564.385,1007.298,509.858,809.239,198.996,680.031,349.871,618.176
564.119,1007.157,509.877,809.312,199.249,680.041,351.030,618.404
564.094,1006.952,509.770,809.474,199.299,680.484,350.951,618.648
564.281,1007.214,509.731,809.436,199.294,680.421,350.803,618.540
564.403,1007.307,509.736,809.495,198.999,683.371,350.495,618.350
564.151,1007.409,509.630,809.710,199.115,680.416,350.708,618.464
564.493,1007.327,509.711,809.574,199.086,680.144,350.348,618.201
564.519,1007.253,509.730,809.509,199.139,680.170,350.282,618.094
564.477,1007.409,509.734,809.504,198.965,681.109,350.382,618.154
564.363,1007.318,509.794,809.499,198.990,681.094,350.437,618.212
564.138,1007.044,509.729,809.506,199.227,680.239,350.303,618.222
564.158,1007.160,509.817,809.480,199.124,680.228,350.511,618.201
564.283,1007.468,509.774,809.304,199.171,680.513,350.715,618.536
564.249,1007.281,509.782,809.493,199.076,680.452,350.126,618.161
564.233,1007.430,509.995,809.045,199.160,680.290,350.357,617.986
564.159,1007.064,509.762,809.352,199.088,680.420,350.264,618.111
564.275,1007.277,509.837,809.262,198.993,680.620,350.375,618.282
564.078,1006.966,509.695,809.619,198.864,683.259,350.166,617.972
564.263,1007.203,509.797,809.493,199.029,681.242,350.605,618.161
564.353,1007.329,509.759,809.406,199.061,680.566,350.411,618.317
564.153,1007.099,509.815,809.029,199.116,680.210,350.746,618.318
564.269,1007.158,509.762,809.463,198.898,680.344,350.445,618.091
564.224,1007.270,509.761,809.312,198.904,680.298,350.548,618.297
564.447,1007.408,509.770,809.215,199.237,680.155,350.294,618.069
564.184,1007.007,509.722,809.217,199.182,680.244,350.442,618.247
564.227,1007.161,509.880,809.303,199.121,680.520,350.559,618.592
564.031,1006.939,509.704,809.453,199.012,680.341,350.986,618.943
564.239,1007.262,509.589,809.688,199.033,681.012,350.332,618.136
564.244,1007.299,509.669,809.251,198.951,680.037,350.400,617.896
564.164,1007.166,509.677,809.525,199.035,679.816,350.095,617.612
564.226,1007.241,509.602,809.593,199.160,679.777,350.596,618.574
564.170,1007.210,509.547,809.604,199.197,680.153,350.562,618.301
564.256,1007.473,509.588,809.567,199.269,679.896,349.452,617.743
563.962,1007.003,509.580,809.831,199.332,679.827,350.222,618.186
563.910,1006.979,509.755,809.579,199.298,679.850,350.560,618.479
564.016,1007.171,509.690,809.670,199.220,679.701,350.104,618.128
563.903,1006.798,509.721,809.443,199.095,680.409,349.861,617.880
563.918,1006.950,509.946,809.247,198.983,683.151,350.352,618.116
564.362,1007.250,509.846,809.473,199.212,679.849,349.561,617.931
564.399,1007.359,509.790,809.243,198.920,683.090,350.496,618.544
564.139,1007.012,510.030,809.247,198.994,680.433,350.549,618.013
564.171,1007.270,509.777,809.510,199.060,680.345,349.845,618.013
564.240,1007.249,509.741,809.488,198.849,683.248,350.167,617.931
563.985,1006.909,509.607,809.514,198.964,680.235,349.528,617.650
563.944,1006.728,509.686,809.383,199.046,679.927,349.914,617.776
564.160,1007.296,509.824,809.312,199.212,680.003,350.157,618.177
564.134,1007.186,509.930,808.938,199.173,680.235,350.238,618.100
564.232,1006.919,509.792,809.194,198.968,680.578,349.961,617.802
564.065,1007.061,509.893,809.354,199.121,680.474,350.386,618.417
564.012,1006.671,509.941,809.499,199.088,680.380,350.887,618.633
564.025,1006.724,509.932,809.309,199.196,680.210,349.906,617.962
564.094,1007.057,509.794,809.546,199.312,680.232,350.327,618.583
563.830,1006.741,509.824,809.407,199.176,680.033,349.904,618.165
563.956,1006.492,509.907,809.204,199.154,680.235,349.966,618.027
564.124,1006.743,509.634,809.291,199.045,680.336,350.648,618.360
564.219,1007.036,509.750,809.281,199.100,680.481,350.438,618.076
564.369,1007.209,509.846,809.180,199.114,680.070,350.390,618.128
564.248,1007.088,509.703,809.514,199.016,680.281,350.309,618.003
563.932,1006.759,509.804,809.207,199.283,679.844,350.203,618.126
564.171,1006.966,509.766,809.198,199.160,679.880,350.377,618.319
564.256,1006.994,509.804,809.324,199.136,680.219,350.206,618.093
564.298,1007.003,509.833,809.228,199.185,680.269,350.287,618.123
563.949,1007.264,509.775,809.220,199.193,680.283,350.452,618.409
563.964,1007.186,509.825,809.216,199.123,680.169,350.785,618.519
564.379,1007.367,509.625,809.467,199.191,680.125,350.542,618.110
563.999,1007.327,509.682,809.408,199.365,680.144,350.047,618.099
564.154,1007.277,509.742,809.227,199.046,680.300,350.352,617.986
564.244,1007.094,509.786,809.196,199.038,680.100,350.493,618.178
563.993,1007.246,509.820,809.276,199.188,680.222,350.451,618.328
564.185,1007.188,509.733,809.120,199.073,679.803,350.845,618.658
564.319,1007.331,509.817,809.203,199.053,679.731,350.417,618.265
563.980,1007.176,509.799,809.232,199.176,680.474,350.198,618.121
564.278,1007.317,509.844,809.357,199.153,680.268,350.319,618.266
564.344,1007.300,509.917,809.314,199.149,680.371,349.677,617.265
564.242,1007.218,509.899,809.232,199.088,680.372,350.117,617.554
564.257,1007.230,509.854,809.482,199.024,680.358,349.872,617.616
564.206,1007.026,509.889,809.529,199.118,680.298,350.663,617.999
563.972,1007.155,509.911,809.137,199.140,680.058,350.416,618.075
564.130,1007.061,509.794,809.288,198.982,680.829,349.561,617.466
564.037,1007.115,509.984,809.153,198.992,683.387,350.767,618.353
564.011,1007.057,509.758,809.232,199.332,680.214,349.635,617.281
563.884,1007.049,509.826,809.087,199.204,680.244,349.645,617.577
564.124,1007.095,509.895,809.100,199.056,680.460,350.451,618.202
564.057,1006.911,509.774,809.098,199.016,683.121,349.915,617.756
564.164,1007.264,509.732,809.225,199.278,680.379,350.271,617.969
564.114,1007.089,509.676,809.360,199.179,680.333,350.496,618.656
564.369,1007.316,509.832,809.367,199.240,680.594,350.171,618.094
564.132,1007.217,509.753,809.401,199.173,680.209,350.887,618.736
564.083,1007.128,509.616,809.700,199.206,680.359,350.610,618.266
564.029,1007.004,509.504,809.660,199.096,680.455,350.378,618.175
564.134,1007.231,509.437,809.865,199.164,680.483,350.130,618.039
564.083,1007.167,509.478,810.052,199.089,680.294,350.131,618.175
564.122,1007.115,509.352,810.138,199.045,680.259,350.428,618.285
564.336,1007.266,509.759,809.757,199.090,680.107,350.692,618.298
564.262,1007.178,509.481,809.957,199.188,680.089,350.634,618.410
564.188,1006.930,509.793,809.569,199.017,680.038,350.603,618.536
564.253,1007.134,509.794,809.437,199.109,680.211,350.553,618.480
564.289,1007.332,509.648,809.753,199.224,680.265,350.628,618.820
564.146,1007.184,509.804,809.700,199.234,680.394,350.806,618.845
564.155,1007.052,509.659,809.686,199.204,680.237,350.739,618.991
564.307,1007.146,509.560,809.747,199.303,680.183,350.890,618.828
564.348,1007.237,509.677,809.499,199.178,680.521,351.050,618.908
564.455,1007.336,509.744,809.508,199.182,680.573,350.770,618.708
564.206,1007.465,509.630,809.665,198.990,680.540,350.689,618.825
564.293,1007.021,509.622,809.778,199.101,680.537,350.862,619.026
564.283,1007.197,509.757,809.571,198.938,680.366,350.948,618.970
564.313,1007.316,509.555,809.808,199.073,680.112,350.930,619.108
564.167,1007.246,509.514,809.791,199.054,680.270,351.109,619.138
564.174,1007.075,509.740,809.416,199.026,680.286,351.412,619.911
564.054,1006.972,509.586,809.663,198.989,680.152,351.507,620.193
563.798,1006.996,509.630,809.848,199.004,680.033,351.539,620.343
563.905,1006.925,509.510,809.879,199.040,680.296,351.801,620.480
563.760,1007.223,509.592,809.467,198.997,680.295,352.323,620.932
564.176,1007.218,509.619,809.609,198.855,683.357,352.667,621.310
564.038,1007.063,509.795,809.826,198.937,680.084,353.023,621.770
563.970,1007.004,509.669,809.888,198.976,679.973,353.318,621.998
564.164,1007.509,509.666,809.683,198.883,683.107,353.522,622.183
564.005,1007.179,509.647,809.700,199.069,679.952,353.454,622.276
564.131,1007.338,509.694,809.735,199.184,679.851,353.363,622.365
564.103,1007.199,509.708,809.660,198.990,679.813,353.411,622.215
564.217,1007.216,509.719,809.579,199.073,679.577,353.532,622.371
564.246,1007.113,509.737,809.788,199.217,680.333,353.766,622.646
564.119,1007.075,509.687,809.710,198.992,680.076,353.563,622.213
564.202,1007.116,509.704,809.573,198.922,681.203,353.784,622.277
564.224,1007.288,509.699,809.686,199.032,680.350,353.769,622.269
564.216,1007.334,509.601,809.571,199.138,680.261,354.151,622.374
564.345,1007.473,509.556,809.676,199.174,680.309,354.072,622.300
564.202,1007.473,509.640,809.623,199.202,680.356,354.327,622.516
564.370,1007.557,509.606,809.758,199.169,680.487,354.467,622.484
564.284,1007.400,509.664,809.748,199.109,679.988,355.026,622.561
564.372,1007.539,509.782,809.693,199.251,680.222,355.356,623.005
564.264,1007.166,509.788,809.417,199.133,679.983,355.230,622.923
564.230,1007.162,509.647,809.573,199.242,680.102,355.490,623.250
563.956,1006.824,509.881,809.415,199.244,680.103,355.565,623.275
564.247,1007.087,509.675,809.414,199.226,680.168,355.646,623.165
564.077,1006.744,509.664,809.470,199.136,680.225,355.824,623.291
564.147,1007.045,509.569,809.796,199.120,680.213,355.811,623.368
564.149,1007.056,509.492,809.936,199.280,680.236,356.045,623.434
564.331,1007.563,509.710,809.649,199.158,680.130,355.555,623.403
564.112,1006.993,509.647,809.515,199.143,680.103,356.086,623.696
564.336,1007.113,509.628,809.701,199.214,680.050,355.742,623.369
564.388,1007.532,509.662,809.634,199.114,680.132,355.891,623.380
564.175,1007.158,509.680,809.457,199.096,680.131,356.125,623.805
564.363,1007.282,509.495,809.660,199.167,680.215,356.593,624.297
564.275,1007.138,509.709,809.635,199.058,680.320,356.474,624.421
564.003,1007.134,509.635,809.716,199.159,680.445,356.555,624.634
564.229,1007.255,509.616,809.727,199.041,679.920,356.862,624.472
564.241,1007.181,509.523,809.884,199.218,679.863,357.259,625.092
564.130,1007.066,509.557,809.577,199.304,679.692,357.514,625.190
564.350,1007.194,509.716,809.671,199.201,679.830,357.442,625.296
564.322,1007.237,509.694,809.574,199.258,679.920,357.659,625.219
564.157,1006.975,509.668,809.661,199.020,680.199,357.553,625.019
564.200,1007.135,509.634,809.823,199.045,680.087,357.629,625.360
564.225,1007.031,509.563,809.750,199.204,680.257,357.279,625.370
564.256,1007.233,509.683,809.730,199.039,680.139,357.376,625.406
564.304,1007.234,509.657,809.453,199.222,680.075,357.523,625.530
564.084,1007.014,509.779,809.536,199.116,680.151,357.676,625.540
564.046,1007.211,509.600,809.655,199.206,680.189,358.116,626.038
564.326,1007.266,509.577,809.864,199.126,680.359,358.873,625.699
564.155,1007.203,509.652,809.419,199.080,680.318,358.603,625.641
564.101,1006.968,509.629,809.761,199.248,681.162,358.569,625.557
564.264,1007.263,509.630,809.851,199.242,680.417,358.783,625.299
564.134,1007.081,509.781,809.396,199.378,680.351,358.535,624.864
564.126,1007.137,509.820,809.501,199.318,680.320,358.660,625.116
564.104,1007.117,509.935,809.350,199.301,680.454,358.413,624.853
564.057,1006.951,509.698,809.658,199.237,680.254,358.440,624.959
564.038,1007.270,509.724,809.431,199.120,680.242,358.374,625.135
564.214,1007.210,509.613,809.763,199.170,680.204,358.426,625.024
563.983,1007.148,509.649,809.713,199.221,680.237,357.862,624.757
564.045,1007.037,509.677,809.597,199.312,680.411,358.115,625.109
564.204,1007.366,509.661,809.700,199.278,683.037,357.990,624.910
564.025,1006.673,509.788,809.562,199.062,683.868,357.990,625.044
564.114,1007.153,509.736,809.553,199.208,680.312,357.841,625.092
564.090,1007.102,509.773,809.378,199.139,682.668,358.430,625.277
564.075,1006.970,509.760,809.312,199.195,680.687,358.234,625.279
564.091,1006.704,509.591,809.786,199.287,680.472,358.537,625.368
564.257,1006.878,509.683,809.558,199.297,680.536,358.576,625.315
564.130,1006.904,509.732,809.634,199.073,680.339,358.292,625.086
564.023,1007.078,509.808,809.595,198.980,680.237,358.629,625.463
564.246,1007.337,509.724,809.647,199.235,680.152,358.877,625.588
564.075,1006.997,509.777,809.353,199.236,679.991,359.143,625.713
564.026,1006.949,509.802,809.315,199.207,680.159,358.432,625.345
564.051,1007.101,509.877,809.233,199.181,680.242,358.147,624.858
563.894,1006.838,509.846,809.326,199.125,680.311,358.066,625.010
564.180,1007.068,509.753,809.629,198.959,680.079,358.069,625.169
564.023,1007.031,509.742,809.559,198.901,680.069,358.583,625.498
564.268,1007.161,509.903,809.280,199.243,680.318,358.674,625.369
564.129,1007.183,509.820,809.543,199.177,680.284,358.311,625.165
564.331,1007.221,509.752,809.373,199.010,680.627,358.864,625.615
564.467,1007.485,509.809,809.366,199.045,680.322,359.246,625.562
564.234,1007.109,509.703,809.416,198.955,680.432,358.583,625.181
564.302,1007.131,509.676,809.437,198.897,680.309,358.449,625.036
564.410,1007.400,509.764,809.253,199.299,680.386,358.999,625.390
564.329,1007.093,509.812,809.181,199.200,680.294,359.112,625.515
564.019,1007.069,509.769,809.323,199.154,680.318,359.232,625.442
564.116,1007.132,509.817,809.149,199.243,680.723,359.007,625.010
564.355,1007.629,509.669,809.591,199.067,680.358,359.062,625.278
564.172,1007.191,509.855,809.323,199.015,680.511,358.932,625.318
564.094,1007.148,509.696,809.633,198.966,680.440,358.858,625.160
564.232,1007.294,509.681,809.623,198.888,680.089,358.435,625.153
564.009,1007.077,509.662,809.575,198.921,680.378,358.551,625.088
564.227,1007.251,509.767,809.359,199.173,680.228,358.299,625.073
564.287,1007.280,509.829,809.207,199.010,680.454,358.117,625.115
563.635,1006.873,509.783,809.544,198.997,680.035,358.848,625.713
564.021,1006.786,509.898,809.311,199.124,680.267,359.005,625.823
564.162,1007.123,509.753,809.436,199.100,679.961,359.324,625.942
564.127,1007.034,509.963,809.246,199.026,680.292,359.351,625.464
563.995,1006.780,509.900,809.217,199.286,680.342,359.391,625.096
564.038,1006.851,509.750,809.393,199.241,680.370,359.318,624.971
564.013,1006.856,509.849,809.416,199.140,680.005,359.107,625.379
564.211,1006.949,509.714,809.240,199.069,680.246,359.698,625.587
564.249,1007.063,509.778,809.301,199.091,680.326,359.906,625.591
564.115,1007.021,509.655,809.714,199.069,680.418,359.715,625.892
564.204,1007.294,509.716,809.704,198.997,680.040,360.817,626.629
564.141,1007.015,509.571,809.854,199.052,680.133,360.098,626.163
563.977,1006.845,509.610,809.785,199.173,680.041,359.593,626.098
564.335,1007.430,509.746,809.682,199.142,680.245,359.319,626.014
564.181,1007.390,509.837,809.677,199.241,680.278,359.493,626.223
564.165,1007.097,509.726,809.798,199.171,680.513,359.802,626.293
564.104,1007.132,509.816,809.530,199.184,680.296,359.660,625.827
564.205,1007.203,509.718,809.683,199.019,680.465,359.934,626.385
564.270,1007.070,509.614,809.849,199.128,680.354,359.409,625.652
564.124,1007.359,509.729,809.738,199.085,680.934,358.780,625.637
564.173,1007.184,509.770,809.515,198.863,683.224,358.728,625.084
564.211,1007.176,509.823,809.398,199.112,680.280,358.876,625.248
564.245,1007.275,509.792,809.551,199.122,680.195,358.980,625.935
564.221,1007.070,509.653,809.518,199.130,680.290,359.122,625.887
564.279,1007.489,509.856,809.342,199.177,680.163,359.634,626.448
564.280,1007.376,509.793,809.514,199.074,679.962,359.730,626.615
564.053,1007.295,509.758,809.658,199.062,680.236,360.129,627.568
564.316,1007.452,509.877,809.588,199.054,680.389,360.332,628.003
564.141,1007.111,509.850,809.776,199.090,680.377,360.124,627.765
564.330,1007.531,509.967,809.533,199.064,680.472,359.560,627.332
564.108,1007.218,509.681,809.691,198.964,680.641,359.023,627.199
564.349,1007.464,509.768,809.773,199.019,682.665,358.665,627.337
564.127,1007.192,509.817,809.583,199.133,679.879,359.156,626.892
564.038,1006.956,509.766,809.733,199.100,680.466,360.396,628.176
564.283,1007.389,509.825,809.684,198.986,680.243,360.143,628.415
564.175,1007.072,509.810,809.244,199.180,680.686,359.785,628.167
564.160,1007.056,510.083,809.153,199.158,680.090,359.451,627.964
564.270,1007.043,509.785,809.506,199.083,679.984,359.734,628.150
564.193,1007.299,509.922,809.307,199.144,680.098,359.861,627.908
564.084,1007.032,509.777,809.736,198.911,679.790,359.957,627.883
564.417,1007.415,509.703,809.759,199.108,680.045,359.985,627.970
564.168,1007.188,509.810,809.255,198.985,680.081,360.005,627.865
563.921,1006.950,509.851,809.255,199.012,680.255,360.035,627.365
563.935,1007.073,509.649,809.813,199.147,680.197,360.289,627.721
563.991,1006.980,509.793,809.532,198.927,680.473,360.472,628.497
564.013,1006.993,509.645,809.671,199.192,680.337,360.452,629.087
563.949,1007.059,509.868,809.261,199.155,680.275,360.372,628.820
564.186,1007.161,509.812,809.341,199.055,680.298,359.742,628.514
564.316,1007.146,509.720,809.688,199.137,680.560,360.028,628.626
564.079,1007.180,509.995,809.196,199.118,680.490,360.175,628.620
563.955,1007.016,509.613,809.593,198.941,680.515,360.017,628.379
564.051,1007.084,509.696,809.481,198.935,680.245,361.147,630.096
563.964,1007.148,509.925,809.377,199.072,680.184,360.983,630.839
564.052,1007.304,509.706,809.594,199.085,680.294,360.738,630.506
564.498,1007.644,509.636,809.641,199.055,680.299,360.631,630.628
564.360,1007.654,509.686,809.695,198.960,680.439,360.928,630.845
564.076,1007.245,509.641,809.787,199.257,680.677,359.754,629.617
564.257,1007.406,509.699,809.865,199.177,680.525,360.713,630.342
563.990,1006.958,509.728,809.630,199.168,680.284,361.347,632.135
563.944,1007.030,509.721,809.619,198.835,683.460,360.780,632.182
564.068,1007.189,509.646,809.842,198.996,680.201,360.602,632.460
564.099,1007.396,509.811,809.469,199.023,680.415,360.335,632.299
564.120,1007.226,509.741,809.637,199.036,680.342,360.042,632.386
564.287,1007.368,509.655,809.746,199.210,679.993,359.547,632.814
564.164,1007.323,509.676,809.656,199.231,680.107,359.882,633.762
564.117,1007.154,509.906,809.645,198.940,680.418,359.930,633.715
564.093,1007.172,509.947,809.654,198.983,680.423,360.183,633.811
564.248,1007.237,509.758,810.005,198.988,680.344,359.501,632.446
563.863,1006.937,509.744,809.750,199.041,680.293,359.834,632.175
564.344,1007.370,509.751,809.661,198.938,680.160,359.496,631.426
564.284,1007.090,509.744,809.739,199.153,680.229,359.137,631.728
564.209,1007.292,509.584,809.677,198.932,683.802,359.372,631.794
564.242,1007.134,509.747,809.707,199.122,680.343,359.934,633.009
564.207,1007.282,509.740,809.644,199.158,680.420,360.763,635.385
564.064,1007.124,509.647,809.960,199.050,680.283,360.435,635.597
564.097,1007.121,509.825,809.738,199.177,680.401,360.326,635.492
563.884,1007.390,509.720,809.717,199.093,680.286,359.962,635.447
564.117,1007.441,509.621,809.870,199.095,680.302,360.059,635.217
564.191,1007.264,509.742,809.721,198.890,680.374,360.493,635.546
564.013,1007.331,509.639,809.770,198.941,680.214,359.791,635.284
564.068,1007.305,509.677,809.815,198.924,680.270,359.476,635.127
564.198,1007.277,509.683,809.856,198.941,680.241,360.065,635.732
564.142,1007.368,509.719,809.612,198.915,679.948,360.406,635.693
564.205,1007.418,509.708,809.711,198.982,680.163,360.099,636.729
564.087,1007.565,509.746,809.433,199.203,680.137,361.038,637.400
564.267,1007.325,509.611,809.691,199.205,680.175,360.475,637.468
564.341,1007.489,509.698,809.669,199.120,680.149,359.951,637.662
564.364,1007.474,509.658,809.757,198.923,680.103,360.468,638.976
564.327,1007.374,509.676,809.750,199.089,680.141,360.764,640.198
564.155,1007.342,509.671,809.568,199.038,680.016,360.609,639.353
564.239,1007.357,509.687,809.746,199.093,680.060,360.934,639.836
564.071,1007.369,509.708,809.698,199.069,680.106,360.333,639.875
564.160,1007.319,509.603,809.984,199.142,679.823,360.048,640.025
564.080,1007.401,509.860,809.621,199.079,680.168,360.066,639.883
564.161,1007.624,509.901,809.545,199.104,680.178,360.479,640.027
564.245,1007.443,509.534,810.050,198.998,680.299,359.931,639.417
563.857,1007.131,509.751,809.670,198.953,680.375,359.956,639.400
563.970,1007.178,509.666,809.842,198.994,680.224,360.071,639.803
564.159,1007.322,509.671,809.648,198.990,680.334,360.433,639.803
564.077,1007.322,509.635,809.617,198.920,679.933,360.269,639.515
564.126,1007.301,509.624,809.775,198.874,680.201,360.426,639.751
564.113,1007.356,509.681,809.596,198.914,680.221,359.814,639.448
564.238,1007.339,509.718,809.678,198.844,679.987,359.726,639.391
564.367,1007.501,509.750,809.683,198.883,680.025,359.622,639.286
564.234,1007.457,509.640,809.751,198.824,682.847,359.899,639.442
564.307,1007.430,509.733,809.757,199.106,680.046,360.051,639.385
564.305,1007.278,509.704,809.816,198.913,680.161,359.524,638.958
564.215,1007.230,509.657,809.839,198.961,680.377,359.965,639.327
564.417,1007.416,509.653,809.803,199.024,680.124,360.207,639.404
564.183,1007.281,509.666,809.900,198.953,680.187,360.051,639.355
564.339,1007.363,509.877,809.604,198.828,680.149,360.172,639.466
564.201,1007.530,509.765,809.520,199.154,679.758,359.514,638.864
564.171,1007.479,509.816,809.489,199.132,680.070,359.874,639.002
564.173,1007.457,509.702,809.895,198.992,679.709,360.471,639.128
564.139,1007.421,509.750,809.818,199.140,680.232,360.883,639.507
564.054,1007.337,509.703,809.733,199.042,680.308,361.147,639.810
564.157,1007.255,509.815,809.672,199.078,680.208,361.225,640.110
564.289,1007.399,509.647,809.802,198.972,680.085,360.784,640.013
564.097,1007.167,509.679,809.723,199.067,680.121,360.944,640.216
564.276,1007.360,509.736,809.717,199.185,680.124,361.213,640.283
564.131,1007.249,509.693,809.509,199.088,679.667,360.071,639.408
564.136,1007.247,509.638,809.687,199.066,679.904,360.997,639.840
564.168,1006.941,509.893,809.250,199.071,679.563,361.095,639.825
564.095,1007.020,509.761,809.413,199.055,680.030,360.948,639.952
564.213,1007.441,509.731,809.544,199.066,680.190,360.464,639.445
564.094,1007.181,509.780,809.491,199.170,680.116,360.608,639.557
564.442,1007.461,509.743,809.457,199.187,680.010,360.322,639.699
564.117,1007.386,509.928,809.363,199.050,680.108,360.293,639.694
564.042,1007.101,509.708,809.583,199.097,680.219,360.411,639.565
564.124,1007.306,509.821,809.515,199.141,680.101,360.447,639.535
564.164,1007.237,509.837,809.332,199.101,680.325,360.637,639.762
564.238,1007.300,509.769,809.456,199.040,680.150,360.506,639.501
563.880,1007.046,509.759,809.572,199.031,679.764,360.412,639.592
564.038,1007.358,509.704,809.671,199.150,679.902,360.439,639.721
564.139,1007.131,509.825,809.470,199.127,679.952,360.659,639.868
564.206,1007.180,509.650,809.458,199.103,680.287,360.537,639.686
564.066,1007.260,509.756,809.516,199.249,680.057,360.842,639.886
564.113,1007.343,509.910,809.622,199.164,680.113,360.841,639.771
564.021,1007.344,509.736,809.708,199.189,680.190,361.281,640.164
564.148,1007.139,509.859,809.552,199.073,683.247,361.369,639.928
564.125,1007.113,509.816,809.407,199.253,680.332,361.481,640.042
564.409,1007.453,509.792,809.477,199.139,679.924,361.283,639.846
564.099,1006.960,509.910,809.476,199.218,680.122,360.698,639.378
564.051,1007.263,509.730,809.593,199.007,679.735,361.402,639.765
564.241,1007.306,509.818,809.528,199.130,680.326,361.559,639.821
564.219,1007.395,509.720,809.375,199.120,680.347,361.669,639.637
564.174,1007.342,509.669,809.479,199.179,680.425,361.378,639.519
564.183,1007.209,509.664,809.727,199.176,680.227,361.219,639.367
564.213,1007.295,509.718,809.552,199.036,680.146,361.102,638.887
564.288,1007.458,509.728,809.518,199.056,679.935,361.321,639.143
564.546,1007.934,509.784,809.586,199.048,680.461,361.118,638.737
564.451,1007.595,509.787,809.415,198.980,679.908,361.361,639.074
564.341,1007.591,509.921,809.493,199.088,680.620,360.804,639.084
564.352,1007.558,509.970,809.415,199.027,680.116,360.944,639.015
564.434,1007.394,509.911,809.282,199.058,680.211,360.764,638.879
564.626,1007.849,509.816,809.412,199.085,680.156,361.091,639.074
564.309,1007.475,509.725,809.596,199.116,680.313,361.342,639.575
564.258,1007.463,509.779,809.412,199.106,680.304,361.338,639.922
564.138,1007.414,509.945,809.518,199.146,679.982,361.167,640.094
564.242,1007.448,509.885,809.402,199.068,680.248,360.784,639.993
564.081,1007.360,509.849,809.476,199.150,680.313,360.727,639.693
564.070,1006.991,509.591,809.526,199.149,680.565,361.164,639.662
564.444,1007.370,509.710,809.809,199.004,680.302,361.610,639.883
564.325,1007.453,509.692,809.677,199.216,680.353,361.416,639.727
564.428,1007.586,509.689,809.761,199.108,680.484,361.636,639.750
564.143,1007.200,509.660,809.487,199.030,680.490,361.508,640.165
564.415,1007.420,509.629,809.661,198.945,680.391,361.189,639.493
564.266,1007.418,509.909,809.535,199.043,680.317,360.807,639.689
564.328,1007.246,509.692,809.782,199.074,680.210,361.047,639.720
564.390,1007.614,509.793,809.482,199.131,680.437,361.658,639.785
564.143,1007.122,509.827,809.367,199.160,680.401,361.654,639.530
564.624,1007.877,509.779,809.674,198.984,680.525,360.967,639.243
564.309,1007.403,509.759,809.672,199.153,680.297,360.962,639.173
564.282,1007.235,509.802,809.700,199.113,680.538,360.551,639.144
564.337,1007.546,509.839,809.601,198.968,683.397,360.387,638.999
564.234,1007.494,509.846,809.704,199.113,680.796,360.790,639.235
564.178,1007.357,509.757,809.528,198.921,680.787,361.573,639.452
564.224,1007.449,509.876,809.692,199.016,681.274,361.503,639.198
564.032,1007.208,509.790,809.739,199.034,681.317,362.113,639.655
563.931,1007.139,509.737,809.771,199.050,681.022,362.188,640.223
564.198,1007.263,509.907,809.454,199.096,680.350,361.626,639.752
563.938,1007.138,509.894,809.397,199.086,680.475,361.441,639.678
564.184,1007.328,509.838,809.497,198.405,680.044,361.307,639.778
564.228,1007.430,509.754,809.567,198.263,683.865,361.691,639.782
564.074,1007.139,509.825,809.324,199.261,680.154,361.994,639.843
564.388,1007.494,510.054,809.030,198.278,680.275,362.092,639.951
564.289,1007.580,510.003,809.342,198.922,680.318,361.967,639.145
564.172,1007.446,509.874,809.716,199.083,680.334,362.485,639.263
564.410,1007.822,509.836,809.644,199.007,680.482,362.807,639.921
564.465,1007.645,509.948,809.456,198.989,680.340,362.915,639.901
564.383,1007.713,509.951,809.436,199.005,680.291,362.560,640.171
564.343,1007.426,509.768,809.657,199.166,680.668,363.972,641.366
564.355,1007.486,509.785,809.627,199.127,680.574,364.490,641.552
563.956,1007.007,509.824,809.582,199.008,680.141,363.984,641.502
564.284,1007.190,509.907,809.515,199.133,680.245,363.458,640.837
564.295,1007.292,509.829,809.593,198.934,683.184,363.449,640.924
564.157,1007.185,509.779,809.518,199.009,681.194,364.638,641.546
564.331,1007.501,509.848,809.489,199.006,680.184,364.634,641.167
564.117,1007.309,509.753,809.655,199.103,680.060,364.818,641.135
564.458,1007.474,509.894,809.585,199.142,680.381,364.866,641.176
564.408,1007.331,509.821,809.479,199.169,680.506,365.231,641.221
564.167,1007.192,509.848,809.437,199.242,680.367,365.241,641.688
564.163,1007.415,509.774,809.429,199.094,680.202,366.616,642.397
564.110,1007.340,509.845,809.377,199.137,680.196,365.342,642.123
564.356,1007.384,509.568,809.753,199.138,680.335,366.355,641.968
564.250,1007.296,509.712,809.748,199.162,680.278,366.734,642.132
564.206,1007.470,509.812,809.542,199.110,680.316,366.252,642.137
564.313,1007.455,509.834,809.354,199.100,680.341,366.579,642.184
564.213,1007.321,510.007,809.486,199.091,680.466,366.609,642.449
563.978,1007.404,509.880,809.452,199.129,680.270,366.566,642.679
564.029,1007.440,509.830,809.359,199.021,680.511,366.618,642.796
564.151,1007.308,509.708,809.693,199.168,680.574,366.784,643.270
564.097,1007.244,509.944,809.500,199.127,680.422,366.504,642.943
563.896,1007.078,509.759,809.717,199.223,680.335,366.654,642.441
563.896,1007.002,509.971,809.526,199.182,680.387,366.880,642.255
564.298,1007.319,509.712,809.568,199.186,680.111,366.611,642.886
563.903,1006.963,509.780,809.484,199.140,680.126,366.507,642.714
564.042,1007.350,509.956,809.565,199.009,680.535,366.008,641.957
563.996,1007.057,509.875,809.551,199.116,680.226,366.836,642.413
564.223,1007.335,509.641,809.901,199.244,680.157,366.083,643.405
564.246,1007.428,509.703,809.588,199.201,680.331,366.232,642.389
563.821,1006.695,509.603,809.894,198.983,680.203,365.491,641.505
563.907,1007.043,509.655,809.876,198.959,680.136,365.187,641.367
564.070,1007.024,509.750,809.811,199.132,680.162,364.962,642.396
563.880,1006.874,509.848,809.446,199.147,680.205,364.508,643.029
564.177,1007.326,509.663,809.857,199.097,680.337,365.451,642.953
563.963,1006.994,509.510,810.079,199.096,680.288,365.969,642.974
564.263,1007.720,509.562,809.889,199.058,680.135,364.723,641.927
564.356,1007.713,509.852,809.475,199.146,680.021,364.803,642.384
564.377,1007.661,509.854,809.499,199.166,680.196,365.164,642.208
564.412,1007.351,509.692,809.786,199.105,680.380,364.875,642.168
564.438,1007.513,509.831,809.627,199.106,680.161,364.963,642.058
564.134,1007.081,509.842,809.733,199.089,680.306,365.125,641.407
564.196,1007.241,509.889,809.902,199.182,679.996,365.783,642.611
564.335,1007.558,509.870,809.539,198.962,679.794,365.150,642.330
564.336,1007.562,509.893,809.529,199.198,679.585,365.397,642.653
564.034,1007.201,509.916,809.502,198.886,680.164,365.888,643.305
564.069,1006.954,509.870,809.642,198.870,679.892,366.362,643.467
564.125,1007.203,509.824,809.669,199.076,680.294,366.802,643.887
564.284,1007.435,509.752,809.820,198.952,680.311,367.176,644.061
564.322,1007.364,509.760,809.638,199.075,683.146,366.782,644.063
564.210,1007.329,509.617,809.594,198.774,680.093,366.284,643.114
564.157,1007.233,509.654,809.646,198.883,680.175,365.973,642.752
564.338,1007.272,509.700,809.691,199.095,680.205,365.888,643.702
564.154,1007.040,509.817,809.632,199.146,680.242,365.904,643.744
564.478,1007.330,510.005,809.347,199.182,680.143,365.526,643.669
564.308,1007.707,509.826,809.534,199.093,680.300,365.534,643.904
564.174,1007.351,509.868,809.696,199.175,679.947,365.471,643.915
564.134,1007.380,509.816,809.658,199.203,679.920,365.789,645.447
564.272,1007.266,509.847,809.604,199.012,680.230,366.095,647.508
564.155,1007.284,509.774,809.472,199.117,680.988,365.966,647.235
564.113,1007.358,509.798,809.699,199.142,681.190,366.025,647.480
564.153,1007.482,509.970,809.619,199.164,680.503,366.075,647.520
564.171,1007.183,509.862,809.837,198.441,680.682,366.145,647.866
564.206,1007.401,509.930,809.546,198.760,681.127,366.517,648.174
564.307,1007.434,509.840,809.850,198.939,679.771,367.232,649.684
564.193,1007.353,509.781,809.739,199.113,681.190,366.391,649.814
564.236,1007.369,509.705,809.793,199.135,679.925,366.685,650.225
563.997,1007.240,509.717,809.673,199.045,680.152,367.434,651.069
564.188,1007.382,509.645,809.792,199.083,679.901,367.658,651.414
564.001,1007.115,509.632,809.767,199.276,680.302,369.002,652.152
563.991,1007.057,509.729,809.679,199.210,680.124,368.492,651.690
563.902,1007.128,509.824,809.743,199.037,680.009,368.432,651.453
563.912,1006.997,509.711,809.701,199.103,680.313,367.979,651.125
564.185,1007.365,509.890,809.344,199.169,680.172,369.264,651.116
564.091,1007.079,509.711,809.715,199.358,680.365,370.913,651.657
564.034,1007.050,509.830,809.633,199.190,680.263,371.298,651.255
564.223,1007.212,509.790,809.818,199.142,679.802,371.374,651.579
564.248,1007.022,509.695,810.040,199.113,679.740,371.452,652.041
564.176,1007.038,509.576,810.049,199.156,680.207,372.471,653.212
563.899,1006.919,509.579,809.949,199.100,680.335,373.318,653.497
564.025,1007.038,509.926,809.494,199.114,680.071,373.404,653.995
564.335,1007.327,509.704,809.729,198.996,679.813,373.885,654.783
564.013,1007.001,509.878,809.678,199.213,679.979,374.762,655.877
564.090,1007.275,509.767,809.771,199.121,680.220,375.305,656.247
564.066,1007.109,509.795,809.603,199.183,680.080,375.191,656.509
564.036,1007.161,509.709,809.715,199.243,680.178,374.805,656.320
564.287,1007.512,509.797,809.793,199.061,679.888,374.700,656.368
564.365,1007.625,509.814,809.626,199.096,679.554,375.214,656.742
564.380,1007.402,509.854,809.627,199.255,680.279,375.908,657.309
564.295,1007.115,509.812,809.497,198.912,680.402,376.324,657.938
564.263,1007.100,509.955,809.612,198.838,680.457,376.524,658.237
564.187,1007.268,509.845,809.654,198.984,679.915,376.315,658.350
564.298,1007.493,509.857,809.704,199.036,679.796,375.573,658.190
564.206,1006.952,509.690,809.793,199.213,679.655,375.435,658.245
564.300,1007.049,509.683,809.838,199.170,679.753,375.301,658.172
564.166,1007.183,509.616,809.793,199.108,679.950,375.338,658.674
564.020,1006.888,509.731,809.574,199.236,680.017,375.687,659.155
564.073,1007.283,509.732,809.561,199.182,679.920,376.223,659.654
564.236,1007.399,509.728,809.744,199.149,679.785,375.944,660.017
564.020,1007.073,509.858,809.522,199.173,680.150,376.241,661.161
564.219,1006.994,509.808,809.469,199.250,680.228,376.558,662.351
563.915,1007.291,509.729,809.619,199.159,680.298,376.226,662.696
563.896,1007.278,509.808,809.597,199.079,680.239,376.624,663.695
563.960,1007.278,509.792,809.776,199.260,680.103,376.667,664.394
564.208,1007.367,509.968,809.591,199.214,680.363,377.494,666.411
564.147,1007.281,509.969,809.625,199.160,680.169,377.733,666.539
564.201,1007.299,509.800,809.685,199.048,680.270,377.529,666.509
564.201,1007.243,509.939,809.608,199.172,680.093,377.226,666.191
564.155,1007.243,509.828,809.532,198.976,683.479,376.949,666.142
564.318,1007.359,509.687,809.536,199.071,683.492,377.360,666.428
564.243,1007.404,509.762,809.667,198.884,681.118,377.934,667.039
564.225,1007.463,509.816,809.591,198.878,683.323,377.827,667.217
564.168,1007.317,509.841,809.643,198.754,683.216,377.760,667.468
564.239,1007.096,509.898,809.425,198.752,683.542,377.572,667.277
564.165,1007.243,509.706,809.566,199.019,680.266,378.047,667.994
564.094,1006.985,509.697,809.882,198.899,680.047,378.622,668.349
564.043,1006.961,509.786,809.694,198.882,679.864,379.323,669.100
564.317,1007.185,509.770,809.583,199.048,683.028,379.007,669.537
564.314,1007.054,509.722,809.568,199.157,680.057,378.882,669.319
564.149,1006.983,509.779,809.624,199.212,680.182,379.559,670.151
564.258,1007.280,509.663,809.632,199.299,680.422,380.208,670.265
564.207,1007.371,509.566,809.838,199.082,680.435,381.850,671.901
564.367,1007.416,509.626,809.868,199.026,680.472,382.336,672.174
564.310,1007.375,509.772,809.602,198.903,680.288,382.868,672.832
564.308,1007.196,509.801,809.595,198.965,680.238,383.083,673.551
564.106,1006.998,509.762,809.672,199.201,680.173,382.563,673.767
564.059,1006.854,509.870,809.739,198.972,683.187,381.966,673.445
563.959,1006.942,509.860,809.560,198.870,680.215,381.936,673.431
563.912,1006.885,509.805,809.660,198.957,680.303,382.554,673.488
563.985,1007.024,509.831,809.685,198.830,680.395,383.349,673.910
564.054,1007.204,509.837,809.665,198.753,680.471,383.970,674.485
563.856,1006.967,509.806,809.654,198.786,680.437,383.803,674.422
563.817,1007.020,509.747,809.952,198.873,680.322,383.503,674.024
563.930,1007.028,509.777,809.865,198.923,680.301,383.926,674.328
564.209,1007.146,509.923,809.433,198.738,680.285,383.463,674.252
564.339,1007.346,509.874,809.499,198.863,683.043,383.485,674.046
564.217,1007.251,509.772,809.665,199.080,680.140,383.610,674.210
564.190,1007.197,509.835,809.600,199.024,680.100,383.455,674.276
564.383,1007.295,509.808,809.556,199.088,679.868,383.238,674.276
564.270,1007.305,509.884,809.483,198.902,680.064,383.161,674.393
564.066,1006.916,509.850,809.682,198.968,680.163,383.282,674.306
564.299,1007.283,509.987,809.224,199.086,680.751,383.576,674.613
564.239,1007.428,509.873,809.537,199.002,680.492,383.444,674.290
564.130,1006.973,509.824,809.521,198.867,682.343,383.689,674.660
564.273,1007.328,509.833,809.700,198.947,682.559,383.871,674.764
564.095,1007.133,509.702,809.634,198.871,682.714,383.745,674.704
564.167,1007.178,509.690,809.680,198.971,680.913,383.663,674.456
564.025,1007.146,509.758,809.490,199.172,680.032,383.813,674.764
564.101,1007.306,509.702,809.659,199.106,679.852,383.805,675.055
563.832,1006.981,509.772,809.471,199.045,683.065,383.529,675.093
563.950,1006.814,509.773,809.571,199.088,682.635,383.433,675.003
564.033,1007.057,509.752,809.533,199.087,679.778,383.632,675.150
564.176,1007.256,509.817,809.603,198.976,680.334,383.441,675.407
564.088,1007.293,509.754,809.564,198.889,682.994,383.538,675.438
564.317,1007.418,509.788,809.629,199.045,679.984,383.974,675.691
564.390,1007.525,509.904,809.373,199.098,679.993,384.846,676.306
564.458,1007.551,509.865,809.554,199.098,680.172,383.995,676.284
564.499,1007.517,509.907,809.551,199.116,680.335,383.669,676.506
564.192,1007.638,509.870,809.531,199.104,680.282,383.243,677.169
564.077,1007.467,509.979,809.424,199.113,680.439,383.520,677.959
564.163,1007.478,509.687,809.556,199.093,680.163,383.111,678.192
564.106,1007.312,509.798,809.582,199.092,680.348,383.355,679.183
564.065,1006.957,509.794,809.321,199.225,680.243,383.783,680.193
564.154,1007.380,509.850,809.261,199.099,683.101,383.996,680.478
564.113,1007.262,509.875,809.415,199.197,680.431,384.030,680.820
564.051,1007.357,509.855,809.334,199.265,680.263,383.291,680.442
564.015,1007.122,509.814,809.762,199.063,683.316,382.839,680.403
564.014,1006.933,509.788,809.826,199.144,680.204,382.728,680.857
563.916,1006.989,509.844,809.729,199.137,680.060,382.720,680.905
563.926,1006.896,509.875,809.592,199.119,680.200,383.470,681.535
563.975,1006.754,509.930,809.568,198.999,680.463,383.414,681.332
564.074,1007.139,509.955,809.038,199.153,680.160,383.583,681.512
563.930,1007.007,509.753,809.602,199.128,679.695,384.101,681.719
564.107,1007.117,509.894,809.041,199.059,680.489,383.398,681.535
564.058,1007.113,510.616,808.678,199.047,680.169,383.417,681.772
564.068,1007.288,510.648,808.759,199.229,680.430,383.325,681.594
563.995,1007.088,511.389,808.588,199.298,680.587,383.311,681.578
563.761,1006.924,511.516,808.521,198.965,683.716,383.265,681.603
563.980,1007.470,511.381,808.501,199.156,683.716,383.239,681.471
564.301,1007.435,511.045,808.313,198.996,683.496,383.671,681.965
564.374,1007.430,511.053,807.840,199.172,680.386,383.960,682.505
564.287,1007.358,510.722,807.798,199.099,680.444,383.379,682.665
564.170,1007.402,510.421,807.827,198.899,683.652,383.592,683.311
564.062,1007.415,510.090,807.976,199.211,680.585,384.304,683.625
564.184,1007.169,509.477,808.482,199.120,680.393,384.378,683.404
564.286,1007.336,509.198,808.956,199.127,681.232,384.031,683.906
563.917,1007.283,508.765,809.424,199.001,680.385,384.151,684.178
564.201,1007.324,508.452,809.627,198.988,680.379,384.049,683.855
564.144,1007.224,508.412,809.807,199.023,680.502,384.339,683.591
564.218,1007.374,508.107,809.609,199.019,683.625,384.863,683.861
564.233,1007.341,508.045,810.080,199.135,681.366,384.834,683.843
564.229,1007.351,508.088,810.481,199.260,680.734,385.041,683.844
564.294,1007.651,507.532,811.205,199.041,681.268,384.910,683.866
564.264,1007.622,507.251,811.681,199.079,680.786,385.220,684.067
564.290,1007.614,507.033,811.868,199.181,680.435,385.378,684.109
564.247,1007.590,507.210,811.528,199.068,682.968,385.089,683.894
564.285,1007.428,507.552,811.403,199.116,680.192,385.517,684.167
564.165,1007.270,507.439,811.751,198.957,680.425,385.607,684.079
564.055,1007.327,507.326,811.815,199.112,680.264,385.350,683.952
564.141,1007.338,507.729,812.118,198.409,680.207,385.224,683.635
564.169,1007.533,507.397,811.862,199.104,680.103,385.184,683.755
564.195,1007.451,507.454,811.914,199.184,680.307,385.306,683.930
564.328,1007.497,507.401,812.206,199.248,679.759,385.086,683.739
564.222,1007.448,508.050,811.529,199.246,680.327,384.844,683.633
564.206,1007.379,508.182,811.610,199.136,680.839,384.862,683.652
564.052,1007.331,508.200,811.301,199.217,680.369,384.934,683.804
564.098,1007.345,508.468,811.606,199.199,680.422,384.819,683.653
564.167,1007.440,508.506,811.484,199.310,680.230,384.837,683.679
564.049,1007.374,508.228,811.797,199.105,680.326,384.976,683.786
564.032,1007.233,508.090,811.702,199.120,680.343,384.783,683.554
564.141,1007.446,508.351,811.982,199.241,680.308,384.741,683.431
564.084,1007.502,508.331,811.824,199.233,680.216,384.970,683.572
564.013,1007.433,508.331,811.716,199.252,679.951,384.784,683.517
564.076,1007.436,508.548,811.668,199.223,679.983,384.722,683.568
564.215,1007.528,509.014,811.591,199.150,680.504,384.849,683.631
564.121,1007.341,509.188,811.781,199.165,680.570,384.849,683.727
563.988,1007.007,509.320,811.418,199.154,680.091,384.893,683.548
563.988,1006.968,509.300,811.315,199.001,680.399,384.944,683.690
563.925,1007.010,509.221,812.124,199.163,680.176,384.684,683.425
563.881,1007.280,509.299,812.421,199.049,680.232,384.878,683.750
564.038,1007.332,509.328,813.298,199.247,680.281,384.644,683.456
564.043,1007.235,508.994,813.615,199.223,680.405,384.757,683.681
563.925,1007.201,509.013,813.785,199.063,683.332,384.757,683.619
564.034,1007.183,508.988,814.111,199.042,682.993,384.832,683.816
563.999,1007.368,508.926,814.050,199.197,680.510,384.906,683.720
564.261,1007.293,509.013,813.734,198.861,680.464,384.720,683.570
564.218,1007.305,509.115,813.688,198.824,680.477,384.924,683.863
564.214,1007.178,509.186,813.458,199.343,680.332,384.598,683.418
564.153,1007.346,509.252,813.409,199.234,681.135,384.621,683.460
564.358,1007.551,509.102,813.602,199.113,683.188,384.626,683.510
564.452,1007.515,509.117,813.649,199.177,680.160,384.660,683.527
564.300,1007.520,508.923,813.750,199.139,680.332,384.697,683.684
564.109,1007.322,509.019,813.872,199.068,680.352,384.883,683.589
564.247,1007.186,509.136,813.521,199.003,680.194,384.735,683.616
564.062,1007.324,508.973,813.782,199.292,679.809,384.943,683.765
564.010,1007.312,509.025,813.762,199.148,679.681,384.685,683.616
564.080,1007.237,509.091,813.637,199.114,681.179,384.822,683.730
564.134,1007.212,509.299,813.452,199.122,680.611,384.627,683.556
564.231,1007.471,509.454,813.213,199.214,680.548,384.740,683.617
563.994,1007.385,509.540,813.014,199.285,680.513,384.662,683.532
564.096,1007.363,509.547,812.901,199.250,680.365,384.995,683.620
564.060,1007.238,509.540,812.935,199.298,680.157,385.051,683.680
563.997,1007.096,509.864,812.662,199.071,680.294,384.988,683.650
564.241,1007.324,509.567,813.099,199.012,680.355,384.857,683.645
564.112,1007.379,509.702,812.958,199.066,679.964,384.900,683.678
564.080,1007.314,509.702,812.683,199.106,680.278,384.823,683.727
563.889,1007.248,509.688,812.773,198.994,683.276,384.850,683.691
564.011,1007.186,509.770,812.690,199.222,680.355,384.829,683.884
563.805,1006.704,509.816,812.612,199.125,679.829,384.741,683.827
564.257,1007.286,509.860,812.527,199.191,680.039,384.631,683.536
563.967,1007.080,509.674,813.021,199.133,680.081,384.621,683.556
564.126,1007.206,509.693,813.193,199.100,680.301,384.668,683.442
564.252,1007.419,509.681,813.099,198.920,683.792,384.747,683.553
564.114,1007.136,509.549,813.030,199.148,680.438,384.759,683.535
564.223,1007.369,509.617,812.931,199.063,680.563,384.484,683.343
564.139,1007.066,509.595,812.980,198.902,680.291,384.687,683.600
564.146,1007.174,509.756,812.815,198.881,683.158,384.638,683.633
564.092,1007.256,509.657,812.959,198.985,680.134,384.701,683.674
564.189,1007.404,509.487,813.139,198.949,680.322,384.746,683.752
564.287,1007.465,509.449,813.261,198.890,680.568,384.847,683.780
564.078,1007.391,509.597,813.163,198.955,680.282,384.612,683.512
564.254,1007.469,509.542,813.294,198.934,680.466,384.628,683.564
564.273,1007.424,509.466,813.264,199.077,679.856,384.891,683.890
564.224,1007.446,509.433,813.375,198.999,680.266,384.817,683.847
564.058,1007.247,509.538,813.262,199.117,679.910,384.802,683.650
564.315,1007.542,509.595,813.266,199.155,680.039,384.683,683.575
564.318,1007.374,509.729,813.133,199.075,680.402,384.550,683.593
564.218,1007.713,509.637,813.080,199.089,680.300,384.691,683.490
564.118,1007.399,509.654,813.183,199.112,680.051,384.635,683.535
564.309,1007.634,509.691,813.197,199.139,680.086,384.678,683.486
564.186,1007.349,509.613,813.320,199.149,680.406,384.539,683.224
564.238,1007.225,509.636,813.446,198.920,679.888,384.489,683.523
564.295,1007.233,509.591,813.434,198.867,683.321,384.593,683.557
564.200,1007.448,509.554,813.430,198.974,681.153,384.737,683.651
564.390,1007.524,509.595,813.437,199.092,680.966,384.713,683.778
564.430,1007.645,509.567,813.335,198.982,680.522,384.765,683.661
564.403,1007.713,509.615,813.271,199.008,680.575,384.696,683.649
564.214,1007.233,509.667,813.303,198.784,679.809,384.726,683.545
564.297,1007.472,509.534,813.362,198.644,680.829,384.832,683.737
564.100,1007.022,509.360,813.440,198.290,680.138,384.667,683.425
564.140,1007.314,509.381,813.468,198.918,680.061,384.590,683.406
564.147,1007.462,509.694,813.131,199.338,680.321,384.706,683.502
564.199,1007.304,509.569,813.287,199.377,680.448,384.841,683.617
564.051,1007.229,509.636,813.227,199.297,680.327,384.602,683.371
564.220,1007.528,509.566,813.316,199.360,680.747,384.367,683.386
564.239,1007.613,509.532,813.372,199.356,680.534,384.428,683.390
564.070,1007.157,509.400,813.368,199.092,679.919,384.454,683.539
564.238,1007.306,509.452,813.380,199.104,680.564,384.526,683.573
564.341,1007.525,509.557,813.209,198.829,679.844,384.539,683.455
564.223,1007.552,509.476,813.309,198.927,680.147,384.676,683.622
564.208,1007.372,509.294,813.618,199.026,679.887,384.567,683.549
564.220,1007.362,509.438,813.456,198.917,679.987,384.645,683.639
564.024,1007.284,509.384,813.447,199.314,680.251,384.237,683.230
564.131,1007.447,509.296,813.424,199.302,680.393,384.407,683.350
563.799,1007.235,509.446,813.478,199.202,680.367,384.389,683.370
564.048,1007.479,509.642,813.374,199.265,680.103,384.445,683.421
564.099,1007.193,509.798,813.240,199.163,680.445,384.440,683.570
564.018,1007.606,509.696,813.232,199.142,679.986,384.895,683.782
564.132,1007.569,509.738,813.155,199.100,680.250,384.722,683.621
564.290,1007.541,509.739,813.268,199.246,680.354,384.570,683.538
564.328,1007.582,509.713,813.276,199.131,680.349,384.364,683.440
564.294,1007.456,509.672,813.282,199.168,680.485,384.425,683.480
564.270,1007.384,509.718,813.194,199.044,680.515,384.520,683.607
564.126,1007.396,509.744,813.223,199.330,680.264,384.521,683.543
564.214,1007.392,509.808,813.042,199.187,680.180,384.574,683.598
564.279,1007.434,509.559,813.378,198.977,680.701,384.810,683.712
564.216,1007.359,509.710,813.367,199.202,680.344,384.743,683.636
564.280,1007.485,509.601,813.321,199.106,679.977,384.631,683.426
564.273,1007.551,509.628,813.321,199.064,680.414,384.425,683.346
564.342,1007.581,509.643,813.180,199.115,680.424,384.201,683.344
564.352,1007.611,509.577,813.130,199.062,679.897,384.315,683.228
564.140,1007.326,509.622,813.089,199.114,680.231,384.302,683.258
564.216,1007.278,509.577,813.541,199.157,680.370,384.527,683.272
564.413,1007.643,509.595,813.346,199.006,683.398,384.478,683.352
564.281,1007.380,509.565,813.539,199.268,680.208,384.432,683.459
564.234,1007.436,509.660,813.468,199.254,680.385,384.316,683.375
564.230,1007.507,509.594,813.340,199.111,680.174,384.468,683.419
564.126,1007.439,509.597,813.414,198.918,683.191,384.573,683.456
564.421,1007.619,509.664,813.334,199.202,680.326,384.638,683.391
564.255,1007.309,509.667,813.344,199.122,680.187,384.759,683.690
564.157,1007.039,509.783,813.165,199.229,680.474,384.657,683.345
564.304,1007.443,509.744,813.207,198.875,680.587,384.802,683.558
564.388,1007.360,509.498,813.454,198.957,683.770,384.584,683.464
564.141,1007.228,509.564,813.459,199.032,679.985,384.508,683.455
564.151,1007.241,509.572,813.450,199.016,680.212,384.440,683.391
564.229,1007.238,509.729,813.150,199.065,680.066,384.388,683.545
564.391,1007.387,509.777,813.176,199.104,680.263,384.233,683.259
564.264,1007.517,509.567,813.423,199.023,680.271,384.558,683.621
564.371,1007.596,509.633,813.412,198.985,680.296,384.582,683.618
564.239,1007.557,509.537,813.530,199.229,679.773,384.515,683.504
564.053,1007.425,509.510,813.436,199.171,680.024,384.533,683.675
564.080,1007.135,509.490,813.430,198.966,680.322,384.208,683.341
564.127,1007.089,509.602,813.317,199.040,680.394,384.537,683.503
564.188,1007.383,509.487,813.427,199.021,680.037,384.502,683.299
564.412,1007.545,509.457,813.440,199.045,680.478,384.299,683.227
564.296,1007.442,509.557,813.431,199.145,680.168,384.174,683.246
564.273,1007.334,509.697,813.380,199.094,680.144,384.415,683.188
564.304,1007.537,509.669,813.360,199.020,680.332,384.446,683.447
564.385,1007.460,509.474,813.363,198.864,680.386,384.228,683.222
564.405,1007.525,509.555,813.487,199.070,680.356,384.404,683.464
564.428,1007.448,509.607,813.301,199.159,680.253,384.500,683.391
564.462,1007.514,509.588,813.393,199.163,680.420,384.417,683.433
564.319,1007.458,509.639,813.563,199.102,680.206,384.396,683.404
564.397,1007.442,509.644,813.465,199.176,680.358,384.490,683.452
564.385,1007.475,509.643,813.261,199.285,680.235,384.710,683.550
564.306,1007.552,509.754,813.177,199.058,680.152,384.715,683.621
564.267,1007.567,509.688,813.376,198.379,680.754,384.330,683.431
564.405,1007.610,509.591,813.416,199.150,680.359,384.355,683.450
564.138,1007.402,509.520,813.530,198.371,680.322,384.474,683.384
564.062,1007.252,509.499,813.394,199.062,680.318,384.544,683.589
564.241,1007.347,509.361,813.516,199.224,680.356,384.364,683.496
564.515,1007.477,509.453,813.534,199.189,680.262,384.449,683.430
564.267,1007.369,509.611,813.393,198.987,680.520,384.555,683.538
564.527,1007.674,509.591,813.427,199.335,680.350,384.403,683.607
564.302,1007.491,509.408,813.529,199.222,680.436,384.505,683.551
564.170,1007.126,509.419,813.477,199.204,680.407,384.201,683.382
564.261,1007.386,509.571,813.480,199.173,679.932,384.222,683.437
564.098,1007.390,509.439,813.567,199.158,680.122,384.280,683.318
564.102,1007.323,509.512,813.585,199.331,680.344,384.252,683.244
564.399,1007.579,509.556,813.494,199.236,681.063,384.213,683.160
564.373,1007.428,509.552,813.467,199.338,679.830,384.351,683.395
564.257,1007.346,509.484,813.521,199.344,679.860,384.618,683.621
564.414,1007.494,509.407,813.652,199.260,679.636,384.552,683.408
564.530,1007.514,509.424,813.594,199.209,680.263,384.367,683.389
564.293,1007.411,509.705,813.414,199.125,679.796,384.470,683.423
564.280,1007.556,509.659,813.255,199.083,679.831,384.473,683.391
564.482,1007.562,509.631,813.301,199.243,680.355,384.334,683.443
564.562,1007.671,509.685,813.263,199.140,680.603,384.556,683.512
564.359,1007.475,509.483,813.403,199.342,680.300,384.491,683.454
564.441,1007.534,509.475,813.379,199.326,680.120,384.473,683.514
564.427,1007.665,509.533,813.476,199.354,680.246,384.323,683.504
564.525,1007.893,509.510,813.539,199.372,680.062,384.431,683.593
564.282,1007.807,509.537,813.331,199.052,680.309,384.273,683.469
564.510,1007.599,509.699,813.409,199.227,680.583,384.239,683.378
564.229,1007.630,509.628,813.435,199.108,683.523,384.320,683.443
564.002,1007.007,509.640,813.484,199.207,680.623,384.548,683.528
564.395,1007.551,509.514,813.414,199.134,680.662,384.379,683.468
564.310,1007.276,509.595,813.402,199.165,680.503,384.622,683.664
563.866,1007.383,509.546,813.268,199.180,680.445,384.453,683.423
564.336,1007.427,509.631,813.367,199.425,680.271,384.435,683.330
564.504,1007.741,509.633,813.321,199.141,683.112,384.375,683.174
564.423,1007.506,509.593,813.462,198.881,683.385,384.370,683.331
564.418,1007.420,509.552,813.352,199.003,679.997,384.405,683.438
564.395,1007.410,509.625,813.346,199.300,680.157,384.321,683.363
564.517,1007.396,509.680,813.482,199.274,680.232,384.360,683.419
564.344,1007.422,509.562,813.451,199.195,679.905,384.268,683.459
564.295,1007.484,509.592,813.324,199.385,680.520,384.434,683.403
564.081,1007.139,509.576,813.483,199.443,679.929,384.317,683.325
564.241,1007.159,509.709,813.393,199.185,680.396,384.363,683.506
564.312,1007.239,509.583,813.508,199.144,679.870,384.335,683.517
564.160,1007.130,509.605,813.541,199.221,680.274,384.271,683.603
564.071,1007.089,509.619,813.619,199.263,680.047,384.339,683.573
564.211,1007.467,509.538,813.638,199.320,680.428,384.416,683.523
564.165,1007.272,509.547,813.615,199.298,680.492,384.308,683.384
564.007,1007.421,509.590,813.573,199.076,680.149,384.350,683.356
564.125,1007.466,509.614,813.508,199.213,680.622,384.072,683.317
564.133,1007.313,509.649,813.481,199.124,680.639,384.346,683.496
563.975,1007.381,509.652,813.452,199.268,680.516,384.283,683.429
564.306,1007.392,509.683,813.386,199.046,680.508,384.602,683.598
564.208,1007.308,509.645,813.348,199.174,680.579,384.226,683.321
564.213,1007.263,509.466,813.508,199.255,680.476,384.577,683.681
564.156,1007.275,509.447,813.517,199.047,680.395,384.414,683.494
564.230,1007.351,509.310,813.753,199.078,680.408,384.374,683.460
564.177,1007.430,509.546,813.454,199.161,680.411,384.444,683.412
564.247,1007.500,509.591,813.451,199.150,680.598,384.286,683.428
564.260,1007.441,509.602,813.462,199.186,683.219,384.260,683.382
564.257,1007.337,509.677,813.291,199.096,680.336,384.421,683.514
564.290,1007.409,509.735,813.458,199.181,683.348,384.554,683.639
564.472,1007.523,509.588,813.308,199.076,683.325,384.396,683.642
564.411,1007.627,509.665,813.389,199.184,683.456,384.551,683.657
564.267,1007.432,509.625,813.610,199.197,683.526,384.343,683.435
564.543,1007.597,509.673,813.528,199.210,682.965,384.414,683.386
564.469,1007.836,509.565,813.494,199.124,680.637,384.329,683.597
564.488,1007.612,509.597,813.595,199.245,680.229,384.226,683.268
564.468,1007.565,509.654,813.441,199.065,683.015,384.332,683.407
564.403,1007.475,509.601,813.536,199.055,683.262,384.378,683.527
564.316,1007.329,509.482,813.464,199.211,680.511,384.419,683.461
564.247,1007.333,509.410,813.570,199.247,680.232,384.364,683.335
564.262,1007.346,509.477,813.763,199.261,680.114,384.265,683.311
564.223,1007.191,509.594,813.665,199.258,680.377,384.391,683.346
564.165,1007.361,509.637,813.561,199.314,683.727,384.432,683.426
564.253,1007.374,509.646,813.670,199.300,683.910,384.385,683.401
564.146,1007.176,509.530,813.491,199.439,680.733,384.260,683.474
564.117,1007.238,509.553,813.502,199.301,680.425,384.345,683.408
564.228,1007.358,509.593,813.593,199.276,680.158,384.324,683.331
564.177,1007.328,509.771,813.269,199.351,680.010,384.188,683.181
564.075,1007.208,509.707,813.300,199.233,680.055,384.259,683.293
564.256,1007.404,509.735,813.403,199.333,680.208,384.440,683.420
563.918,1007.188,509.619,813.565,199.374,680.326,384.676,683.610
564.169,1007.267,509.693,813.542,199.274,680.750,384.548,683.562
564.147,1007.299,509.544,813.544,199.193,680.454,384.499,683.676
564.205,1007.426,509.617,813.670,199.038,680.666,384.117,683.435
564.280,1007.480,509.561,813.681,199.085,680.534,384.313,683.595
564.436,1007.527,509.541,813.510,199.002,680.377,384.494,683.535
564.048,1007.227,509.524,813.646,199.108,680.538,384.269,683.531
564.150,1007.259,509.567,813.594,199.358,680.688,384.351,683.562
564.153,1007.472,509.679,813.473,199.267,680.607,384.225,683.461
564.291,1007.675,509.622,813.479,199.309,680.336,384.239,683.494
564.407,1007.373,509.527,813.663,199.388,680.586,384.127,683.289
564.034,1007.218,509.548,813.373,199.040,680.310,384.181,683.324
563.980,1007.330,509.439,813.707,199.310,680.529,384.044,683.291
564.289,1007.549,509.553,813.501,199.271,680.595,383.990,683.220
564.273,1007.525,509.528,813.616,199.375,680.528,384.157,683.360
564.249,1007.541,509.497,813.698,199.202,680.552,383.993,683.307
563.974,1007.047,509.616,813.469,199.185,680.412,384.425,683.455
564.079,1007.302,509.551,813.604,199.198,680.447,384.341,683.375
564.202,1007.412,509.640,813.535,199.212,680.413,384.425,683.450
564.422,1007.497,509.687,813.622,199.306,680.031,384.389,683.397
564.183,1007.319,509.441,813.676,199.066,680.603,384.202,683.425
564.204,1007.414,509.339,813.674,199.088,680.583,384.421,683.487
564.050,1007.275,509.463,813.435,199.341,680.538,384.317,683.511
564.132,1007.352,509.465,813.548,199.299,680.513,384.148,683.335
564.042,1007.363,509.589,813.678,199.374,680.156,384.281,683.291
563.921,1007.158,509.531,813.569,199.281,680.639,384.266,683.445
563.960,1007.095,509.549,813.452,199.299,680.338,384.240,683.486
564.405,1007.574,509.574,813.454,199.133,680.375,384.429,683.501
564.392,1007.434,509.525,813.488,199.095,680.402,384.373,683.539
563.956,1007.035,509.416,813.490,198.988,680.596,384.422,683.769
564.048,1007.029,509.395,813.662,199.017,681.241,384.603,683.749
564.015,1007.129,509.495,813.618,199.220,683.805,384.484,683.538
564.075,1007.137,509.315,813.748,199.084,680.590,384.496,683.598
564.051,1007.138,509.548,813.565,199.249,680.263,384.333,683.261
564.058,1007.032,509.583,813.496,199.279,680.499,384.173,683.229
564.126,1007.243,509.529,813.826,199.197,680.567,384.288,683.370
564.057,1007.036,509.601,813.620,199.344,680.446,384.431,683.516
564.039,1007.198,509.515,813.651,199.275,680.565,384.153,683.265
564.303,1007.493,509.539,813.612,199.321,680.616,384.471,683.596
564.189,1007.495,509.543,813.540,199.433,680.572,384.490,683.656
564.153,1007.155,509.645,813.530,199.387,680.487,384.349,683.412
564.033,1007.055,509.580,813.517,199.400,680.280,384.538,683.571
564.058,1007.221,509.560,813.527,199.165,680.693,384.260,683.373
564.001,1007.172,509.484,813.639,199.235,680.584,384.210,683.406
564.147,1007.139,509.658,813.383,199.267,680.497,384.158,683.309
564.173,1007.223,509.494,813.448,199.321,680.214,384.196,683.254
564.282,1007.261,509.499,813.434,199.232,680.527,384.336,683.496
564.257,1007.137,509.599,813.332,199.210,680.616,384.335,683.474
564.185,1007.292,509.393,813.716,199.232,680.408,383.996,683.330
564.154,1007.147,509.684,813.333,199.295,679.945,384.278,683.336
564.185,1007.370,509.675,813.473,199.242,680.182,384.100,683.363
564.111,1007.265,509.310,813.659,199.146,680.235,383.546,682.904
564.208,1007.203,509.221,813.706,199.214,680.358,384.088,683.246
564.193,1007.375,509.372,813.612,199.135,680.607,384.196,683.494
564.414,1007.539,509.392,813.439,199.258,680.506,384.079,683.332
564.226,1007.517,509.273,813.545,199.261,680.616,384.016,683.262
564.373,1007.541,509.344,813.621,199.161,680.545,384.136,683.290
564.228,1007.396,509.625,813.491,199.194,680.113,384.223,683.361
564.301,1007.482,509.619,813.419,199.027,679.989,384.259,683.423
563.932,1007.294,509.599,813.308,199.062,680.587,384.144,683.274
564.266,1007.529,509.571,813.422,199.073,680.675,384.142,683.292
564.434,1007.541,509.605,813.612,198.501,680.682,384.017,683.252
564.452,1007.401,509.640,813.454,199.206,680.487,384.216,683.429
564.279,1007.288,509.682,813.447,199.073,683.201,384.174,683.273
564.367,1007.503,509.602,813.582,199.173,680.954,384.203,683.363
564.369,1007.375,509.639,813.544,199.181,681.106,384.271,683.406
564.445,1007.352,509.757,813.521,198.969,680.235,384.294,683.496
564.202,1007.338,509.804,813.502,199.158,680.201,384.257,683.436
564.163,1007.272,509.952,813.493,199.044,680.180,384.099,683.233
564.366,1007.536,509.785,813.570,199.091,680.227,384.021,683.327
564.381,1007.490,509.796,813.537,199.298,680.062,384.219,683.350
564.226,1007.275,509.724,813.533,199.206,680.143,384.266,683.147
564.290,1007.415,509.695,813.721,199.134,680.449,384.295,683.326
564.378,1007.404,509.634,813.789,199.180,680.324,384.124,683.054
564.274,1007.493,509.789,813.485,199.275,680.522,384.421,683.313
564.293,1007.273,509.714,813.438,199.273,680.301,384.172,683.205
564.421,1007.501,509.802,813.525,199.456,680.327,384.075,683.105
564.167,1007.343,509.597,813.790,199.300,680.336,384.082,683.326
564.289,1007.418,509.677,813.434,199.293,680.525,384.101,683.328
564.273,1007.351,509.640,813.595,199.074,683.255,384.608,683.602
564.006,1007.183,509.670,813.660,198.984,683.466,384.392,683.465
564.279,1007.502,509.650,813.621,199.201,680.200,384.329,683.452
564.310,1007.449,509.506,813.688,199.022,681.217,384.580,683.560
564.136,1007.273,509.654,813.214,198.840,680.505,384.479,683.495
564.083,1007.184,509.756,813.578,198.906,680.338,384.570,683.661
563.915,1006.944,509.756,813.253,198.983,680.689,384.498,683.648
564.022,1007.182,509.815,813.165,198.966,680.604,384.631,683.773
563.837,1006.922,509.551,813.497,199.188,680.058,384.443,683.646
563.844,1006.983,509.666,813.543,199.219,680.025,384.209,683.380
564.179,1006.996,509.500,813.485,198.994,680.231,384.400,683.508
564.364,1007.198,509.722,813.287,199.163,680.284,384.130,683.404
564.122,1007.087,509.638,813.093,199.038,683.195,384.274,683.461
564.339,1007.339,509.696,813.490,199.145,680.470,384.264,683.526
564.180,1007.114,509.728,813.172,199.131,680.502,384.385,683.556
564.035,1006.986,509.712,813.340,199.171,680.678,384.199,683.318
564.051,1007.066,509.727,813.225,199.223,680.494,384.390,683.562
564.340,1007.355,509.683,813.548,199.145,680.574,384.277,683.410
564.203,1007.309,509.729,813.557,199.135,680.456,384.273,683.416
564.409,1007.417,509.529,813.679,199.104,680.250,384.260,683.493
564.267,1007.390,509.655,813.387,199.058,680.514,384.183,683.525
564.256,1007.279,509.834,813.372,199.172,680.369,384.262,683.535
564.266,1007.151,509.709,813.433,199.240,680.049,384.423,683.506
564.422,1007.431,509.610,813.671,199.180,680.010,384.352,683.355
564.327,1007.148,509.623,813.729,199.202,680.131,384.247,683.466
564.263,1007.204,509.659,813.742,199.143,680.244,384.305,683.442
564.146,1007.212,509.502,813.587,199.069,682.806,384.008,683.299
564.241,1007.272,509.492,813.674,199.189,681.067,383.904,683.213
564.345,1007.216,509.618,813.408,199.193,680.398,384.245,683.263
564.377,1007.217,509.532,813.380,199.175,680.163,384.186,683.195
564.548,1007.425,509.632,813.616,199.050,679.951,384.069,683.156
564.710,1007.793,509.720,813.480,198.952,679.942,384.050,683.132
564.154,1007.199,509.590,813.536,199.237,680.391,384.188,683.271
564.174,1007.273,509.506,813.802,199.102,680.356,384.120,683.145
564.515,1007.504,509.538,813.653,199.320,679.753,384.254,683.492
564.194,1007.212,509.497,813.491,199.414,679.929,384.179,683.555
564.466,1007.343,509.464,813.619,199.309,679.835,384.094,683.404
564.147,1007.171,509.437,813.830,199.104,680.447,384.112,683.304
564.210,1007.185,509.462,813.787,199.054,680.375,384.229,683.460
564.371,1007.442,509.609,813.632,199.089,680.054,384.150,683.380
564.259,1007.284,509.647,813.661,199.003,680.315,384.350,683.458
564.229,1007.205,509.638,813.545,199.128,680.154,384.066,683.399
564.271,1007.355,509.757,813.481,199.092,680.494,384.401,683.603
564.291,1007.527,509.598,813.637,199.006,683.568,384.451,683.590
564.247,1007.389,509.551,813.829,198.990,682.752,384.376,683.521
564.288,1007.316,509.524,813.790,199.235,680.819,384.413,683.566
564.460,1007.409,509.551,813.672,199.203,680.642,384.189,683.506
564.366,1007.455,509.630,813.600,199.314,680.563,384.387,683.411
564.359,1007.239,509.681,813.462,199.279,680.359,384.419,683.550
564.065,1006.998,509.484,813.485,199.170,680.479,384.325,683.336
564.096,1007.162,509.702,813.506,199.403,680.594,384.426,683.610
564.270,1007.245,509.657,813.578,199.247,680.602,384.510,683.577
564.032,1007.079,509.472,813.728,199.008,683.385,384.287,683.614
564.148,1007.178,509.632,813.649,199.119,683.330,384.360,683.695
564.198,1007.256,509.577,813.671,199.024,681.102,384.269,683.365
564.220,1007.441,509.643,813.692,198.935,683.015,384.226,683.413
564.217,1007.195,509.611,813.484,199.286,680.190,384.319,683.504
564.312,1007.301,509.518,813.562,199.367,680.123,384.406,683.568
564.275,1007.274,509.560,813.796,199.300,680.031,384.121,683.341
564.304,1007.320,509.608,813.686,199.259,679.964,384.178,683.363
564.212,1007.220,509.589,813.479,199.031,680.588,383.979,683.349
564.227,1007.240,509.525,813.707,199.145,680.183,383.973,683.327
564.086,1007.100,509.543,813.574,199.147,680.571,384.153,683.416
564.146,1006.928,509.485,813.728,199.376,680.281,384.283,683.566
564.195,1007.070,509.434,813.723,199.279,680.326,384.320,683.457
564.265,1007.196,509.515,813.804,199.149,680.427,384.007,683.318
564.187,1007.315,509.554,813.553,199.112,683.337,383.842,683.367
563.969,1007.036,509.581,813.575,199.230,680.497,384.021,683.373
564.201,1007.581,509.446,813.635,199.189,680.265,384.016,683.333
564.067,1007.207,509.396,813.796,199.282,680.686,384.199,683.552
564.039,1007.323,509.477,813.758,199.170,680.389,384.189,683.692
564.299,1007.332,509.638,813.551,199.253,681.353,384.079,683.361
564.313,1007.283,509.559,813.615,199.262,680.522,384.188,683.438
564.458,1007.439,509.628,813.551,199.253,680.454,384.185,683.445
564.459,1007.493,509.619,813.437,199.084,680.620,384.146,683.377
564.421,1007.459,509.795,813.199,199.286,680.434,383.943,683.297
564.226,1007.262,509.714,813.440,199.332,680.214,384.438,683.565
564.436,1007.374,509.685,813.459,199.229,680.283,384.256,683.405
564.454,1007.496,509.629,813.610,199.358,680.416,384.362,683.580
564.129,1007.245,509.651,813.468,199.286,680.292,384.267,683.546
564.290,1007.297,509.683,813.617,199.205,680.874,384.460,683.737
564.301,1007.297,509.778,813.489,199.319,680.954,384.577,683.817
564.388,1007.422,509.673,813.602,199.231,680.607,384.315,683.522
564.383,1007.345,509.608,813.616,199.375,680.766,384.433,683.703
564.502,1007.336,509.663,813.280,199.316,680.625,384.485,683.603
564.314,1007.305,509.575,813.493,199.230,680.719,384.666,683.722
564.681,1007.678,509.639,813.607,199.160,680.073,384.397,683.446
564.444,1007.220,509.484,813.780,199.237,680.648,384.413,683.457
564.457,1007.827,509.565,813.753,199.394,680.558,384.156,683.420
564.608,1007.793,509.437,813.660,199.255,680.768,384.269,683.375
564.173,1007.225,509.403,813.674,199.273,680.647,384.205,683.319
564.205,1007.215,509.562,813.662,199.230,680.614,384.251,683.481
564.258,1007.508,509.518,813.540,199.342,680.638,384.358,683.500
564.498,1007.648,509.650,813.546,199.338,680.149,384.470,683.553
564.354,1007.605,509.574,813.561,199.332,680.745,384.162,683.363
564.558,1007.404,509.539,813.473,199.054,680.470,384.152,683.336
564.579,1007.581,509.600,813.698,199.093,680.564,384.297,683.401
564.290,1007.457,509.581,813.663,198.969,680.586,384.080,683.421
564.319,1007.370,509.591,813.670,199.003,680.621,384.166,683.536
564.203,1007.206,509.607,813.760,199.150,680.580,384.128,683.388
564.531,1007.678,509.667,813.750,199.132,680.374,384.001,683.261
564.489,1007.437,509.579,813.654,199.332,680.032,384.279,683.511
564.439,1007.448,509.604,813.693,199.265,680.302,384.141,683.355
564.426,1007.480,509.588,813.618,199.280,680.394,384.144,683.329
564.569,1007.613,509.589,813.710,199.190,680.176,384.277,683.261
564.489,1007.750,509.570,813.702,199.140,680.649,384.260,683.245
564.550,1007.785,509.634,813.620,199.383,680.718,384.176,683.289
564.593,1007.747,509.714,813.601,199.447,680.687,384.154,683.207
564.275,1007.282,509.601,813.670,199.307,680.606,384.221,683.456
564.419,1007.582,509.420,813.774,199.440,680.338,384.243,683.475
564.300,1007.152,509.493,813.703,199.400,680.639,384.348,683.429
564.335,1007.310,509.574,813.513,199.346,680.482,384.339,683.401
564.149,1007.268,509.744,813.421,199.121,680.741,384.289,683.469
564.119,1007.012,509.788,813.306,199.249,680.452,384.204,683.528
564.303,1007.003,509.719,813.629,199.100,680.382,384.227,683.401
564.425,1007.508,509.668,813.506,199.055,683.614,384.140,683.276
564.310,1007.309,509.568,813.450,199.195,680.977,384.171,683.331
564.488,1007.308,509.586,813.425,199.163,680.475,384.258,683.613
564.331,1007.154,509.615,813.502,199.293,680.697,384.210,683.371
564.380,1007.298,509.529,813.591,199.271,680.860,384.201,683.409
564.393,1007.304,509.491,813.611,199.287,680.894,384.349,683.518
564.543,1007.397,509.625,813.610,199.045,680.884,384.339,683.708
564.407,1007.401,509.588,813.615,199.113,680.820,384.329,683.720
564.222,1007.433,509.409,813.807,199.207,680.630,384.016,683.433
564.441,1007.325,509.376,814.046,199.347,680.532,383.909,683.352
564.252,1007.115,509.612,813.826,199.247,680.313,384.350,683.467
564.243,1007.420,509.496,813.611,199.223,680.575,384.332,683.389
564.319,1007.258,509.589,813.651,199.274,680.324,384.072,683.403
564.205,1007.330,509.362,813.683,199.139,680.337,384.221,683.394
564.312,1007.246,509.376,813.783,199.191,680.211,384.343,683.502
564.148,1007.073,509.517,813.884,199.121,680.541,384.162,683.407
564.189,1007.243,509.566,813.996,199.182,680.571,384.192,683.351
564.326,1007.296,509.459,813.741,199.156,680.170,384.046,683.309
564.327,1007.224,509.479,813.665,199.224,680.221,384.335,683.529
564.399,1007.450,509.609,813.490,199.191,680.119,384.382,683.569
564.492,1007.493,509.492,813.702,199.008,680.099,384.309,683.423
564.287,1007.349,509.543,813.797,199.113,683.604,384.154,683.264
564.239,1007.540,509.423,813.771,199.272,680.534,384.257,683.344
564.283,1007.408,509.645,813.674,198.817,680.584,384.268,683.507
564.135,1007.143,509.528,813.710,199.024,680.602,384.233,683.549
564.287,1007.429,509.750,813.397,199.239,680.406,384.082,683.455
564.301,1007.464,509.531,813.768,199.093,680.521,384.259,683.557
564.265,1007.419,509.548,813.819,199.120,680.488,384.194,683.488
564.416,1007.431,509.530,813.617,199.209,680.198,384.310,683.669
564.402,1007.344,509.574,813.521,199.306,680.285,384.304,683.696
564.508,1007.296,509.749,813.399,199.325,680.613,384.062,683.470
564.592,1007.452,509.743,813.421,199.205,680.619,384.322,683.640
564.244,1007.437,509.604,813.513,199.336,680.415,384.319,683.585
564.271,1007.363,509.702,813.516,199.224,680.394,384.218,683.334
564.172,1007.056,509.710,813.734,199.145,680.488,384.250,683.370
564.159,1007.124,509.809,813.513,199.177,680.483,384.232,683.237
564.235,1007.130,509.739,813.471,199.294,680.527,384.076,683.235
564.158,1007.041,509.592,813.410,199.151,680.501,384.099,683.463
564.251,1007.255,509.440,813.688,199.146,680.356,384.097,683.382
564.065,1007.178,509.550,813.422,199.448,680.428,383.938,683.441
564.122,1007.162,509.645,813.459,199.382,680.618,384.082,683.449
564.182,1007.309,509.699,813.611,199.117,680.793,384.038,683.419
563.970,1007.007,509.705,813.760,199.147,680.572,384.098,683.497
563.969,1007.178,509.703,813.934,199.282,679.982,384.273,683.438
563.943,1007.261,509.468,813.929,199.254,680.090,384.170,683.331
564.159,1007.375,509.610,813.492,199.246,680.421,384.423,683.517
564.226,1007.424,509.538,813.641,199.367,680.529,384.199,683.477
564.279,1007.411,509.500,813.751,199.100,680.391,384.315,683.550
564.290,1007.322,509.634,813.530,199.159,680.269,384.241,683.464
564.265,1007.302,509.611,813.510,199.250,680.527,384.178,683.366
564.158,1007.209,509.521,813.700,199.254,680.293,384.141,683.435
564.446,1007.343,509.554,813.682,199.124,680.106,384.105,683.476
564.252,1007.097,509.580,813.491,199.151,680.262,384.526,683.553
564.169,1006.913,509.568,813.476,199.157,680.319,384.502,683.602
564.280,1007.214,509.465,813.820,199.217,680.111,384.179,683.483
564.341,1007.243,509.414,813.837,199.205,679.998,384.196,683.386
564.192,1007.212,509.643,813.707,199.116,680.270,384.233,683.540
564.363,1007.442,509.638,813.731,198.902,683.713,384.175,683.544
564.396,1007.447,509.701,813.659,199.008,680.326,384.123,683.262
564.035,1007.034,509.555,813.839,199.201,680.343,384.164,683.387
564.334,1007.234,509.631,813.756,199.193,680.260,384.000,683.357
564.396,1007.266,509.534,813.920,199.127,680.499,383.929,683.321
564.217,1007.312,509.692,813.479,199.325,680.556,384.109,683.280
564.353,1007.363,509.705,813.614,199.222,680.596,384.225,683.443
564.437,1007.240,509.661,813.552,199.271,680.004,384.201,683.395
564.552,1007.346,509.629,813.716,199.222,683.395,384.084,683.385
564.583,1007.394,509.601,813.773,199.166,680.705,384.199,683.292
564.284,1007.228,509.554,813.764,199.183,680.282,384.050,683.377
564.456,1007.272,509.667,813.744,199.245,680.328,383.966,683.311
564.116,1006.904,509.639,813.758,199.054,680.329,384.281,683.382
564.392,1007.161,509.774,813.768,199.158,680.524,384.333,683.334
564.576,1007.448,509.522,813.843,199.239,680.490,384.316,683.527
564.588,1007.626,509.595,813.804,199.017,680.498,384.137,683.342
564.449,1007.211,509.523,813.733,198.958,680.534,384.067,683.278
564.483,1007.341,509.767,813.685,199.035,680.546,384.253,683.405
564.446,1007.377,509.597,813.760,199.005,683.677,384.143,683.399
564.363,1007.362,509.458,813.961,199.018,681.123,384.359,683.540
564.348,1007.436,509.445,813.709,199.251,683.475,384.160,683.377
564.413,1007.465,509.323,813.758,199.153,683.522,384.159,683.408
564.491,1007.368,509.429,813.728,199.076,683.260,384.148,683.529
564.527,1007.666,509.507,813.827,199.188,680.697,384.090,683.472
564.485,1007.454,509.520,813.691,199.207,680.508,384.037,683.442
564.198,1007.299,509.529,813.878,199.011,680.605,384.164,683.523
564.444,1007.496,509.663,813.705,199.196,680.736,384.055,683.472
564.443,1007.439,509.586,813.839,199.061,680.488,384.206,683.580
564.433,1007.472,509.696,813.848,199.084,680.310,384.142,683.459
564.373,1007.552,509.668,813.981,199.018,681.751,384.156,683.448
564.506,1007.447,509.748,813.617,199.027,681.131,384.242,683.423
564.367,1007.353,509.477,814.081,199.176,680.740,384.139,683.465
564.377,1007.336,509.605,813.932,198.985,683.435,384.121,683.384
564.286,1007.218,509.782,813.743,199.357,680.364,384.058,683.371
564.387,1007.473,509.454,813.820,199.256,680.527,384.042,683.376
564.292,1007.126,509.545,813.698,199.247,680.451,384.188,683.383
564.277,1007.219,509.636,813.566,199.194,680.212,384.132,683.374
564.402,1007.455,509.530,813.704,199.170,680.299,384.100,683.250
564.394,1007.443,509.574,813.683,199.097,680.712,383.974,683.218
564.419,1007.406,509.469,813.687,199.157,680.446,384.074,683.294
564.520,1007.413,509.604,813.642,199.109,680.473,384.140,683.331
564.263,1007.334,509.700,813.697,199.127,680.484,384.259,683.480
564.321,1007.274,509.676,813.703,199.157,680.281,384.220,683.536
564.375,1007.251,509.641,813.829,199.184,680.443,384.361,683.677
564.341,1007.158,509.669,813.704,199.310,680.051,384.282,683.480
564.087,1006.992,509.610,813.827,199.189,680.395,384.235,683.591
564.200,1007.033,509.729,813.720,199.416,680.327,384.333,683.446
564.150,1007.178,509.554,813.627,199.129,680.060,384.275,683.402
564.150,1007.156,509.492,813.560,199.099,680.334,384.200,683.517
564.454,1007.539,509.563,813.742,199.075,680.418,384.259,683.441
564.269,1007.390,509.638,813.566,199.198,680.408,384.125,683.464
564.397,1007.510,509.650,813.534,199.312,680.390,383.998,683.329
564.463,1007.470,509.722,813.519,199.177,680.108,384.169,683.474
564.542,1007.325,509.810,813.549,199.248,680.684,384.240,683.366
564.261,1007.250,509.709,813.488,199.268,680.223,384.049,683.337
564.442,1007.276,509.658,813.599,198.933,683.604,384.081,683.473
564.757,1007.782,509.636,813.713,198.951,684.122,384.004,683.316
564.471,1007.446,509.711,813.671,199.194,680.167,383.907,683.206
564.351,1007.424,509.663,813.617,199.093,683.639,384.046,683.299
564.322,1007.393,509.699,813.412,199.207,681.334,384.202,683.431
564.210,1007.379,509.798,813.676,199.279,680.437,384.338,683.557
564.263,1007.405,509.871,813.508,199.130,680.366,384.276,683.639
564.437,1007.338,509.802,813.505,199.208,680.486,384.284,683.474
564.406,1007.393,509.800,813.572,199.208,680.377,384.152,683.302
564.427,1007.318,509.723,813.428,199.261,680.074,384.289,683.535
564.607,1007.595,509.636,813.601,199.098,683.082,384.084,683.359
564.616,1007.600,509.586,813.773,199.228,680.213,383.931,683.398
564.417,1007.383,509.669,813.674,198.929,682.738,383.881,683.289
563.955,1007.380,509.670,813.691,199.218,682.803,383.930,683.352
564.273,1007.153,509.667,813.815,199.074,682.757,383.999,683.446
564.170,1007.101,509.690,813.699,199.187,680.632,384.298,683.734
564.277,1007.110,509.610,813.712,199.306,680.004,384.223,683.478
564.601,1007.458,509.715,813.668,199.317,680.544,384.256,683.509
564.253,1007.082,509.725,813.671,199.195,680.387,384.327,683.432
564.255,1007.035,509.590,813.764,199.190,680.463,384.292,683.450
564.330,1007.198,509.614,813.666,199.173,680.425,384.342,683.282
564.324,1007.121,509.615,813.918,199.177,680.461,384.343,683.393
564.391,1007.655,509.788,813.515,199.223,680.479,383.903,683.313
564.200,1007.284,509.731,813.581,199.299,680.531,384.000,683.388
564.404,1007.370,509.682,813.619,199.288,680.529,384.430,683.652
564.275,1007.389,509.707,813.602,199.264,680.393,384.430,683.644
564.191,1007.345,509.557,813.886,199.203,680.589,384.340,683.468
564.267,1007.437,509.643,813.884,199.166,680.602,384.417,683.489
564.024,1006.997,509.642,813.643,199.172,680.286,384.363,683.495
564.302,1007.289,509.886,813.318,199.194,680.281,384.419,683.502
564.277,1007.388,509.822,813.534,199.616,681.901,384.157,683.441
564.266,1007.381,509.592,813.612,199.224,680.735,384.132,683.352
564.259,1007.322,509.525,813.789,199.321,680.864,384.023,683.482
564.504,1007.479,509.539,813.669,199.045,680.224,384.128,683.304
564.423,1007.238,509.541,813.708,198.880,684.198,384.067,683.286
564.431,1007.228,509.708,813.601,199.271,680.651,384.012,683.482
564.418,1007.237,509.639,813.627,199.261,680.086,384.013,683.467
564.302,1007.475,509.611,813.793,199.503,680.091,384.157,683.583
564.475,1007.475,509.502,813.755,199.508,680.032,384.348,683.604
564.418,1007.372,509.578,813.802,199.471,680.429,384.293,683.576
564.500,1007.471,509.659,813.708,199.478,680.296,384.304,683.669
564.653,1007.737,509.551,813.698,199.572,683.105,384.131,683.318
564.727,1008.016,509.740,813.635,199.382,683.034,384.233,683.343
564.716,1008.266,509.713,813.701,199.628,680.165,384.087,683.384
564.895,1008.582,509.646,813.792,199.536,680.032,383.821,683.242
564.561,1008.373,509.575,813.867,199.645,680.253,384.060,683.382
564.757,1008.365,509.658,813.663,199.861,676.981,383.986,683.268
564.795,1008.228,509.610,813.864,199.632,680.009,384.048,683.309
564.813,1008.197,509.489,813.960,199.734,679.947,384.251,683.520
564.845,1008.437,509.491,814.015,199.663,679.977,384.092,683.445
564.752,1008.239,509.362,813.934,199.278,680.479,383.962,683.378
564.809,1008.522,509.507,813.879,199.466,680.093,383.889,683.228
565.017,1008.360,509.645,813.846,199.555,680.573,384.362,683.457
565.002,1008.401,509.502,813.979,199.526,680.670,384.371,683.558
564.703,1007.863,509.545,813.943,199.516,680.499,384.410,683.638
564.813,1008.059,509.568,813.817,199.522,680.310,384.435,683.618
564.608,1008.009,509.483,813.985,199.629,680.159,384.019,683.447
564.701,1007.814,509.479,814.067,199.351,682.960,384.212,683.630
564.459,1007.720,509.552,814.037,199.593,679.837,384.299,683.699
564.755,1008.050,509.547,813.800,199.680,679.922,384.397,683.704
564.868,1007.926,509.618,813.896,199.657,680.001,384.336,683.679
564.876,1007.855,509.629,813.827,199.708,680.102,384.381,683.770
564.762,1007.793,509.651,813.836,199.679,680.336,384.361,683.617
564.906,1008.105,509.610,813.865,199.629,679.759,384.252,683.423
564.817,1007.823,509.557,813.737,199.645,680.348,384.440,683.518
564.743,1007.736,509.527,813.758,199.534,680.407,384.223,683.508
564.737,1007.704,509.587,813.764,199.595,680.562,384.189,683.538
564.855,1008.260,509.634,813.842,199.588,680.552,384.380,683.558
564.672,1007.851,509.557,813.870,199.486,680.084,384.244,683.387
564.769,1008.056,509.708,813.755,199.643,680.418,384.213,683.396
564.505,1007.608,509.635,813.562,199.644,680.004,384.116,683.580
564.549,1007.847,509.579,813.749,199.579,680.332,384.144,683.557
564.474,1007.705,509.680,813.739,199.492,680.460,384.446,683.714
564.610,1007.837,509.928,813.338,199.540,680.711,384.449,683.747
564.608,1007.726,509.807,813.644,199.466,680.324,384.354,683.564
564.636,1007.913,509.735,813.569,199.489,680.584,384.395,683.603
564.538,1007.710,509.594,813.897,199.553,680.698,384.227,683.514
564.401,1007.685,509.693,813.804,199.563,680.691,384.221,683.426
564.103,1007.539,509.400,813.795,199.558,680.407,384.259,683.533
564.362,1007.752,509.478,813.923,199.462,680.448,384.399,683.645
564.353,1007.490,509.566,813.804,199.513,679.999,384.170,683.287
564.357,1007.466,509.514,813.746,199.514,680.461,384.178,683.270
564.503,1007.494,509.613,813.648,199.572,680.438,384.198,683.377
564.473,1007.517,509.461,813.892,199.403,680.433,384.237,683.451
564.485,1007.703,509.578,813.834,199.505,680.454,384.098,683.257
564.355,1007.590,509.554,813.830,199.404,680.174,384.338,683.497
564.440,1007.460,509.582,813.868,199.454,680.085,384.178,683.426
564.533,1007.553,509.606,813.877,199.298,680.615,383.958,683.303
564.538,1007.574,509.593,813.803,199.406,680.371,384.102,683.452
564.577,1007.715,509.634,813.932,199.465,680.291,384.226,683.486
564.479,1007.575,509.619,813.912,199.453,680.471,384.193,683.348
564.322,1007.166,509.549,813.878,199.154,683.042,384.125,683.261
564.422,1007.521,509.638,813.919,199.455,680.382,384.146,683.408
564.439,1007.553,509.649,813.770,199.357,682.929,384.082,683.504
564.771,1007.950,509.715,813.815,199.436,680.553,384.098,683.404
564.484,1007.440,509.427,814.015,199.281,680.600,384.081,683.447
564.648,1007.622,509.606,813.823,199.361,680.347,384.256,683.494
564.488,1007.401,509.526,813.664,199.400,680.441,384.434,683.605
564.414,1007.590,509.830,813.729,199.447,680.506,384.164,683.404
564.529,1007.498,509.693,813.658,199.301,683.366,384.238,683.525
564.810,1008.130,509.480,813.833,199.261,680.233,384.053,683.481
564.848,1007.881,509.456,813.704,199.283,680.536,384.264,683.541
564.632,1007.791,509.688,813.660,199.180,680.221,384.175,683.570
564.327,1007.590,509.584,813.653,199.384,680.129,384.211,683.554
564.716,1007.589,509.594,813.477,199.427,680.489,384.096,683.363
564.604,1007.779,509.662,813.875,199.395,680.367,384.228,683.326
564.669,1007.671,509.583,813.940,199.263,680.346,384.243,683.547
564.476,1007.603,509.574,813.890,199.411,680.047,384.235,683.448
564.560,1007.760,509.648,813.972,199.450,680.301,384.108,683.354
564.694,1007.772,509.734,813.705,199.425,679.904,384.225,683.500
564.532,1007.698,509.669,813.766,199.403,679.847,384.126,683.348
564.679,1007.425,509.574,813.838,199.398,682.357,384.282,683.397
564.463,1007.354,509.544,813.746,199.530,680.344,384.198,683.402
564.567,1007.538,509.613,813.747,199.319,680.246,384.134,683.320
564.438,1007.421,509.584,813.716,199.432,680.417,384.136,683.297
564.257,1007.387,509.646,813.683,199.382,679.872,384.153,683.287
564.546,1007.657,509.719,813.816,199.423,679.891,384.193,683.286
564.522,1007.389,509.577,813.643,199.385,680.487,384.210,683.360
564.499,1007.452,509.560,813.751,199.430,680.431,383.967,683.289
564.693,1007.651,509.626,813.586,199.385,679.923,384.182,683.332
564.334,1007.302,509.691,813.806,199.496,679.949,384.506,683.505
564.556,1007.486,509.678,813.989,199.172,680.224,384.068,683.257
564.664,1007.789,509.881,813.640,199.189,680.326,384.208,683.495
564.593,1007.710,509.710,813.668,199.233,680.545,384.091,683.403
564.438,1007.579,509.589,813.851,199.371,680.606,383.997,683.170
564.445,1007.766,509.732,813.780,199.309,680.588,384.097,683.205
564.544,1007.468,509.620,813.893,199.290,680.326,384.010,683.289
564.565,1007.546,509.673,813.926,199.201,680.066,384.090,683.291
564.379,1007.420,509.697,813.751,198.592,680.376,384.121,683.458
564.399,1007.120,509.699,813.836,199.236,680.280,384.206,683.564
564.386,1007.218,509.722,813.570,199.359,680.413,384.310,683.573
564.439,1007.262,509.743,813.551,199.275,680.197,384.393,683.618
564.435,1007.477,509.720,813.656,199.361,680.350,384.031,683.254
564.456,1007.639,509.786,813.640,199.155,680.263,384.108,683.323
564.291,1007.461,509.640,813.801,199.208,679.966,384.151,683.311
564.474,1007.519,509.803,813.659,199.371,680.017,384.095,683.300
564.454,1007.492,509.723,813.649,199.212,679.898,384.163,683.349
564.535,1007.573,509.840,813.568,199.412,679.823,384.445,683.583
564.416,1007.545,509.677,813.781,199.451,680.108,384.403,683.469
564.500,1007.353,509.804,813.612,199.278,680.498,384.212,683.416
564.384,1007.360,509.835,813.512,199.298,679.935,384.252,683.445
564.250,1007.366,509.646,813.779,199.416,680.468,384.318,683.380
564.272,1007.389,509.807,813.599,199.407,680.107,384.095,683.322
564.521,1007.511,509.748,813.539,199.304,680.523,384.015,683.159
564.209,1007.337,509.903,813.584,199.366,680.319,384.137,683.172
564.370,1007.361,509.728,813.765,199.189,680.306,384.006,683.283
564.357,1007.402,509.742,813.791,199.429,680.590,384.136,683.315
564.408,1007.317,509.694,813.679,199.367,680.306,384.029,683.418
564.670,1007.757,509.771,813.403,199.283,680.176,384.030,683.210
564.643,1007.598,509.826,813.544,199.218,680.179,383.914,683.247
564.412,1007.366,509.566,813.756,199.307,680.326,383.981,683.246
564.493,1007.273,509.622,813.767,199.150,680.419,384.100,683.405
564.497,1007.660,509.581,813.813,199.278,680.297,384.062,683.288
564.552,1007.602,509.538,813.783,199.218,680.448,384.221,683.439
564.419,1007.641,509.694,813.786,199.160,679.892,383.884,683.210
564.584,1007.552,509.588,813.872,199.312,679.875,384.034,683.343
564.483,1007.607,509.731,813.963,199.392,680.139,384.106,683.413
564.532,1007.613,509.533,813.912,199.411,680.174,384.075,683.371
564.530,1007.598,509.648,813.907,199.198,680.310,384.309,683.534
564.448,1007.591,509.499,813.647,199.342,680.204,384.200,683.355
564.448,1007.365,509.728,813.637,199.170,683.342,383.948,683.312
564.528,1007.507,509.794,813.627,199.468,680.293,384.063,683.254
564.709,1007.800,509.778,813.667,199.349,680.038,384.195,683.297
564.520,1007.465,509.779,813.486,199.235,680.210,384.289,683.439
564.570,1007.584,509.670,813.536,199.254,680.222,384.185,683.325
564.392,1007.369,509.638,813.888,199.371,680.375,383.979,683.230
564.343,1007.432,509.657,813.802,199.347,680.436,384.258,683.388
564.581,1007.821,509.886,813.111,199.307,680.099,384.257,683.421
564.684,1007.742,509.677,813.462,199.155,680.092,384.286,683.516
564.647,1007.595,509.761,813.518,199.056,680.287,384.230,683.201
564.680,1007.764,509.801,813.469,199.124,679.995,384.146,683.233
564.285,1007.460,509.681,813.966,199.306,680.345,383.941,683.217
564.476,1007.603,509.768,813.737,199.132,679.956,383.892,683.310
564.514,1007.731,509.652,813.654,199.491,680.416,383.994,683.291
564.408,1007.504,509.758,813.863,199.478,680.289,384.050,683.333
564.450,1007.502,509.728,813.836,199.283,680.448,384.119,683.416
564.337,1007.332,509.663,813.871,199.058,682.776,383.908,683.317
564.349,1007.563,509.760,813.893,199.288,680.494,384.050,683.353
564.438,1007.401,509.750,813.942,199.384,680.380,383.995,683.270
564.397,1007.437,509.674,813.888,199.368,680.422,384.097,683.390
564.206,1007.407,509.839,813.666,199.320,680.574,384.240,683.238
564.418,1007.635,509.880,813.688,199.255,680.450,384.187,683.261
564.444,1007.664,509.759,813.622,199.267,680.254,384.284,683.416
564.583,1007.733,509.788,813.745,199.331,680.247,384.290,683.406
564.446,1007.565,509.693,813.820,199.283,680.552,384.254,683.544
564.112,1007.586,509.747,813.884,199.295,680.500,383.997,683.258
564.395,1007.375,509.588,813.846,199.437,680.124,383.936,683.342
564.480,1007.399,509.780,813.873,199.319,680.380,383.921,683.167
564.472,1007.392,509.768,813.861,199.352,680.235,383.900,683.170
564.278,1007.279,509.718,813.846,199.093,680.378,384.082,683.142
564.324,1007.404,509.717,813.756,199.160,680.391,384.034,683.223
564.383,1007.304,509.485,814.158,199.107,680.355,384.076,683.322
564.291,1007.381,509.583,813.970,199.059,680.544,384.002,683.183
564.483,1007.450,509.745,813.671,199.240,680.390,384.007,683.274
564.587,1007.491,509.732,813.578,199.314,680.325,384.121,683.450
564.158,1007.210,509.782,813.764,199.042,680.595,384.326,683.445
564.365,1007.369,509.681,813.921,199.101,680.643,384.305,683.393
564.482,1007.625,509.734,813.890,199.018,683.608,384.142,683.332
564.594,1007.714,509.616,813.971,199.375,680.482,383.999,683.313
564.894,1007.909,509.735,813.870,199.237,679.937,383.929,683.199
564.583,1007.609,509.705,813.654,199.301,680.116,383.966,683.051
564.738,1007.695,509.691,813.849,199.106,682.831,384.010,683.139
564.481,1007.306,509.806,813.592,199.169,680.071,384.167,683.374
564.321,1007.229,509.634,813.839,199.123,680.103,384.032,683.248
564.839,1007.622,509.765,813.811,199.329,680.149,383.998,683.266
564.594,1007.477,509.751,813.661,199.145,680.155,383.986,683.253
564.725,1007.779,509.682,813.723,199.409,679.965,384.098,683.247
564.527,1007.639,509.748,813.608,199.333,680.420,384.109,683.362
564.414,1007.587,509.725,813.612,199.290,680.035,384.172,683.395
564.483,1007.427,509.656,813.655,199.519,679.883,383.982,683.222
564.481,1007.306,509.743,813.674,199.383,679.823,384.174,683.327
564.465,1007.193,509.775,813.541,199.255,680.156,384.070,683.160
564.622,1007.524,509.616,813.736,199.309,679.825,383.993,683.149
564.398,1007.575,509.731,813.750,199.287,680.460,383.845,683.261
564.383,1007.424,509.601,813.970,199.223,680.273,384.040,683.379
564.325,1007.233,509.620,813.856,199.255,680.223,383.993,683.133
564.409,1007.355,509.654,813.789,199.370,679.863,384.110,683.372
564.569,1007.576,509.610,813.814,199.308,679.859,384.021,683.115
564.535,1007.489,509.648,813.754,199.372,680.021,384.046,683.281
564.668,1007.410,509.700,813.769,199.276,679.694,384.171,683.289
564.571,1007.378,509.898,813.836,199.178,679.718,383.998,683.230
564.495,1007.548,509.850,813.641,199.325,680.430,384.099,683.408
564.499,1007.499,509.729,813.912,199.529,680.465,384.325,683.542
564.585,1007.697,509.598,813.887,199.547,680.561,384.056,683.445
564.560,1007.449,509.587,814.006,199.428,680.082,383.974,683.236
564.354,1007.497,509.777,814.007,199.366,680.146,384.289,683.321
564.350,1007.460,509.826,814.020,199.523,679.936,384.077,683.324
564.451,1007.541,509.856,813.890,199.524,680.219,383.979,683.183
564.456,1007.454,509.747,813.848,199.412,680.408,384.228,683.423
564.456,1007.473,509.813,813.846,199.451,680.006,384.061,683.286
564.331,1007.363,509.837,813.806,199.469,680.541,384.110,683.270
564.491,1007.657,509.810,813.784,199.576,680.070,384.190,683.342
564.433,1007.361,509.666,814.002,199.378,679.988,384.159,683.499
564.498,1007.479,509.754,813.940,199.442,680.469,384.308,683.413
564.263,1007.336,509.795,813.890,199.245,680.415,383.975,683.208
564.410,1007.306,509.754,813.740,199.328,680.348,384.106,683.397
564.841,1007.986,509.769,813.544,199.435,680.384,384.060,683.386
564.726,1007.921,509.771,813.938,199.345,680.086,384.077,683.394
564.730,1007.850,509.783,813.906,199.324,680.454,383.946,683.093
564.452,1007.513,509.754,813.839,199.460,680.200,383.777,683.015
564.536,1007.570,509.744,813.862,199.431,679.957,383.766,683.098
564.530,1007.365,509.800,813.792,199.432,680.416,384.088,683.368
564.446,1007.219,509.774,813.808,199.427,680.288,384.099,683.413
564.549,1007.557,509.864,813.917,199.250,680.040,384.416,683.693
564.512,1007.462,509.731,813.924,199.226,680.247,384.228,683.501
564.574,1007.444,509.769,814.032,199.432,680.500,384.107,683.361
564.629,1007.708,509.706,814.060,199.601,680.433,384.297,683.464
564.470,1007.376,509.746,813.901,199.094,683.267,384.195,683.469
564.472,1007.358,509.782,813.832,199.177,683.181,384.262,683.417
564.641,1007.515,509.715,813.853,199.264,680.544,384.223,683.344
564.280,1007.396,509.631,813.812,199.176,681.128,384.215,683.479
564.405,1007.384,509.509,813.802,199.392,680.411,384.215,683.379
564.517,1007.503,509.718,813.921,199.052,680.489,384.174,683.437
564.474,1007.474,509.670,813.933,199.072,680.384,383.989,683.274
564.365,1007.283,509.736,813.842,199.234,680.477,384.023,683.420
564.538,1007.368,509.682,813.768,199.220,680.568,383.907,683.118
564.399,1007.228,509.665,813.780,199.370,681.090,384.082,683.414
564.347,1007.240,509.688,813.746,199.262,680.384,384.050,683.207
564.431,1007.303,509.673,813.916,199.364,680.331,383.727,683.166
564.436,1007.418,509.739,813.670,199.448,680.462,383.963,683.256
564.526,1007.410,509.816,813.740,199.196,681.313,383.981,683.439
564.429,1007.453,509.756,813.849,199.357,683.326,383.826,683.363
564.590,1007.395,509.729,813.849,199.359,681.082,384.151,683.438
564.634,1007.553,509.599,813.835,199.110,681.131,384.234,683.431
564.546,1007.390,509.831,813.604,199.346,681.709,384.020,683.381
564.588,1007.465,509.724,813.235,199.116,680.446,384.069,683.265
564.529,1007.545,509.734,813.539,199.439,680.314,384.090,683.305
564.536,1007.360,509.796,813.793,199.247,680.137,384.073,683.322
564.506,1007.463,509.630,813.849,199.259,680.059,383.950,683.305
564.465,1007.496,509.636,813.857,199.098,680.155,383.959,683.219
564.455,1007.314,509.725,813.747,199.151,680.294,383.856,683.233
564.485,1007.590,509.840,813.806,199.228,680.185,384.021,683.466
564.496,1007.489,509.786,813.729,199.323,680.160,384.244,683.480
564.463,1007.357,509.643,813.981,199.392,679.981,384.133,683.444
564.417,1007.603,509.719,813.864,199.419,680.338,384.163,683.398
564.617,1007.428,509.836,813.733,199.351,680.127,383.943,683.342
564.493,1007.594,509.763,813.872,199.314,679.875,384.034,683.368
564.356,1007.707,509.664,813.885,199.352,679.885,383.839,683.165
564.645,1007.667,509.730,813.816,199.450,680.414,383.711,683.018
564.706,1007.767,509.746,813.790,199.421,680.619,383.905,683.060
564.647,1007.603,509.839,813.881,199.506,679.998,383.850,683.114
564.552,1007.481,509.948,813.750,199.462,680.313,384.034,683.184
564.608,1007.653,509.552,814.149,199.467,680.339,384.120,683.209
564.419,1007.576,509.576,814.275,199.479,680.562,384.050,683.183
564.538,1007.771,509.643,813.963,199.250,680.137,384.036,683.198
564.357,1007.597,509.796,813.952,199.305,680.524,384.246,683.258
564.382,1007.489,509.659,813.856,199.462,679.791,383.965,683.320
564.267,1007.279,509.730,813.892,199.414,680.086,383.938,683.275
564.414,1007.244,509.595,813.966,199.403,680.441,384.077,683.339
564.246,1007.167,509.641,813.884,199.328,680.392,383.951,683.130
564.318,1007.457,509.743,813.669,199.005,683.343,384.250,683.487
564.469,1007.360,509.822,813.752,199.291,681.435,384.181,683.433
564.567,1007.523,509.789,813.635,199.345,680.139,384.140,683.424
564.426,1007.359,509.785,813.782,199.341,680.187,384.100,683.329
564.406,1007.326,509.867,813.704,199.372,680.341,384.270,683.463
564.445,1007.526,509.816,813.851,199.400,680.201,383.868,683.144
564.528,1007.381,509.865,813.680,199.430,680.526,384.058,683.244
564.578,1007.551,509.681,813.868,199.348,680.539,384.239,683.412
564.432,1007.269,509.728,813.772,199.332,680.551,384.229,683.378
564.647,1007.703,509.714,813.934,199.380,680.562,384.131,683.441
564.765,1008.127,509.681,813.811,199.411,680.316,384.124,683.464
564.768,1008.037,509.678,813.424,199.325,680.096,383.808,683.182
564.728,1008.036,509.812,813.714,199.379,680.040,384.188,683.370
564.500,1007.475,509.887,813.826,199.270,679.935,383.982,683.190
564.377,1007.589,509.857,813.756,199.317,683.006,384.098,683.422
564.475,1007.488,509.714,813.874,199.311,680.292,384.181,683.274
564.462,1007.451,509.664,813.885,199.189,679.907,384.177,683.319
564.473,1007.419,509.715,813.864,199.101,680.397,384.186,683.357
564.402,1007.422,509.898,813.621,199.293,680.078,384.124,683.198
564.555,1007.564,509.894,813.738,199.328,679.935,383.974,683.203
564.574,1007.571,509.767,813.625,199.188,680.265,383.760,683.135
564.641,1007.632,509.724,813.909,199.063,680.316,383.799,683.150
564.641,1007.629,509.765,813.981,199.195,680.461,383.773,683.175
564.261,1007.280,509.833,813.723,199.207,680.124,384.125,683.283
564.609,1007.642,509.677,813.770,199.405,680.197,384.133,683.158
564.424,1007.578,509.792,813.689,199.270,680.676,383.888,683.069
564.583,1007.447,509.619,813.809,199.566,680.469,383.937,683.088
564.540,1007.386,509.631,813.513,199.616,680.420,384.197,683.373
564.467,1007.333,509.741,813.722,199.658,680.585,384.199,683.280
564.545,1007.333,509.736,814.003,199.555,680.373,384.069,683.241
564.534,1007.620,509.764,813.789,199.579,680.650,384.181,683.374
564.422,1007.622,509.729,813.827,199.600,680.458,384.156,683.307
564.569,1007.425,509.842,813.817,199.562,680.314,383.980,683.219
564.647,1007.771,509.851,813.872,199.440,680.799,384.007,683.330
564.712,1007.838,509.764,814.000,199.457,680.516,384.108,683.436
564.625,1007.538,509.805,813.937,199.449,680.922,384.006,683.387
564.494,1007.432,509.773,813.994,199.311,680.835,383.945,683.382
564.624,1007.458,509.937,813.803,199.521,679.932,384.068,683.327
564.547,1007.394,509.725,813.968,199.592,680.432,384.031,683.269
564.569,1007.447,509.689,813.814,199.528,680.456,384.103,683.306
564.627,1007.456,509.631,813.858,199.598,680.212,384.052,683.365
564.695,1007.654,509.730,814.010,199.486,680.214,384.157,683.404
564.079,1007.597,509.609,813.984,199.544,680.342,383.825,683.116
564.317,1007.741,509.602,813.961,199.470,680.876,384.071,683.282
564.450,1007.627,509.580,813.963,199.437,680.270,384.066,683.367
564.436,1007.417,509.567,813.974,199.467,680.220,383.968,683.284
564.629,1007.584,509.908,813.734,199.388,680.396,383.895,683.057
564.630,1007.563,509.528,813.887,199.326,680.350,384.165,683.325
564.247,1007.162,509.731,814.073,199.459,680.319,384.212,683.195
564.514,1007.351,509.663,813.930,199.533,680.498,384.267,683.226
564.304,1007.264,509.674,813.616,199.446,680.322,384.315,683.541
564.380,1007.491,509.523,814.075,199.441,680.546,384.151,683.275
564.305,1007.242,509.795,813.812,199.453,680.638,384.249,683.360
564.266,1007.166,509.709,813.594,199.310,680.528,384.209,683.322
564.351,1007.322,509.721,813.584,199.114,680.526,384.108,683.216
564.171,1007.286,509.698,813.570,199.452,680.493,383.959,683.364
564.363,1007.299,509.828,813.658,199.288,680.621,384.072,683.344
564.508,1007.457,509.631,813.984,199.368,680.659,383.915,683.190
564.392,1007.269,509.572,814.065,199.388,680.517,383.812,683.141
564.355,1007.339,509.911,813.844,199.577,680.674,383.984,683.135
564.504,1007.463,509.719,814.073,199.407,680.985,383.979,683.126
564.516,1007.639,509.726,814.007,199.572,680.801,383.937,683.085
564.320,1007.315,509.702,814.000,199.595,680.384,383.897,683.109
564.527,1007.492,509.719,813.756,199.590,680.632,384.029,683.356
564.537,1007.585,509.732,813.992,199.423,680.698,383.984,683.337
564.301,1007.218,509.828,813.953,199.310,683.505,384.009,683.402
564.423,1007.480,509.835,813.861,199.413,680.349,384.134,683.468
564.349,1007.377,509.791,813.863,199.328,680.436,383.997,683.466
564.341,1007.346,509.736,813.796,199.399,680.725,384.067,683.318
564.394,1007.383,509.729,814.072,199.458,680.695,384.119,683.422
564.593,1007.323,509.777,813.957,199.339,680.892,383.933,683.341
564.393,1007.477,509.813,813.964,199.364,680.479,383.860,683.240
564.384,1007.315,509.771,813.686,199.465,680.168,383.913,683.267
564.454,1007.273,509.779,813.967,199.532,680.455,383.937,683.271
564.684,1007.615,509.729,813.981,199.452,680.592,384.126,683.350
564.255,1007.097,509.746,813.897,199.435,680.808,384.211,683.319
564.392,1007.423,509.694,813.808,199.381,680.502,384.159,683.395
564.514,1007.466,509.707,813.871,199.469,680.627,384.305,683.415
564.535,1007.656,509.725,813.987,199.264,680.682,384.004,683.336
564.584,1007.669,509.626,814.162,199.394,679.910,383.985,683.195
564.646,1007.890,509.664,814.088,199.390,680.251,384.090,683.307
564.406,1007.340,509.858,813.872,199.350,680.089,384.016,683.268
564.381,1007.479,509.704,814.205,199.336,680.146,384.204,683.269
564.539,1007.708,509.621,814.205,199.295,680.459,384.089,683.318
564.601,1007.783,509.746,814.159,199.198,680.425,383.997,683.169
564.640,1007.901,509.586,814.208,199.190,680.650,383.834,683.284
564.537,1007.665,509.631,814.246,199.198,680.563,384.016,683.167
564.506,1007.556,509.675,814.202,199.303,680.540,384.160,683.287
564.437,1007.448,509.727,814.122,199.317,680.239,384.079,683.063
564.511,1007.530,509.638,813.967,199.201,680.278,383.991,683.057
564.705,1007.704,509.874,813.996,199.342,679.781,384.166,683.132
564.472,1007.285,509.869,813.960,199.244,680.466,383.910,683.114
564.670,1007.845,509.648,813.953,199.323,680.531,383.949,683.174
564.550,1007.528,509.571,813.847,199.301,680.685,383.963,683.249
564.676,1007.615,509.828,813.894,199.232,680.362,383.932,683.139
564.547,1007.519,509.805,813.850,199.245,680.445,383.856,683.161
564.430,1007.588,509.731,814.007,199.329,680.592,383.866,683.196
564.486,1007.440,509.660,813.966,199.463,680.764,383.831,683.142
564.482,1007.339,509.762,813.983,199.404,680.578,383.955,683.181
564.409,1007.370,509.830,814.119,199.351,680.472,384.019,683.275
564.612,1007.513,509.692,813.976,199.371,680.545,383.984,683.276
564.557,1007.405,509.876,813.971,199.395,680.497,383.922,683.312
564.748,1007.753,509.851,813.805,199.347,680.666,384.134,683.278
564.579,1007.596,509.688,814.084,199.328,680.681,383.923,683.154
564.686,1007.655,509.844,813.756,199.380,680.365,384.128,683.246
564.756,1007.703,509.757,813.826,199.173,680.243,384.248,683.213
564.749,1007.689,509.794,813.908,199.227,680.149,384.429,683.455
564.554,1007.530,509.894,813.756,199.188,680.736,384.170,683.285
564.433,1007.438,509.985,813.808,199.205,683.614,384.076,683.196
564.629,1007.798,509.872,813.928,199.173,683.393,384.047,683.137
564.437,1007.314,509.858,813.974,199.128,683.365,384.256,683.239
564.160,1007.513,509.891,813.919,199.284,680.765,384.100,683.381
564.176,1007.185,509.866,813.999,199.244,681.099,384.118,683.396
564.420,1007.356,509.926,813.732,199.162,680.909,384.156,683.402
564.446,1007.357,509.881,813.818,199.161,682.907,384.082,683.254
564.384,1007.338,509.797,813.986,199.358,680.152,384.023,683.451
564.443,1007.364,509.887,813.917,199.466,680.049,384.028,683.333
564.705,1007.487,509.921,813.797,199.062,680.453,384.006,683.127
564.678,1007.575,509.823,813.634,199.109,680.591,384.048,683.367
564.623,1007.482,509.980,814.000,199.181,680.531,383.963,683.249
564.773,1007.580,509.685,814.072,199.351,680.044,384.083,683.338
564.720,1007.568,509.930,813.695,199.336,680.533,384.135,683.323
564.766,1007.623,509.719,813.915,199.465,679.909,384.093,683.315
564.718,1007.588,509.726,814.155,199.376,680.376,384.216,683.450
564.621,1007.604,509.809,813.971,199.194,680.572,384.077,683.449
564.659,1007.590,509.750,814.024,199.147,680.567,384.014,683.265
564.572,1007.491,509.886,813.887,199.151,680.727,384.089,683.358
564.540,1007.365,509.881,814.016,199.252,680.634,383.995,683.237
564.146,1007.167,509.840,814.085,199.278,680.273,384.061,683.362
564.343,1007.203,509.948,813.862,199.154,680.664,384.159,683.288
564.497,1007.502,509.656,813.951,199.247,680.318,383.922,683.377
564.460,1007.284,509.699,813.709,199.254,680.405,384.132,683.485
564.504,1007.458,509.650,813.799,199.352,680.390,384.014,683.332
564.646,1007.416,509.824,813.884,199.335,681.302,384.322,683.422
564.685,1007.421,509.822,813.750,199.283,680.854,384.149,683.344
564.626,1007.493,509.864,813.860,199.190,680.037,384.079,683.336
564.624,1007.443,509.761,813.830,199.310,680.650,384.106,683.303
564.482,1007.357,509.825,813.839,199.605,680.796,383.974,683.361
564.383,1007.198,509.872,813.854,199.519,680.728,384.025,683.381
564.436,1007.502,509.851,813.756,199.538,680.616,384.050,683.481
564.563,1007.512,509.835,813.792,199.414,683.181,383.986,683.371
564.467,1007.308,509.691,813.677,199.274,680.498,384.114,683.235
564.546,1007.368,509.819,813.815,199.079,680.513,384.303,683.443
564.586,1007.529,509.807,813.843,199.117,680.389,384.209,683.468
564.663,1007.292,509.797,813.948,199.252,679.979,384.217,683.322
564.569,1007.283,509.761,813.872,198.529,680.156,384.219,683.334
564.257,1007.264,509.862,813.942,199.350,680.295,383.893,683.287
564.393,1007.233,509.733,814.119,199.285,680.263,384.064,683.215
564.483,1007.345,509.897,813.623,199.236,680.430,384.196,683.396
564.522,1007.424,510.019,813.519,199.286,680.333,383.955,683.240
564.433,1007.359,509.819,813.744,199.259,680.424,383.997,683.154
564.392,1007.521,509.819,813.915,199.305,680.026,383.964,683.124
564.422,1007.367,509.893,813.640,199.466,680.061,384.099,683.248
564.434,1007.435,509.860,813.785,199.454,680.387,383.976,683.119
564.619,1007.523,509.972,813.557,199.603,680.080,384.058,683.046
564.474,1007.231,509.755,813.735,199.462,680.294,384.038,683.022
564.413,1007.138,509.718,813.738,199.640,679.994,383.888,683.095
564.417,1007.450,509.668,814.157,199.629,679.501,384.050,683.073
564.235,1007.365,509.752,813.896,199.634,679.613,384.000,683.099
564.592,1007.500,509.843,813.776,199.588,682.433,384.241,683.332
564.556,1007.384,509.815,813.810,199.745,679.716,384.191,683.277
564.515,1007.498,509.912,813.876,199.499,679.684,384.197,683.173
564.548,1007.320,509.840,813.855,199.640,679.726,384.179,683.254
564.521,1007.579,509.751,813.792,199.499,679.929,384.317,683.509
564.522,1007.584,509.876,813.627,199.546,679.933,383.574,682.950
564.322,1007.260,509.850,813.896,199.486,683.094,384.143,683.364
564.201,1007.098,509.949,813.768,199.337,683.039,384.180,683.254
564.546,1007.420,509.766,814.015,199.117,682.144,383.977,683.265
564.639,1007.518,509.866,813.764,199.349,682.243,383.872,683.189
564.405,1007.411,509.727,813.910,199.305,679.439,384.084,683.400
564.658,1007.539,510.122,813.727,199.334,679.946,383.942,683.172
564.605,1007.371,509.986,813.729,199.341,680.004,383.878,683.118
564.530,1007.419,509.820,813.741,199.374,679.791,384.161,683.341
564.448,1007.185,509.898,813.784,199.372,679.963,383.991,683.181
564.418,1007.221,509.769,813.854,199.444,679.867,384.227,683.462
564.267,1007.056,509.811,813.887,199.429,679.811,384.307,683.446
564.471,1007.559,509.837,813.874,199.355,679.837,384.132,683.190
564.456,1007.402,509.849,814.022,199.353,679.910,384.081,683.218
564.719,1007.650,509.821,814.003,199.579,680.109,383.900,683.126
564.688,1007.537,509.909,813.877,199.511,680.146,383.991,683.283
564.849,1007.636,509.799,813.916,199.602,680.027,383.940,683.251
564.623,1007.397,509.934,813.471,199.654,679.939,383.974,683.219
564.456,1007.477,509.831,813.973,199.284,680.029,384.331,683.307
564.352,1007.313,509.913,813.702,199.300,680.076,384.000,683.301
564.421,1007.299,509.903,813.823,199.299,679.883,383.982,683.251
564.435,1007.434,509.843,813.785,199.681,679.864,383.833,683.205
564.790,1007.643,509.806,813.691,199.601,679.646,383.832,683.221
564.829,1007.781,509.689,813.791,199.579,679.741,384.151,683.476
564.581,1007.529,509.806,813.799,199.690,680.238,384.025,683.407
564.631,1007.553,509.809,813.775,199.658,680.188,384.053,683.343
564.608,1007.540,509.816,813.763,199.749,680.064,384.020,683.284
564.698,1007.489,509.844,813.865,199.619,679.954,384.086,683.382
564.624,1007.481,509.847,813.888,199.516,679.949,384.004,683.268
564.456,1007.337,509.795,813.942,199.504,682.738,383.980,683.248
564.423,1007.350,509.762,814.030,199.557,679.857,383.862,683.276
564.413,1007.410,509.548,814.197,199.589,679.878,384.038,683.166
564.504,1007.527,509.644,814.181,199.558,679.939,384.265,683.359
564.283,1007.111,509.832,813.945,199.663,680.212,384.426,683.437
564.698,1007.375,509.697,813.932,199.634,679.961,384.181,683.451
564.794,1007.688,509.728,813.994,199.604,679.985,384.033,683.314
564.656,1007.486,509.476,814.226,199.614,679.582,384.032,683.156
564.454,1007.385,509.481,814.263,199.666,679.379,383.950,683.290
564.674,1007.463,509.886,814.023,199.442,680.020,384.113,683.246
564.567,1007.217,509.639,814.027,199.392,679.952,384.072,683.292
564.537,1007.392,509.766,813.857,199.537,679.968,384.223,683.250
564.577,1007.537,509.658,813.886,199.546,679.932,384.192,683.305
564.247,1007.296,509.745,814.117,199.549,679.835,384.075,683.402
564.488,1007.468,509.755,814.084,199.347,680.831,384.021,683.375
564.557,1007.298,509.816,814.158,199.377,682.977,383.839,683.372
564.500,1007.433,509.727,814.280,199.313,682.866,384.245,683.460
564.518,1007.332,509.825,814.116,199.295,682.822,384.221,683.541
564.487,1007.461,509.758,814.111,199.201,680.092,384.155,683.418
564.459,1007.479,509.748,814.184,199.263,683.616,384.091,683.424
564.491,1007.596,509.687,814.194,199.570,679.949,384.059,683.494
564.449,1007.678,509.726,814.120,199.607,679.909,384.098,683.581
564.333,1007.528,509.619,814.028,199.642,679.893,383.981,683.436
564.273,1007.583,509.768,813.976,199.671,679.893,384.073,683.525
564.556,1007.528,509.813,813.865,199.421,680.133,383.822,683.321
564.508,1007.607,509.869,813.947,199.576,680.134,383.812,683.287
564.511,1007.344,509.901,813.921,199.344,679.641,383.977,683.200
564.498,1007.445,509.866,813.942,199.297,679.814,384.108,683.245
564.416,1007.382,509.879,813.817,199.592,680.102,384.154,683.182
564.429,1007.376,509.846,814.049,199.406,680.220,384.007,683.275
564.557,1007.513,509.879,813.858,199.399,679.948,383.889,683.172
564.499,1007.436,509.960,814.021,199.482,682.558,383.855,683.145
564.389,1007.350,509.987,814.043,199.395,682.428,383.876,683.204
564.494,1007.436,509.947,814.047,199.411,679.934,384.014,683.335
564.521,1007.229,509.944,814.100,199.306,679.914,384.026,683.283
564.651,1007.456,509.832,814.012,199.643,680.220,383.834,683.126
564.614,1007.435,510.022,814.017,199.615,679.805,383.968,683.231
564.452,1007.499,510.015,813.953,199.505,679.680,384.090,683.339
564.485,1007.346,510.008,814.025,199.574,679.724,383.965,683.190
564.351,1007.319,509.927,813.869,199.600,679.974,383.941,683.170
564.297,1007.365,509.783,813.867,199.599,679.810,384.035,683.283
564.588,1007.260,509.646,813.896,199.671,679.856,384.030,683.288
564.327,1007.110,509.961,813.945,199.817,679.793,383.960,683.340
564.537,1007.338,509.907,813.877,199.689,679.611,383.705,683.012
564.517,1007.471,509.986,813.815,199.741,679.986,383.912,683.136
564.517,1007.499,509.682,813.781,199.794,679.776,383.891,683.264
564.496,1007.478,509.838,813.849,199.585,679.777,383.910,683.195
564.548,1007.644,509.787,813.938,199.724,680.072,383.857,683.066
564.606,1007.645,509.723,814.225,199.614,679.627,384.138,683.408
564.333,1007.222,509.556,814.257,199.941,676.762,383.837,683.217
564.603,1007.369,509.600,814.112,199.643,680.138,383.923,683.191
564.314,1007.011,509.555,814.170,199.534,680.019,383.895,683.166
564.512,1007.200,509.465,814.174,199.569,680.243,384.092,683.307
564.384,1007.082,509.476,814.054,199.633,680.394,383.787,683.081
564.578,1007.476,509.080,814.005,199.713,679.981,384.178,683.507
564.707,1007.303,508.961,814.241,199.526,680.057,383.916,683.362
564.446,1007.209,509.128,814.181,199.655,679.918,383.915,683.246
564.449,1007.319,509.191,814.177,199.695,680.336,383.725,683.165
564.468,1007.319,509.096,814.564,199.693,679.947,383.784,683.132
564.496,1007.280,509.102,815.040,199.432,682.928,383.885,683.302
564.508,1007.258,508.679,815.590,199.452,683.120,383.854,683.201
564.777,1007.559,508.609,815.399,199.750,680.258,384.024,683.427
564.604,1007.525,508.559,815.618,199.722,680.262,383.699,683.100
564.492,1007.439,508.640,815.348,199.684,680.120,383.876,683.280
564.558,1007.407,508.715,815.307,199.764,679.905,384.072,683.297
564.381,1007.355,508.847,815.178,199.753,680.138,383.948,683.305
564.424,1007.326,508.841,815.262,199.909,680.260,384.657,684.010
564.347,1007.305,508.769,815.319,199.823,680.369,384.607,683.967
564.341,1007.091,508.799,815.315,199.707,680.152,384.420,683.892
564.417,1007.195,508.639,815.570,199.838,679.797,384.385,683.897
564.430,1007.187,508.708,815.633,199.527,682.939,384.337,683.836
564.399,1007.403,508.580,815.572,199.516,682.804,384.258,683.779
564.627,1007.528,508.589,815.620,199.799,680.141,384.307,683.684
564.730,1007.635,508.392,815.715,199.779,683.199,384.327,683.701
564.164,1007.029,508.489,815.992,199.868,680.209,384.419,683.762
564.497,1007.345,508.334,816.578,199.848,680.083,384.307,683.623
564.642,1007.621,508.619,816.310,199.778,679.948,384.328,683.801
564.581,1007.487,508.274,816.675,199.977,679.861,384.321,683.796
564.497,1007.326,508.435,816.516,199.751,679.797,384.289,683.641
564.703,1007.509,508.405,816.712,199.852,680.203,384.185,683.547
564.495,1007.499,508.382,816.699,199.923,679.755,384.337,683.570
564.611,1007.586,508.079,817.041,199.883,679.842,384.428,683.797
564.479,1007.485,508.133,816.820,199.856,679.952,384.332,683.622
564.572,1007.798,507.589,817.419,199.644,680.447,384.387,683.569
564.979,1008.132,507.196,817.772,199.682,680.353,384.247,683.521
564.540,1007.414,507.182,818.105,199.650,680.373,384.609,683.766
564.781,1007.826,506.852,818.341,199.658,680.472,384.600,683.741
564.578,1007.562,506.609,818.143,199.603,680.476,384.453,683.623
564.488,1007.243,506.685,818.335,199.630,680.565,384.583,683.657
564.552,1007.525,506.573,818.267,199.591,680.176,384.533,683.849
564.532,1007.575,506.629,818.252,199.912,680.230,384.490,683.756
564.450,1007.548,506.448,818.288,199.624,680.100,384.554,683.705
564.508,1007.708,506.482,818.328,199.710,680.359,384.522,683.614
564.603,1007.570,506.267,818.278,199.660,680.026,384.282,683.375
564.569,1007.586,506.125,818.220,199.692,679.706,384.218,683.315
564.660,1007.469,506.173,818.462,199.760,679.807,384.137,683.351
564.533,1007.716,506.078,817.794,199.775,680.379,384.107,683.434
564.529,1007.533,505.726,817.503,199.733,680.137,384.213,683.509
564.460,1007.405,506.274,816.918,199.629,679.983,384.410,683.633
564.514,1007.437,506.645,816.847,199.809,680.272,384.358,683.548
564.487,1007.556,506.321,816.958,199.705,679.922,384.375,683.660
564.561,1007.826,506.447,816.597,199.701,679.999,384.237,683.509
564.768,1007.630,506.215,817.250,199.536,680.341,384.136,683.369
564.592,1007.559,506.041,817.482,199.546,680.303,384.526,683.686
564.658,1007.517,505.937,817.154,199.596,680.198,384.261,683.288
564.584,1007.412,506.050,817.085,199.624,679.728,384.248,683.320
564.466,1007.318,505.970,816.849,199.562,680.970,384.272,683.233
564.516,1007.440,506.325,817.314,199.610,679.858,384.190,683.290
564.712,1007.449,506.435,817.402,199.563,680.159,384.241,683.279
564.486,1007.528,506.123,817.618,199.443,683.049,384.313,683.421
564.616,1007.595,506.160,816.653,199.466,680.164,384.194,683.307
564.400,1007.632,506.399,816.962,199.662,679.879,383.987,683.160
564.544,1007.574,506.316,817.031,199.720,679.951,383.881,683.381
564.519,1007.389,506.455,816.761,199.619,680.675,384.156,683.249
564.593,1007.648,506.399,816.901,199.558,680.821,384.070,683.113
564.648,1007.809,506.179,817.795,199.634,680.218,384.025,683.350
564.639,1007.388,506.030,817.876,199.649,680.163,384.124,683.270
564.732,1007.609,506.199,817.810,199.618,679.766,384.256,683.337
564.603,1007.549,506.117,817.512,199.576,680.097,384.317,683.534
564.308,1007.423,506.064,817.803,199.681,680.067,384.389,683.568
564.292,1007.462,506.065,817.572,199.695,676.883,384.320,683.317
564.241,1007.466,506.031,817.539,199.737,676.908,384.320,683.323
564.352,1007.345,506.172,817.201,199.697,680.159,384.299,683.423
564.368,1007.465,506.026,817.404,199.629,680.132,384.383,683.517
564.561,1007.422,506.143,817.321,199.518,679.597,384.246,683.351
564.573,1007.575,506.251,817.275,199.406,680.095,384.216,683.351
564.555,1007.387,506.063,817.332,199.592,680.075,384.389,683.479
564.643,1007.843,505.832,817.114,199.385,679.972,384.379,683.551
564.660,1007.787,505.960,816.633,199.366,680.344,384.181,683.431
564.600,1007.829,505.989,816.689,199.646,680.134,384.353,683.507
564.461,1007.513,506.460,816.707,199.709,680.228,384.090,683.283
564.604,1007.467,506.428,816.745,199.615,680.230,384.265,683.406
564.494,1007.409,506.371,816.913,199.639,682.835,384.308,683.331
564.541,1007.355,506.217,817.377,199.709,679.944,384.259,683.240
564.366,1007.207,505.996,817.594,199.626,680.556,384.240,683.238
564.301,1007.375,506.533,817.189,199.524,680.193,384.027,683.239
564.465,1007.401,506.888,817.150,199.489,680.329,383.938,683.187
564.465,1007.295,506.433,817.095,199.540,680.185,384.153,683.295
564.577,1007.402,506.668,816.984,199.582,679.587,384.062,683.117
564.585,1007.362,506.063,817.600,199.667,679.709,384.459,683.564
564.595,1007.500,506.555,816.586,199.692,679.682,384.442,683.432
564.510,1007.371,506.450,816.490,199.745,679.692,384.152,683.404
564.460,1007.356,506.217,816.626,199.701,679.963,384.382,683.534
564.334,1007.255,506.291,816.575,199.617,679.640,384.158,683.182
564.651,1007.778,506.265,816.723,199.581,680.432,384.250,683.398
564.475,1007.516,506.090,816.788,199.386,680.104,384.288,683.355
564.300,1007.445,506.003,816.263,199.651,679.936,384.232,683.246
564.428,1007.373,505.919,817.103,199.540,679.884,384.229,683.328
564.639,1007.694,506.427,817.168,199.608,680.199,384.372,683.577
564.284,1007.356,505.759,817.015,199.555,680.160,384.434,683.661
564.584,1007.401,506.096,816.946,199.530,679.927,384.205,683.357
564.763,1007.490,506.166,817.094,199.576,679.934,384.308,683.494
564.665,1007.449,506.183,817.410,199.670,682.909,384.274,683.670
564.801,1007.858,505.940,817.674,199.604,681.118,384.306,683.697
564.687,1007.607,505.880,816.706,199.518,680.021,384.198,683.416
564.755,1007.689,505.805,816.763,199.621,680.308,384.387,683.464
564.312,1007.350,505.359,816.773,199.488,680.008,384.409,683.374
564.350,1007.366,505.192,816.730,199.539,680.099,384.310,683.488
564.505,1007.331,505.196,816.051,199.647,680.200,384.539,683.537
564.593,1007.737,505.051,816.781,199.738,679.450,384.237,683.262
564.691,1007.811,505.438,816.164,199.630,679.857,384.293,683.483
564.622,1007.427,505.252,816.546,199.725,679.983,384.407,683.433
564.906,1007.890,504.942,816.363,199.730,679.756,384.267,683.499
564.789,1007.586,504.498,816.667,199.610,680.101,384.419,683.366
564.586,1007.377,504.898,816.701,199.712,679.677,384.270,683.377
564.645,1007.604,505.413,816.762,199.374,679.930,384.141,683.294
564.721,1007.578,505.166,817.253,199.415,679.748,384.290,683.443
564.519,1007.342,505.429,817.205,199.555,680.001,384.322,683.364
564.413,1007.386,505.829,816.836,199.574,680.263,384.312,683.366
564.670,1007.538,505.837,816.541,199.586,679.530,384.114,683.266
564.616,1007.490,505.833,817.126,199.394,680.197,384.138,683.232
564.513,1007.390,505.825,816.978,199.437,680.963,384.136,683.286
564.527,1007.384,506.108,817.592,199.226,683.920,384.098,683.309
564.468,1007.342,505.817,818.280,199.515,681.169,384.213,683.394
564.572,1007.388,505.329,818.561,199.620,680.063,384.183,683.349
564.373,1007.165,504.608,819.572,199.454,680.014,384.168,683.326
564.384,1007.135,503.713,820.437,199.264,681.292,384.316,683.469
564.550,1007.395,502.839,820.744,199.465,680.412,384.243,683.270
564.453,1007.147,502.241,821.197,199.605,681.052,384.308,683.541
564.479,1007.246,502.318,821.203,199.391,682.845,384.357,683.389
564.533,1007.480,502.436,820.927,199.624,680.334,384.190,683.269
564.551,1007.455,502.456,821.123,199.676,680.480,384.230,683.356
564.777,1007.777,502.497,821.138,199.535,680.206,384.247,683.340
564.910,1008.030,502.383,820.349,199.565,679.872,384.312,683.321
564.546,1007.561,502.578,819.949,199.508,679.873,384.197,683.293
564.359,1007.415,502.815,819.895,199.562,679.331,384.210,683.309
564.424,1007.434,502.549,819.960,199.511,679.695,384.298,683.397
564.530,1007.549,502.618,819.756,199.546,680.667,384.140,683.307
564.803,1007.718,502.828,819.936,199.526,679.890,384.085,683.387
564.464,1007.301,503.412,819.546,199.567,679.436,384.048,683.184
564.344,1007.299,503.053,819.364,199.458,679.441,384.215,683.296
564.240,1007.193,503.556,819.741,199.472,679.891,384.123,683.239
564.433,1007.468,503.180,819.067,199.472,679.823,384.286,683.201
564.393,1007.461,502.786,819.566,199.141,682.516,383.908,683.149
564.394,1007.534,503.272,818.707,199.369,679.408,384.307,683.292
564.352,1007.460,503.380,818.640,199.664,679.665,384.235,683.288
564.391,1007.117,503.462,818.906,199.367,679.404,384.226,683.333
564.483,1007.452,503.603,818.845,199.564,680.180,383.986,683.364
564.307,1007.439,503.820,818.630,199.424,680.056,384.115,683.214
564.468,1007.377,503.353,819.345,199.451,680.086,383.791,683.240
564.403,1007.416,502.925,818.549,199.503,679.896,384.073,683.039
564.330,1007.508,502.951,819.044,199.525,679.929,384.163,683.201
564.529,1007.630,503.403,818.869,199.341,679.990,384.015,683.373
564.458,1007.687,503.262,819.548,199.281,679.793,384.010,683.209
564.360,1007.328,502.568,819.468,199.575,679.954,384.157,683.347
564.646,1007.626,502.578,820.087,199.579,680.019,384.323,683.264
564.490,1007.617,502.661,819.338,199.583,680.024,384.166,683.129
564.532,1007.577,502.935,818.870,199.542,679.979,383.895,683.016
564.135,1007.396,502.642,819.899,199.496,680.070,384.023,683.226
564.296,1007.325,502.579,819.928,199.538,680.118,384.011,683.309
564.438,1007.327,502.827,820.028,199.710,680.112,384.125,683.381
564.299,1007.142,502.334,820.281,199.649,679.996,384.310,683.527
564.255,1007.137,502.890,818.863,199.609,679.575,384.453,683.649
564.356,1007.445,503.122,819.181,199.600,680.000,384.079,683.354
564.313,1007.203,502.654,819.878,199.258,682.974,384.064,683.344
564.722,1007.595,502.117,819.397,199.590,679.964,384.179,683.286
564.393,1007.370,502.885,819.125,199.472,683.038,384.155,683.339
564.740,1007.487,502.835,819.897,199.641,680.123,384.064,683.245
564.547,1007.402,502.659,820.391,199.749,680.155,383.958,683.203
564.628,1007.529,502.121,819.617,199.599,680.139,384.206,683.479
564.699,1007.544,502.943,819.946,199.616,680.040,383.920,683.228
564.460,1007.525,502.873,819.551,199.732,680.051,384.007,683.230
564.476,1007.521,502.913,820.111,199.610,679.993,383.912,683.166
564.635,1007.692,502.218,820.470,199.695,679.837,383.842,683.061
564.455,1007.572,502.270,820.926,199.414,679.433,383.886,683.127
564.426,1007.374,502.189,821.270,199.444,679.950,383.829,683.119
564.387,1007.422,501.588,821.673,199.575,679.928,383.770,683.154
564.305,1007.425,501.677,821.945,199.508,679.962,383.822,683.158
564.512,1007.443,502.389,821.493,199.233,682.576,383.925,683.298
564.519,1007.269,502.244,821.639,199.580,680.178,383.859,683.200
564.578,1007.655,502.345,821.705,199.419,679.914,383.920,683.155
564.586,1007.540,501.563,821.904,199.406,679.910,383.887,683.010
564.485,1007.256,501.720,821.778,199.323,682.700,384.051,683.200
564.170,1007.103,501.629,821.642,199.215,682.781,383.921,683.142
564.506,1007.499,501.821,821.323,199.515,682.933,384.234,683.389
564.270,1007.200,501.798,821.485,199.504,679.892,384.127,683.338
564.374,1007.448,501.781,821.183,199.555,680.069,384.175,683.326
564.503,1007.624,502.050,821.135,199.490,682.963,384.258,683.292
564.411,1007.441,502.295,821.322,199.485,682.904,384.228,683.272
564.359,1007.277,502.183,821.261,199.605,679.839,383.942,683.195
564.594,1007.618,501.971,821.095,199.682,680.195,383.969,683.218
564.410,1007.257,502.143,821.293,199.607,680.050,383.971,683.082
564.551,1007.510,502.301,821.420,199.657,679.897,383.865,683.166
564.582,1007.495,502.277,821.400,199.617,679.879,384.083,683.195
564.491,1007.345,502.126,821.386,199.593,679.747,384.006,683.123
564.502,1007.157,502.129,821.116,199.697,680.890,383.959,683.158
564.539,1007.194,501.894,821.564,199.611,682.803,384.091,683.287
564.566,1007.406,501.986,821.581,199.612,682.931,384.119,683.192
564.246,1007.327,501.950,821.772,199.549,680.696,383.836,683.103
564.537,1007.614,501.968,821.474,199.185,683.220,384.035,683.356
564.393,1007.209,502.012,821.419,199.481,679.850,384.175,683.313
564.530,1007.373,501.783,821.448,199.606,679.892,384.126,683.366
564.367,1007.366,501.700,821.531,199.623,680.018,383.949,683.173
564.442,1007.372,501.970,821.665,199.687,680.139,383.901,682.981
564.301,1007.344,501.894,821.715,199.746,680.245,384.106,683.289
564.470,1007.703,501.589,821.925,199.688,680.271,384.031,683.246
564.443,1007.275,501.573,821.600,199.627,679.861,384.006,683.272
564.344,1007.166,501.724,821.392,199.730,679.670,384.013,683.331
564.598,1007.482,501.400,821.597,199.695,679.715,383.895,683.192
564.562,1007.478,502.003,821.467,199.641,679.810,384.037,683.154
564.771,1007.747,501.945,821.479,199.768,679.966,384.006,683.175
564.725,1007.635,501.911,821.604,199.757,679.927,383.957,683.250
564.350,1007.442,501.991,821.672,199.573,680.548,384.220,683.479
564.511,1007.542,501.679,821.739,199.681,680.224,383.971,683.203
564.665,1007.833,502.033,821.230,199.460,680.150,383.552,682.871
564.576,1007.549,501.485,820.773,199.649,680.093,383.885,683.123
564.584,1007.406,502.033,819.965,199.606,680.077,384.012,683.157
564.351,1007.372,501.996,820.805,199.548,680.038,383.874,683.233
564.585,1007.555,502.180,820.906,199.703,680.245,383.991,683.320
564.419,1007.381,501.885,821.240,199.692,679.888,384.115,683.297
564.605,1007.751,501.677,820.974,199.777,679.929,384.071,683.272
564.499,1007.710,501.721,819.732,199.729,680.410,383.885,683.106
564.432,1007.661,501.712,819.307,199.767,680.457,383.897,683.199
564.376,1007.478,501.473,819.145,199.871,679.930,383.897,683.330
564.225,1007.284,501.624,819.752,199.838,680.105,383.833,683.271
564.431,1007.533,500.975,819.347,199.603,682.938,383.902,683.278
564.355,1007.347,501.296,819.309,199.543,680.085,384.101,683.352
564.241,1007.291,501.568,818.924,199.581,683.139,384.167,683.338
564.431,1007.231,501.303,819.284,199.552,679.659,384.045,683.160
564.478,1007.222,500.930,818.973,199.616,680.111,384.017,683.079
564.482,1007.400,500.972,819.339,199.865,680.315,383.925,683.169
564.505,1007.405,500.568,818.901,199.715,680.058,384.137,683.197
564.578,1007.603,501.099,818.852,199.672,680.040,383.910,683.085
564.391,1007.497,500.995,818.021,199.642,680.179,383.882,683.071
564.561,1007.282,501.614,817.483,199.503,679.827,383.768,683.361
564.540,1007.479,501.326,817.810,199.556,679.878,383.910,683.475
564.290,1007.395,501.066,817.144,199.712,680.174,383.901,683.219
564.467,1007.687,500.854,817.735,199.516,679.808,383.839,683.111
564.384,1007.494,500.526,817.918,199.581,680.144,383.158,682.580
564.135,1007.181,500.177,817.925,199.608,683.196,383.816,683.175
564.620,1007.624,500.035,818.035,199.598,680.180,383.792,683.201
564.601,1007.744,500.261,818.336,199.722,680.253,383.787,682.996
564.496,1007.377,500.146,818.153,199.500,680.242,383.749,683.257
564.676,1007.734,500.651,817.973,199.813,680.407,383.834,683.060
564.471,1007.498,499.888,818.524,199.750,680.309,384.001,683.295
564.433,1007.490,500.481,818.369,199.746,680.448,384.007,683.295
564.467,1007.626,500.550,818.234,199.675,680.125,384.092,683.282
564.410,1007.330,500.561,818.285,199.691,680.511,384.006,683.452
564.505,1007.478,500.829,818.150,199.662,680.099,383.948,683.272
564.510,1007.443,500.764,818.132,199.780,680.130,383.830,683.196
564.606,1007.469,500.665,818.635,199.835,680.042,383.908,683.194
564.800,1007.771,500.627,818.538,199.882,679.987,383.480,683.212
564.325,1007.486,500.380,818.753,199.708,680.274,383.851,683.142
564.422,1007.520,500.482,818.515,199.834,679.780,383.866,683.036
564.527,1007.399,500.741,818.173,199.523,679.934,383.958,683.181
564.539,1007.585,500.777,818.161,199.654,680.130,383.822,683.024
564.569,1007.618,500.544,818.291,199.764,680.095,383.886,683.138
564.642,1007.666,500.713,818.375,199.704,680.095,383.766,683.053
564.427,1007.340,500.217,818.660,199.691,680.191,383.639,683.161
564.278,1007.293,500.148,818.556,199.760,680.109,384.021,683.211
564.551,1007.658,500.253,818.342,199.723,679.875,383.961,683.209
564.661,1007.544,500.146,818.318,199.699,680.074,383.826,683.193
564.411,1007.342,499.975,818.562,199.666,679.985,383.615,682.996
564.545,1007.439,499.809,818.714,199.647,679.701,383.611,682.943
564.329,1007.283,499.970,818.830,199.950,680.306,383.820,683.034
564.536,1007.456,500.311,818.564,199.689,680.326,383.834,683.108
564.533,1007.407,500.356,818.677,199.811,680.100,383.822,682.915
564.330,1007.534,500.116,818.511,199.704,680.311,383.793,683.089
564.514,1007.523,500.399,818.727,199.669,680.540,383.748,683.062
564.651,1007.758,500.200,818.331,199.666,680.594,383.675,683.040
564.558,1007.424,500.339,818.167,199.688,680.048,383.709,683.126
564.285,1007.307,500.487,818.248,199.718,680.447,383.821,683.054
564.266,1007.324,500.221,818.530,199.804,680.404,383.910,683.048
564.463,1007.638,500.368,818.329,199.757,680.354,383.845,683.169
564.506,1007.545,500.293,818.327,199.752,680.369,383.786,683.172
564.569,1007.493,500.432,818.103,199.405,681.239,383.870,683.016
564.316,1007.351,500.266,818.358,199.825,680.339,384.040,683.256
564.525,1007.542,500.759,817.842,199.761,680.342,383.709,682.935
564.547,1007.472,500.283,818.435,199.839,680.212,383.611,682.980
564.535,1007.386,500.713,817.797,199.840,680.486,383.693,683.161
564.324,1007.328,500.259,818.320,199.846,680.464,383.726,683.129
564.443,1007.222,500.074,818.561,199.844,680.340,383.786,683.147
564.447,1007.498,499.910,819.200,199.925,679.815,383.663,682.949
564.615,1007.680,499.982,819.006,199.906,679.655,383.745,683.227
564.561,1007.553,500.149,818.535,199.752,680.911,383.530,683.043
564.835,1007.656,500.133,818.843,199.832,679.886,383.551,682.970
564.084,1007.208,500.061,818.521,199.751,680.084,383.703,683.074
564.156,1007.184,499.897,818.445,199.767,680.338,383.635,682.928
564.080,1007.063,500.151,818.901,199.842,679.992,382.962,682.629
564.364,1007.558,500.353,818.830,199.614,680.243,383.532,682.994
564.395,1007.754,500.245,818.837,199.870,680.902,383.532,683.072
564.456,1007.319,500.205,818.973,199.862,679.865,383.685,683.129
564.406,1007.389,500.144,818.941,199.831,680.112,383.670,683.080
564.641,1007.652,500.165,818.958,199.796,680.089,383.916,683.307
564.343,1007.303,500.156,818.822,199.814,680.018,383.875,683.308
564.258,1007.324,499.960,818.730,199.631,680.064,383.921,683.228
564.321,1007.438,499.756,818.653,199.657,680.002,383.837,683.228
564.250,1007.422,499.479,818.943,199.499,679.892,383.794,683.191
564.292,1007.465,499.519,818.771,199.587,679.885,383.764,683.139
564.349,1007.467,499.686,818.724,199.703,679.913,383.707,683.208
564.318,1007.320,499.849,818.665,199.747,679.938,383.786,683.247
564.494,1007.669,499.972,818.532,199.525,680.297,383.960,683.366
564.408,1007.356,500.306,818.081,199.748,680.191,383.741,683.187
564.382,1007.272,500.262,817.888,199.580,679.998,383.936,683.128
564.332,1007.279,499.671,818.519,199.480,680.649,383.823,683.111
564.389,1007.274,500.114,818.216,199.535,680.073,384.147,683.411
564.404,1007.365,499.754,818.711,199.726,679.897,383.666,682.984
564.372,1007.336,500.056,818.385,199.679,679.795,383.747,683.138
564.306,1007.328,499.805,818.649,199.728,680.381,383.674,682.962
564.290,1007.385,500.030,818.386,199.486,680.002,383.618,683.081
564.245,1007.276,500.149,817.926,199.511,683.535,383.653,682.852
564.440,1007.340,500.216,818.161,199.554,683.345,383.681,683.025
564.273,1007.272,500.438,818.748,199.790,680.497,383.591,682.998
564.410,1007.232,500.494,818.840,199.761,680.349,383.519,682.944
564.517,1007.773,500.034,819.209,199.719,679.988,383.861,683.076
564.564,1007.709,499.850,819.030,199.596,680.032,383.701,683.222
564.428,1007.643,500.183,818.916,199.422,680.351,383.657,683.118
564.199,1007.325,499.557,819.092,199.602,680.478,383.637,683.127
564.192,1007.179,500.058,819.032,199.531,680.309,383.797,683.116
564.137,1007.216,500.243,819.041,199.752,680.087,383.769,683.232
564.228,1007.402,499.829,819.268,199.565,680.850,383.649,683.065
564.380,1007.406,500.158,818.967,199.749,680.413,383.930,683.291
564.395,1007.461,499.907,819.110,199.865,680.393,383.825,683.259
564.447,1007.488,499.866,818.935,199.606,680.402,383.774,683.220
564.396,1007.491,499.945,818.901,199.690,680.173,383.992,683.426
564.420,1007.332,500.029,818.942,199.628,680.434,383.919,683.318
564.315,1007.247,500.016,819.063,199.546,680.097,383.847,683.300
564.579,1007.617,500.185,818.807,199.534,680.371,383.771,683.165
564.459,1007.556,499.956,819.123,199.669,679.702,383.726,683.104
564.509,1007.647,499.949,819.380,199.679,680.192,383.806,683.313
564.448,1007.518,500.006,819.302,199.749,679.929,383.595,683.292
564.497,1007.479,499.881,819.386,199.798,680.101,383.545,683.156
564.672,1007.787,499.824,819.193,199.720,680.040,383.628,683.127
564.525,1007.687,499.768,819.356,199.572,680.062,383.436,683.021
564.440,1007.473,499.861,819.318,199.404,680.359,383.694,683.107
564.640,1007.572,499.942,819.246,199.666,680.305,383.874,683.276
564.421,1007.484,500.146,818.907,199.830,680.168,383.821,683.071
564.767,1007.518,500.085,818.889,199.806,680.102,383.928,683.032
564.726,1007.440,499.984,819.012,199.724,680.179,383.845,683.088
564.715,1007.522,500.116,819.000,199.737,680.039,383.959,683.134
564.603,1007.454,499.902,819.281,199.729,679.858,383.801,682.975
564.424,1007.165,500.009,819.513,199.830,679.903,383.579,683.128
564.651,1007.522,499.407,819.311,199.676,680.113,382.913,682.655
564.604,1007.529,499.486,819.093,199.715,680.044,383.543,682.934
564.561,1007.347,499.705,819.326,199.662,680.190,383.331,682.843
564.655,1007.801,500.102,818.964,199.793,680.603,383.005,682.580
564.522,1007.496,499.436,818.621,199.794,680.424,383.353,682.846
564.346,1007.415,499.635,819.349,199.780,679.990,383.705,683.115
564.413,1007.331,499.708,819.329,199.656,680.118,383.771,683.109
564.399,1007.330,499.635,819.082,199.434,680.263,383.658,683.077
564.374,1007.148,499.877,818.727,199.668,680.152,383.596,682.971
564.241,1007.026,499.877,819.047,199.679,680.045,383.479,683.065
564.234,1007.069,499.790,818.946,199.617,680.139,383.530,683.157
564.411,1007.349,499.625,819.120,199.603,680.271,383.618,682.982
564.458,1007.517,499.833,819.336,199.719,680.482,383.510,682.987
564.466,1007.544,499.710,819.320,199.454,680.062,383.646,683.016
564.171,1007.373,499.444,819.559,199.757,680.379,383.724,683.103
564.332,1007.516,499.498,819.491,199.706,680.328,383.791,683.156
564.394,1007.393,499.579,819.670,199.787,680.418,383.585,683.030
564.512,1007.599,499.563,819.626,199.651,680.396,383.539,683.066
564.365,1007.386,499.863,819.522,199.455,682.739,383.637,683.088
564.276,1007.471,500.073,819.566,199.441,682.930,383.609,683.043
564.468,1007.637,500.422,819.418,199.670,680.795,383.644,683.146
564.481,1007.632,499.794,819.673,199.551,680.560,383.847,683.309
564.525,1007.406,499.771,819.650,199.673,680.057,383.860,683.183
564.580,1007.533,499.750,819.729,199.792,680.139,383.760,683.068
564.476,1007.510,499.605,819.555,199.818,680.016,383.410,682.857
564.545,1007.551,499.611,819.552,199.789,680.474,383.556,683.025
564.676,1007.603,499.854,819.149,199.681,680.206,383.811,683.151
564.544,1007.556,499.783,819.303,199.548,680.267,383.760,683.197
564.570,1007.540,499.621,819.484,199.618,680.206,383.671,683.152
564.362,1007.380,499.716,819.582,199.623,679.745,383.617,683.039
564.407,1007.310,499.770,819.458,199.597,679.400,383.570,683.093
564.448,1007.660,499.915,819.442,199.504,680.147,383.526,682.863
564.530,1007.544,499.838,819.580,199.358,679.788,383.743,682.770
564.629,1007.401,499.791,819.500,199.648,680.367,383.664,683.339
564.578,1007.442,499.802,819.526,199.611,680.176,383.535,683.134
564.538,1007.417,499.493,819.981,199.612,680.038,383.646,683.106
564.527,1007.300,499.529,819.887,199.544,680.002,383.487,682.821
564.473,1007.242,499.603,819.487,199.804,680.301,383.563,682.896
564.494,1007.465,499.916,819.739,199.585,682.868,383.646,683.004
564.579,1007.444,499.853,819.944,199.734,680.199,383.789,683.277
564.665,1007.573,499.769,819.962,199.481,680.179,383.912,683.218
564.684,1007.725,499.830,820.195,199.485,679.979,383.842,683.260
564.516,1007.552,499.859,819.705,199.612,680.875,383.675,683.255
564.517,1007.429,499.640,819.539,199.690,680.248,383.727,683.282
564.631,1007.649,499.767,819.673,199.772,680.254,383.645,683.121
564.616,1007.661,499.602,819.641,199.969,680.242,383.716,683.040
564.640,1007.694,499.662,819.190,199.482,680.116,383.642,683.130
564.650,1007.537,499.865,819.103,199.565,680.142,383.721,683.052
564.587,1007.628,500.346,819.143,199.544,680.092,383.704,683.184
564.719,1007.693,499.727,819.288,199.539,679.729,383.754,683.194
564.478,1007.327,499.734,819.295,199.632,680.064,383.557,683.033
564.475,1007.492,499.703,819.675,199.595,680.158,383.857,683.403
564.506,1007.375,499.925,819.657,199.529,679.523,383.500,682.850
564.607,1007.361,499.797,819.802,199.521,679.705,383.628,683.042
564.456,1007.294,499.783,819.791,199.578,679.716,383.487,682.934
564.829,1007.680,499.747,819.729,199.585,680.328,383.557,683.118
564.555,1007.398,499.679,819.882,199.605,680.203,383.383,682.988
564.605,1007.722,499.811,820.064,199.706,680.315,383.431,683.658
564.552,1007.707,499.845,819.983,199.599,680.288,383.299,683.079
564.654,1007.827,499.882,819.752,199.646,682.907,383.148,683.024
564.643,1007.733,499.843,819.884,199.750,680.354,383.204,683.025
564.386,1007.131,499.916,819.550,199.669,680.231,383.233,683.009
564.295,1007.162,499.901,819.482,199.671,680.146,383.238,683.034
564.420,1007.339,499.787,819.842,199.724,680.129,383.378,683.206
564.452,1007.503,499.685,819.962,199.738,680.362,383.234,683.059
564.668,1007.571,499.468,820.196,199.698,679.969,383.388,683.185
564.374,1007.390,499.898,819.689,199.620,679.742,383.306,683.002
564.469,1007.501,499.795,819.710,199.705,679.681,383.420,683.099
564.498,1007.540,499.771,819.844,199.651,679.738,383.425,683.246
564.676,1007.703,499.696,819.535,199.731,679.831,383.381,683.202
564.712,1007.612,499.754,819.449,199.627,679.793,383.404,683.114
564.672,1007.604,500.167,819.462,199.652,680.061,383.402,683.018
564.661,1007.646,499.981,819.708,199.507,680.106,383.394,682.931
564.349,1007.361,500.440,819.652,199.487,679.948,383.496,683.045
564.609,1007.618,500.314,819.467,199.462,680.414,383.725,683.351
564.514,1007.591,499.960,819.618,199.468,680.167,383.739,683.299
564.514,1007.526,499.801,819.482,199.633,680.091,383.495,683.221
564.509,1007.748,499.981,819.458,199.575,680.325,383.571,683.640
564.486,1007.306,499.623,819.555,199.614,679.592,383.546,683.301
564.705,1007.678,499.509,819.593,199.527,679.821,383.530,683.205
564.568,1007.415,499.364,819.723,199.505,679.867,383.641,683.332
564.702,1007.683,499.740,819.643,199.617,680.140,383.552,683.227
564.685,1007.493,499.591,819.551,199.598,679.896,383.617,683.185
564.321,1007.328,499.426,819.672,199.808,680.365,383.658,683.309
564.365,1007.309,499.572,819.496,199.676,680.373,383.712,683.257
564.404,1007.193,499.887,819.423,199.670,680.171,383.611,683.297
564.429,1007.343,499.500,819.300,199.655,680.197,383.528,683.135
564.518,1007.426,500.068,819.384,199.914,679.986,383.400,683.094
564.541,1007.314,499.605,819.511,199.841,680.567,383.544,683.106
564.411,1007.521,499.732,819.493,199.798,680.499,383.431,682.990
564.495,1007.406,499.755,819.480,199.695,681.177,383.519,683.077
564.539,1007.520,499.585,819.358,199.734,680.322,383.370,683.406
564.286,1007.101,499.321,819.488,199.863,680.423,383.554,683.023
564.450,1007.213,498.988,819.620,199.810,680.262,383.471,683.051
564.875,1007.859,499.558,819.394,199.697,680.420,383.544,683.149
564.570,1007.478,499.841,819.308,199.688,680.204,383.594,683.060
564.425,1007.233,499.445,819.417,199.534,683.352,383.554,683.174
564.526,1007.358,499.238,819.380,199.632,681.211,383.495,683.011
564.815,1007.995,499.830,819.220,199.802,679.929,383.521,682.980
564.702,1007.915,500.237,819.572,199.909,679.524,383.464,683.157
564.618,1007.519,500.349,819.327,199.640,679.924,383.666,683.308
564.445,1007.437,500.143,819.409,199.711,679.954,383.600,683.187
564.469,1007.505,500.151,819.654,199.853,679.833,383.681,683.196
564.253,1007.115,499.781,819.577,199.837,680.353,383.635,683.077
564.387,1007.203,499.919,819.593,199.806,679.788,383.529,682.904
564.451,1007.292,499.718,819.787,199.725,682.511,383.524,683.218
564.458,1007.339,499.576,819.569,199.771,680.764,383.495,683.092
564.574,1007.329,499.634,819.142,199.859,680.198,383.683,683.305
564.601,1007.360,500.051,819.127,199.833,680.441,383.783,683.200
564.573,1007.608,499.820,819.477,199.560,682.999,383.518,683.152
564.540,1007.576,499.921,819.776,199.634,683.040,383.427,682.904
564.275,1007.176,499.856,819.701,199.641,680.423,383.440,683.025
564.304,1007.416,499.628,819.639,199.696,680.379,383.455,682.979
564.675,1007.753,499.751,819.839,199.836,680.905,383.552,683.057
564.631,1007.643,499.441,820.028,199.857,680.441,383.479,682.881
564.375,1007.141,499.445,819.799,199.651,681.032,382.936,682.712
564.693,1007.737,499.518,819.870,199.599,680.335,383.340,682.910
564.678,1007.499,499.306,819.990,199.762,680.160,383.362,683.352
564.639,1007.536,499.524,819.613,199.605,679.909,383.617,682.956
564.634,1007.538,499.536,819.652,199.730,679.824,383.723,683.134
564.622,1007.468,499.368,819.885,199.856,679.928,383.591,683.048
564.595,1007.611,499.458,819.665,199.879,679.860,383.806,683.128
564.480,1007.380,499.597,819.441,199.907,680.243,383.539,683.517
564.591,1007.478,499.303,819.612,199.866,680.588,383.539,683.485
564.505,1007.417,499.524,819.802,200.081,680.249,383.714,683.241
564.334,1007.491,499.411,819.876,199.893,680.210,383.660,683.178
564.295,1007.300,499.397,819.890,199.749,680.685,383.493,682.849
564.540,1007.406,499.325,819.857,199.850,680.351,383.508,683.053
564.718,1007.581,499.554,819.875,199.829,680.157,383.400,682.828
564.567,1007.397,499.748,819.492,199.904,680.205,383.373,682.792
564.393,1007.121,499.217,819.815,199.815,680.445,383.679,682.947
564.269,1007.138,499.676,819.643,199.687,680.352,383.505,682.829
564.292,1007.087,499.263,819.524,199.651,680.202,383.484,682.934
564.471,1007.362,499.479,819.416,199.821,680.187,383.563,683.078
564.453,1007.227,499.609,819.450,199.916,680.160,383.622,683.117
564.351,1007.246,499.593,819.682,199.782,680.157,383.609,683.121
564.497,1007.302,499.668,819.426,199.949,680.184,383.473,683.005
564.328,1007.193,499.464,819.443,199.923,679.640,383.539,682.997
564.329,1007.329,499.157,819.666,199.977,680.123,383.515,683.175
564.532,1007.276,499.661,819.676,199.831,679.808,383.591,683.041
564.735,1007.530,499.369,819.605,199.862,679.571,383.510,683.081
564.521,1007.223,499.309,819.284,199.850,680.180,383.564,683.159
564.576,1007.368,499.096,819.421,199.831,680.292,383.553,683.038
564.311,1007.082,499.258,819.477,199.878,680.187,383.433,682.989
564.263,1007.086,499.303,819.150,199.560,680.295,383.420,682.941
564.354,1007.238,499.375,819.342,199.759,680.353,383.380,682.934
564.387,1007.123,499.259,819.389,199.869,680.376,383.454,683.011
564.358,1007.126,499.580,819.242,199.925,680.435,383.416,682.998
564.318,1007.387,499.279,819.266,199.902,680.579,383.181,682.927
564.378,1007.199,499.709,819.174,199.742,680.593,383.205,683.044
564.387,1007.231,499.502,819.262,199.837,680.578,383.436,683.047
564.403,1007.270,499.677,819.322,199.650,680.434,383.381,683.002
564.364,1007.113,500.095,818.619,199.644,683.825,383.524,683.115
564.517,1007.246,499.827,819.328,199.644,680.622,383.536,683.072
564.440,1007.332,499.399,819.279,199.836,680.395,383.465,683.167
564.496,1007.349,499.028,819.814,199.924,680.491,383.407,682.976
564.609,1007.593,499.318,819.415,199.832,679.855,383.437,683.198
564.402,1007.319,498.862,819.432,199.997,681.163,383.713,683.093
564.602,1007.399,498.839,819.361,199.948,681.176,383.805,683.234
564.491,1007.215,498.920,819.586,199.754,680.126,383.579,683.045
564.670,1007.382,499.168,819.608,199.656,679.606,383.541,683.170
564.320,1007.337,499.548,818.895,199.900,679.992,383.528,683.091
564.474,1007.226,499.422,818.727,199.762,679.847,383.542,683.149
564.549,1007.351,499.156,819.153,199.716,679.946,383.483,682.994
564.651,1007.477,499.046,819.018,199.845,680.043,383.501,682.877
564.539,1007.367,499.227,818.795,199.760,679.819,383.404,682.975
564.659,1007.506,499.004,818.642,199.845,680.063,383.522,683.172
564.796,1007.607,499.015,818.680,199.778,683.212,383.408,683.225
564.476,1007.155,499.026,818.868,199.936,679.988,383.372,683.042
564.537,1007.456,499.021,818.890,199.851,680.522,383.291,683.118
564.645,1007.463,498.779,819.031,199.728,679.730,383.487,683.156
564.547,1007.625,498.764,819.558,199.707,682.559,383.547,683.133
564.428,1007.440,498.875,818.855,199.578,680.518,383.487,682.979
564.624,1007.575,498.955,818.505,199.812,680.349,383.588,683.020
564.541,1007.546,499.353,817.880,199.718,680.090,383.607,683.174
564.554,1007.472,498.925,818.613,199.677,679.969,383.627,683.135
564.647,1007.681,498.890,819.406,199.715,680.261,383.669,683.231
564.586,1007.411,498.955,819.597,199.593,683.404,383.608,683.200
564.449,1007.282,499.123,819.633,199.864,680.298,383.529,683.098
564.681,1007.425,499.228,819.497,199.933,680.493,383.593,683.138
564.496,1007.348,498.937,819.614,199.691,680.137,383.397,683.049
564.671,1007.513,498.930,819.710,199.730,680.435,383.618,683.230
564.430,1007.396,498.864,819.688,199.815,679.893,383.360,683.119
564.433,1007.425,498.607,819.896,199.800,679.944,383.467,683.247
564.461,1007.338,498.552,819.919,199.335,683.086,383.505,683.194
564.499,1007.317,498.502,819.755,199.802,679.934,383.801,683.446
564.415,1007.302,498.717,819.498,199.853,679.897,383.597,683.261
564.451,1007.827,499.009,818.750,199.761,680.257,383.574,683.219
564.204,1007.312,498.594,819.689,199.756,680.113,383.529,683.060
564.396,1007.467,498.787,819.806,199.644,679.889,383.668,683.062
564.453,1007.414,499.009,819.449,199.664,683.368,383.590,683.088
564.356,1007.346,499.105,819.604,199.994,680.031,383.495,683.088
564.296,1007.280,499.387,819.759,199.935,679.805,383.190,683.120
564.450,1007.443,499.563,819.745,199.786,679.881,383.499,683.428
564.527,1007.661,499.325,819.784,199.888,679.949,383.265,683.308
564.393,1007.339,499.415,819.945,199.834,679.961,383.439,683.348
564.589,1007.613,499.680,819.909,199.932,680.094,383.510,683.087
564.455,1007.463,499.533,819.926,199.740,680.193,383.008,683.184
564.459,1007.434,499.538,819.609,199.755,680.350,383.375,683.026
564.635,1007.469,499.460,819.738,199.714,679.840,383.456,683.132
564.663,1007.626,499.851,819.642,199.833,680.351,383.486,683.186
564.521,1007.564,499.293,819.911,199.809,681.326,383.433,683.080
564.782,1007.670,499.535,819.791,199.908,680.489,383.454,683.106
564.853,1007.856,499.415,819.741,199.467,680.198,383.425,683.116
564.704,1007.644,499.428,819.928,199.695,679.982,383.488,682.981
564.500,1007.514,499.277,820.019,199.841,679.908,383.497,682.961
564.914,1007.881,499.502,819.901,199.667,682.879,383.459,683.003
564.566,1007.627,499.384,819.704,199.604,682.718,383.228,683.322
564.324,1007.273,499.439,819.578,199.590,680.259,383.522,683.132
564.273,1007.191,499.500,819.819,199.561,679.719,383.415,682.923
564.546,1007.347,499.595,819.744,199.553,679.744,383.494,683.069
564.531,1007.587,499.875,819.569,199.609,679.884,383.560,683.119
564.269,1007.159,499.787,819.450,199.348,682.580,383.390,682.965
564.621,1007.555,499.615,819.750,199.612,679.544,383.625,683.143
564.595,1007.528,499.725,819.661,199.751,679.851,383.688,683.132
564.431,1007.323,499.620,819.647,199.694,679.875,383.659,683.146
564.391,1007.370,499.889,819.542,199.768,679.747,383.483,682.997
564.449,1007.333,499.647,819.592,199.612,682.824,383.714,683.155
564.407,1007.483,499.736,819.803,199.753,679.516,383.703,683.090
564.176,1007.437,499.708,819.651,199.459,679.863,383.704,683.121
564.537,1007.816,499.779,819.669,199.692,680.619,383.654,683.144
564.922,1007.944,499.807,819.750,199.523,682.587,383.613,683.292
564.663,1007.540,499.857,820.213,199.682,680.203,383.933,683.430
564.660,1007.712,499.846,819.701,199.723,679.922,383.680,683.221
564.421,1007.421,500.020,819.370,199.769,679.574,383.606,683.347
564.578,1007.613,499.896,819.587,199.800,679.777,383.536,683.246
564.644,1007.604,499.602,819.248,199.579,680.428,383.471,683.108
564.704,1007.538,499.538,819.971,199.592,680.231,383.485,683.133
564.496,1007.529,499.261,819.303,199.657,680.122,383.474,683.206
564.751,1007.689,498.986,819.662,199.727,680.089,383.422,683.087
564.436,1007.622,498.514,819.987,199.643,680.130,383.551,683.241
564.487,1007.444,498.459,819.829,199.567,680.437,383.366,683.112
564.537,1007.497,498.031,820.294,199.506,680.761,383.331,682.998
564.716,1007.648,498.122,820.317,199.705,679.824,383.176,682.947
564.672,1007.654,498.196,820.486,199.764,680.225,383.283,683.059
564.684,1007.739,498.463,820.215,199.553,680.530,383.476,683.083
564.457,1007.444,498.447,820.110,199.587,679.849,383.393,683.101
564.444,1007.320,498.461,820.267,199.735,680.108,383.587,683.149
564.620,1007.459,498.502,820.218,199.662,680.236,383.586,683.132
564.741,1007.732,498.693,820.057,199.573,680.007,383.605,683.159
564.749,1007.685,498.796,820.013,199.513,679.931,383.543,683.099
564.335,1007.306,499.126,819.550,199.662,680.181,383.376,683.059
564.673,1007.550,499.348,819.489,202.388,675.221,383.312,682.893
564.437,1007.492,499.536,819.749,202.706,674.447,383.466,683.164
564.635,1007.707,499.539,819.712,201.860,680.366,383.203,682.961
564.523,1007.362,499.465,819.869,202.616,676.302,383.406,683.060
564.664,1007.610,499.311,820.146,202.356,679.831,383.500,683.116
564.539,1007.518,499.056,820.413,204.556,675.631,383.543,683.071
564.376,1007.607,498.842,820.900,204.983,676.203,383.649,683.025
564.433,1007.377,498.811,820.761,205.456,676.098,383.616,682.989
564.412,1007.446,498.788,821.286,206.847,672.378,383.454,683.142
564.478,1007.332,498.819,821.181,207.155,676.179,383.510,683.207
564.502,1007.349,499.017,820.865,207.089,679.422,383.793,683.175
564.373,1007.291,499.134,820.905,207.457,679.663,383.762,683.092
564.564,1007.435,498.851,820.929,207.821,679.594,383.475,683.048
564.499,1007.396,498.825,820.877,207.903,679.652,383.534,683.089
564.661,1007.376,498.800,820.487,207.910,679.435,383.683,683.162
564.376,1007.232,498.796,820.660,207.982,679.617,383.702,683.118
564.492,1007.295,498.912,820.971,207.956,679.549,383.781,683.118
564.448,1007.301,498.943,820.492,208.127,679.617,383.724,682.965
564.630,1007.638,498.897,820.610,208.350,680.343,383.792,683.036
564.284,1007.378,498.713,820.726,208.758,680.244,383.975,683.242
564.405,1007.263,498.716,820.931,209.522,680.647,384.052,683.401
564.248,1007.175,498.841,820.533,213.273,679.214,383.727,683.129
564.410,1007.309,498.817,820.673,216.748,677.808,383.666,683.115
564.457,1007.188,498.772,820.729,222.217,679.579,383.658,682.947
564.461,1007.313,498.776,820.627,225.747,678.543,383.847,683.155
564.374,1007.432,498.616,820.935,228.603,678.244,383.843,683.043
564.560,1007.666,498.611,821.099,236.882,674.917,383.845,683.033
564.502,1007.540,498.894,820.490,240.844,674.051,383.642,682.933
564.635,1007.708,498.689,820.708,242.455,674.282,383.704,682.991
564.178,1007.261,499.018,820.357,244.919,673.093,383.523,682.704
564.327,1007.439,498.972,820.284,245.284,672.973,383.788,682.852
564.372,1007.412,499.023,820.625,245.517,672.941,383.491,682.573
564.260,1007.313,498.714,820.670,245.989,672.790,383.384,682.312
564.163,1007.217,498.682,820.907,245.502,672.882,383.324,682.606
564.261,1007.431,498.973,820.533,245.631,672.911,383.652,682.733
564.414,1007.327,498.999,820.539,245.830,672.864,383.617,682.792
564.396,1007.302,499.051,820.591,245.797,672.685,383.164,682.438
564.231,1007.201,499.053,820.390,247.085,671.857,383.377,682.566
564.461,1007.537,499.330,820.547,245.843,672.780,383.734,682.790
564.507,1007.467,499.283,820.716,247.307,671.837,383.637,682.769
564.425,1007.296,499.290,820.452,245.421,672.885,383.702,682.615
564.278,1007.306,499.052,820.629,247.501,671.785,383.943,682.877
564.387,1007.305,499.361,820.734,245.365,672.383,383.808,682.713
564.397,1007.139,499.353,820.222,247.093,671.595,383.816,682.680
564.384,1007.453,499.477,820.671,247.191,671.527,383.878,682.787
564.286,1007.193,499.402,820.309,245.713,672.522,383.900,682.893
564.389,1007.582,499.387,820.307,245.665,672.633,384.047,682.886
564.390,1007.520,499.269,820.788,245.234,672.614,384.038,683.004
564.437,1007.389,499.327,820.678,247.192,671.701,383.925,682.931
564.526,1007.432,499.471,820.273,245.882,672.488,384.080,682.867
564.482,1007.340,499.517,820.204,247.167,671.504,383.984,682.812
564.354,1007.327,499.426,820.534,247.251,671.191,383.665,682.596
564.438,1007.390,499.421,820.493,247.757,671.252,383.696,682.623
564.607,1007.532,499.199,820.294,247.263,671.278,383.908,682.771
564.227,1007.429,499.351,820.158,247.562,671.298,383.944,682.814
564.502,1007.600,499.324,820.365,247.157,671.914,383.727,682.719
564.436,1007.474,499.419,820.339,247.412,671.332,383.871,682.770
564.759,1007.892,499.474,820.560,247.546,671.337,383.690,682.851
564.411,1007.754,499.161,820.948,245.790,672.630,383.856,682.727
564.397,1007.237,499.408,820.653,245.652,672.708,383.830,682.826
564.233,1007.330,499.562,820.561,247.674,671.550,383.464,682.646
564.521,1007.562,499.497,820.554,246.280,672.202,383.367,682.612
564.463,1007.404,499.447,820.261,247.701,671.111,383.900,682.816
564.490,1007.076,499.394,820.259,247.640,671.193,383.896,682.809
564.390,1007.507,499.364,820.407,247.423,671.393,383.881,682.953
564.397,1007.276,499.341,820.396,247.589,671.695,383.829,682.964
564.678,1007.882,499.005,820.799,247.837,671.315,383.823,682.817
564.404,1007.231,499.000,820.671,246.060,672.449,383.852,682.861
564.338,1007.100,499.218,820.471,247.847,671.219,383.869,682.928
564.396,1007.165,498.854,820.899,247.785,671.209,383.763,682.746
564.303,1007.329,499.318,820.732,247.977,671.211,384.069,682.981
564.728,1007.741,499.335,820.844,247.809,671.587,383.467,682.605
564.523,1007.579,499.289,820.774,247.747,671.712,383.687,682.600
564.635,1007.537,499.067,820.926,245.446,672.661,383.804,682.817
564.712,1007.603,499.236,820.686,247.409,671.175,383.959,682.904
564.481,1007.586,499.374,820.145,247.090,671.349,383.978,683.132
564.540,1007.670,499.501,820.186,247.371,671.503,383.817,682.902
564.831,1007.868,499.297,820.447,247.365,671.295,383.852,682.866
564.738,1007.737,499.471,820.179,247.283,671.312,383.950,682.979
564.527,1007.436,499.557,820.117,247.843,670.677,383.782,682.871
564.307,1007.272,499.353,820.414,247.815,670.860,383.732,682.803
564.530,1007.534,499.427,820.166,248.101,670.386,383.743,682.631
564.596,1007.644,499.371,820.410,247.981,670.362,383.722,682.737
564.548,1007.588,499.257,820.314,248.237,670.645,383.655,682.815
564.481,1007.268,499.347,820.329,248.048,670.836,383.646,682.679
564.399,1007.228,499.247,820.331,247.639,670.937,383.700,682.732
564.361,1007.282,499.405,820.297,248.115,670.705,383.960,682.842
564.099,1006.966,499.625,820.111,248.010,670.659,384.002,682.929
564.575,1007.401,499.459,820.257,247.588,670.915,383.781,682.884
564.443,1007.205,499.446,820.239,248.029,670.903,383.726,682.870
564.409,1007.370,499.642,819.990,247.685,671.017,383.858,682.956
564.361,1007.358,499.549,820.082,248.034,670.922,383.857,683.040
564.695,1007.849,499.356,820.238,247.940,670.722,383.835,682.956
564.376,1007.385,499.463,820.212,247.862,670.883,384.004,682.979
564.391,1007.394,499.328,820.629,248.176,670.843,384.311,683.280
564.590,1007.570,499.431,820.461,248.145,670.714,384.096,683.184
564.542,1007.483,499.067,820.619,247.679,671.090,384.131,683.538
564.425,1007.371,498.911,820.582,247.690,670.928,384.992,684.031
564.574,1007.355,498.959,820.673,247.791,670.813,385.152,684.203
564.373,1007.325,499.420,820.269,247.795,670.861,385.160,684.329
564.489,1007.429,499.427,820.277,247.676,670.928,384.841,684.244
564.551,1007.343,499.262,820.314,247.760,670.797,385.059,684.397
564.550,1007.391,499.044,820.497,247.969,670.934,385.007,684.313
564.546,1007.534,499.179,820.562,247.775,670.841,384.893,683.950
564.446,1007.280,499.223,820.484,247.744,670.827,384.545,683.850
564.332,1007.437,499.357,820.251,247.972,670.485,384.628,684.030
564.654,1007.593,499.457,820.205,247.784,670.437,385.110,684.199
564.624,1007.391,499.373,820.349,248.250,670.420,385.795,684.457
564.360,1007.247,499.628,820.099,248.075,670.505,386.094,685.204
564.770,1007.510,499.195,820.605,247.809,670.840,386.288,685.234
564.760,1007.412,499.443,820.370,247.904,670.254,385.535,685.299
564.807,1007.474,499.530,820.367,247.814,670.489,385.545,686.094
564.811,1007.652,499.615,820.618,247.849,670.785,385.144,685.702
564.892,1007.598,499.486,820.658,247.950,670.683,385.008,685.837
564.763,1007.658,499.491,820.738,248.324,670.386,385.208,685.384
564.711,1007.637,499.517,820.684,247.838,670.769,384.840,684.180
564.494,1007.214,499.635,820.423,247.781,670.686,386.691,685.319
564.596,1007.399,499.552,820.418,248.054,670.648,386.210,685.557
564.487,1007.395,499.260,820.566,248.098,670.622,386.301,685.778
564.548,1007.418,499.314,820.489,247.643,670.698,386.660,686.023
564.577,1007.415,499.411,820.465,247.977,670.638,386.330,685.696
564.540,1007.442,499.545,820.326,247.896,670.483,386.164,685.537
564.521,1007.204,499.395,820.459,247.733,670.672,386.552,685.605
564.603,1007.302,499.428,820.435,247.535,670.500,386.211,685.639
564.361,1007.305,499.436,820.453,247.748,670.679,385.776,685.401
564.470,1007.345,499.455,820.491,248.132,670.914,386.265,685.121
564.209,1006.995,499.547,820.328,248.058,671.033,386.551,685.202
564.354,1007.301,499.396,820.482,247.695,670.297,386.496,684.824
564.449,1007.379,499.390,820.574,247.990,670.894,386.357,685.138
564.502,1007.361,499.455,820.730,248.154,670.679,385.102,684.462
564.405,1007.265,499.467,820.825,248.131,670.458,385.372,684.449
564.434,1007.363,499.538,820.375,247.732,670.890,385.270,684.232
564.533,1007.294,499.403,820.670,247.828,670.754,385.960,684.381
564.442,1007.254,499.535,820.320,247.781,670.702,385.848,684.665
564.420,1007.065,499.458,820.413,247.723,670.922,386.625,685.177
564.638,1007.274,499.259,820.931,247.768,671.002,386.300,684.952
564.511,1007.282,499.516,820.665,247.833,670.792,386.864,684.951
564.389,1007.217,499.624,820.607,247.857,670.840,386.754,684.787
564.536,1007.402,499.590,820.326,247.740,670.789,386.537,684.712
564.437,1007.253,499.653,820.324,247.721,671.030,386.517,684.517
564.597,1007.529,499.499,820.285,247.957,670.605,386.753,684.730
564.627,1007.599,499.457,820.200,248.014,670.455,386.616,685.163
564.432,1007.152,499.482,820.290,247.907,670.743,385.892,684.662
564.308,1007.247,499.568,820.188,247.861,670.537,386.044,684.738
564.500,1007.210,499.568,820.723,247.702,670.779,385.890,684.599
564.433,1007.152,499.529,820.228,247.602,670.747,385.950,684.645
564.407,1007.295,499.674,820.194,247.963,670.901,386.552,685.154
564.644,1007.407,499.620,820.466,247.874,670.924,386.573,684.950
564.585,1007.461,499.678,820.057,248.216,670.678,386.521,684.760
564.591,1007.322,499.193,820.910,248.273,670.594,386.452,684.969
564.576,1007.390,499.498,820.346,248.211,670.619,386.116,684.543
564.603,1007.494,499.557,820.453,247.794,670.473,385.880,684.464
564.267,1007.055,499.575,820.312,247.810,670.461,385.948,684.513
564.533,1007.382,499.813,820.028,247.733,670.696,386.175,684.427
564.440,1007.230,499.794,820.115,247.830,670.751,386.463,684.677
564.432,1007.394,499.758,820.513,247.914,671.033,386.258,685.172
564.422,1007.542,499.610,820.262,247.916,670.942,386.505,684.742
564.481,1007.344,499.355,820.506,247.858,670.745,386.121,684.600
564.524,1007.376,499.414,820.503,247.873,670.802,386.090,684.659
564.335,1007.172,499.470,820.662,247.657,670.718,385.949,684.285
564.419,1007.362,499.412,820.515,247.826,670.946,386.215,684.480
564.574,1007.555,499.413,820.554,247.874,670.607,385.674,684.106
564.617,1007.470,499.350,820.585,248.029,670.659,386.319,685.027
564.843,1007.679,499.350,820.952,247.986,670.736,385.983,684.866
564.693,1007.704,499.500,820.532,247.947,670.403,386.009,684.271
564.664,1007.676,499.496,820.576,248.107,670.636,386.131,684.476
564.550,1007.362,499.504,820.544,247.817,670.449,385.999,684.168
564.646,1007.462,499.543,820.515,247.824,670.455,386.256,684.444
564.556,1007.289,499.654,820.383,247.641,670.586,386.059,684.651
564.749,1007.453,499.539,820.416,247.691,670.661,386.287,684.850
564.458,1007.361,499.243,820.864,247.829,670.300,386.296,684.572
564.445,1007.396,499.441,820.589,247.798,670.475,386.373,684.605
564.562,1007.466,499.656,820.282,248.053,670.696,386.228,684.325
564.510,1007.298,499.640,820.513,247.919,670.676,385.911,684.141
564.684,1007.297,499.534,820.521,247.838,670.591,385.828,684.250
564.576,1007.256,499.683,820.225,247.791,670.723,386.167,684.359
564.528,1007.139,499.659,820.314,247.722,670.623,386.076,684.425
564.257,1007.209,499.622,820.438,247.924,670.376,386.416,684.766
564.515,1007.360,499.645,820.472,247.914,670.393,386.311,684.725
564.512,1007.494,499.612,820.411,247.931,670.656,386.351,684.407
564.638,1007.401,499.706,820.544,247.889,670.227,386.481,684.520
564.427,1007.319,499.729,820.319,247.850,670.475,386.161,684.298
564.539,1007.352,499.598,820.302,247.761,670.590,386.196,684.627
564.564,1007.382,499.726,820.212,247.894,670.174,385.958,684.197
564.516,1007.341,499.638,820.391,248.153,670.372,385.901,684.211
564.424,1007.327,499.572,820.455,247.938,670.255,386.375,684.643
564.475,1007.389,499.547,820.495,247.971,670.442,386.675,684.690
564.344,1007.150,499.842,820.142,247.696,670.474,386.551,684.592
564.469,1007.129,499.687,820.252,247.782,670.414,386.435,684.564
564.690,1007.496,499.695,820.286,247.748,670.431,386.182,684.492
564.582,1007.271,499.673,820.513,247.753,670.625,386.246,684.681
564.487,1007.196,499.597,820.498,247.766,670.571,386.413,684.765
564.577,1007.541,499.575,820.738,248.070,670.253,386.323,684.879
564.390,1007.244,499.431,820.543,247.993,670.251,386.019,684.650
564.661,1007.317,499.508,820.666,247.941,670.512,386.299,684.477
564.736,1007.472,499.639,820.611,247.725,670.433,386.398,684.523
564.580,1007.200,499.477,820.696,247.863,670.562,386.466,684.596
564.576,1007.181,499.551,820.471,247.664,670.710,386.452,684.540
564.701,1007.598,499.519,820.463,247.804,670.513,386.221,684.248
564.338,1007.320,499.542,820.588,247.458,670.560,385.903,684.094
564.374,1007.078,499.335,820.707,247.627,670.809,386.078,684.039
564.326,1007.042,499.679,820.508,247.439,670.908,385.693,684.171
564.421,1007.134,499.724,820.230,247.364,671.145,385.641,684.107
564.374,1007.325,499.520,820.520,247.307,670.843,385.662,683.952
564.614,1007.597,499.466,820.563,247.426,670.759,385.809,683.993
564.755,1007.602,499.666,820.517,247.537,670.847,385.844,684.187
564.734,1007.622,499.559,820.402,247.524,670.783,385.835,684.184
564.614,1007.525,499.736,820.314,247.920,670.450,385.828,684.092
564.598,1007.346,499.788,820.398,247.710,670.588,385.407,683.783
564.384,1007.224,499.456,820.684,247.309,670.839,386.005,684.192
564.248,1007.254,499.689,820.473,247.820,670.517,385.603,683.907
564.560,1007.553,499.399,820.772,247.477,670.733,385.543,683.925
564.382,1007.316,499.622,820.451,247.823,670.664,385.182,683.837
564.388,1007.435,499.820,820.628,247.823,670.858,386.042,684.246
564.370,1007.508,499.642,820.688,247.441,670.922,385.891,683.785
564.339,1007.392,499.553,820.536,247.620,670.854,385.877,683.834
564.314,1007.256,499.462,820.642,247.605,670.666,385.298,683.654
564.271,1007.314,499.678,820.403,247.657,670.397,385.966,683.937
564.099,1007.165,499.273,820.653,247.853,670.777,386.100,684.123
564.391,1007.149,499.343,821.125,247.575,670.436,385.719,683.841
564.471,1007.371,499.337,820.845,248.120,670.469,386.004,684.179
564.586,1007.584,499.300,820.986,248.117,670.383,385.999,683.989
564.433,1007.157,499.582,820.473,247.733,670.678,385.485,683.766
564.371,1007.154,499.643,820.540,247.686,670.567,385.435,683.928
564.365,1007.118,499.587,820.395,247.769,670.512,385.953,684.045
564.495,1007.458,499.833,820.155,247.659,670.403,386.254,684.177
564.516,1007.050,499.693,820.501,247.835,670.201,385.951,683.998
564.456,1007.295,499.631,820.305,247.577,670.546,386.513,684.642
564.315,1007.308,499.572,820.330,248.055,670.421,386.061,684.272
564.456,1007.425,499.825,820.075,247.380,670.322,385.819,683.918
564.510,1007.394,499.782,820.167,247.671,670.226,385.588,683.837
564.610,1007.312,499.625,820.737,247.160,670.928,386.050,684.250
564.525,1007.264,499.648,820.490,247.231,670.841,386.099,684.273
564.434,1007.425,499.661,820.343,247.613,670.524,385.845,683.752
564.385,1007.492,499.938,820.230,247.530,670.568,386.039,684.034
564.503,1007.450,499.844,820.412,247.784,670.402,385.998,684.145
564.271,1007.134,499.857,820.407,247.869,670.355,386.115,684.290
564.453,1007.367,499.804,820.146,247.520,670.851,386.175,684.082
564.244,1007.102,499.613,820.444,247.859,670.503,386.389,684.247
564.436,1007.240,499.454,820.602,247.830,670.543,386.436,684.258
564.322,1007.257,499.546,820.507,247.976,670.589,385.934,684.083
564.316,1007.334,499.518,820.660,247.728,670.803,386.254,684.291
564.704,1007.559,499.507,820.665,247.722,670.243,386.271,684.234
564.377,1007.248,499.494,820.664,247.627,670.282,386.298,684.198
564.462,1007.519,499.701,820.727,247.712,670.621,385.951,684.034
564.507,1007.440,499.642,820.598,247.697,670.726,386.000,683.895
564.466,1007.474,499.841,820.287,247.778,670.596,386.047,684.013
564.432,1007.478,499.840,820.217,247.734,670.598,386.156,683.957
564.481,1007.355,499.547,820.580,247.432,670.776,386.099,683.974
564.446,1007.356,499.586,820.661,247.763,670.733,386.054,683.891
564.702,1007.641,499.303,820.652,247.818,670.687,386.098,684.137
564.684,1007.691,499.570,820.585,247.919,670.419,386.145,684.176
564.737,1007.532,499.321,820.855,247.783,670.763,386.089,683.939
564.410,1007.141,499.440,820.801,247.359,670.678,386.227,684.015
564.643,1007.551,499.404,820.669,247.522,670.816,386.403,684.172
564.871,1007.682,499.306,820.902,247.542,670.466,385.887,683.895
564.822,1007.676,499.297,820.788,247.407,670.496,385.911,683.899
564.571,1007.403,499.538,820.721,247.811,670.651,386.292,684.150
564.637,1007.349,499.517,820.791,247.845,670.497,385.983,683.822
564.501,1007.440,499.762,820.443,247.919,670.503,386.246,684.094
564.415,1007.492,499.487,820.641,248.021,670.227,386.128,684.006
564.537,1007.438,499.636,820.529,247.831,670.215,385.917,683.871
564.430,1007.401,499.616,820.720,247.970,670.237,385.918,683.980
564.524,1007.568,499.524,820.673,247.970,670.136,385.701,683.617
564.651,1007.899,499.412,820.870,247.692,670.446,385.783,683.786
564.501,1007.480,499.921,820.461,247.685,670.359,385.964,683.795
564.315,1007.353,499.634,820.535,247.704,670.664,385.844,683.747
564.442,1007.533,499.726,820.418,247.670,670.658,385.993,683.810
564.530,1007.350,499.889,820.246,247.782,670.615,386.538,684.207
564.538,1007.324,499.774,820.259,247.643,670.742,386.199,684.082
564.388,1007.540,499.735,820.426,247.934,670.815,386.208,684.089
564.535,1007.423,499.794,820.454,247.942,670.835,386.141,684.179
564.358,1007.461,499.668,820.531,247.915,670.546,386.112,684.060
564.428,1007.424,499.678,820.576,248.053,670.625,386.045,684.173
564.386,1007.396,499.822,820.469,247.434,670.462,385.832,683.788
564.475,1007.303,499.681,820.530,247.588,670.427,385.918,683.826
564.464,1007.288,499.586,820.555,247.395,670.660,386.047,684.024
564.415,1007.280,499.587,820.363,247.218,670.743,385.715,683.812
564.396,1007.276,499.707,820.469,247.419,670.756,385.403,683.598
564.489,1007.256,499.653,820.598,247.697,670.758,386.165,684.023
564.487,1007.385,499.695,820.379,247.811,670.691,385.767,683.783
564.448,1007.208,499.613,820.679,247.653,670.563,386.417,684.206
564.468,1007.332,499.614,820.557,247.572,670.493,386.369,684.118
564.463,1007.318,499.771,820.340,247.649,670.228,385.882,683.752
564.430,1007.213,499.706,820.415,247.772,670.452,386.122,683.981
564.514,1007.304,499.697,820.481,247.748,670.489,386.003,684.237
564.564,1007.170,499.732,820.512,247.651,670.202,385.838,684.093
564.448,1007.035,499.709,820.595,247.412,670.494,386.354,684.030
564.474,1007.061,499.614,820.706,247.655,670.681,386.393,684.191
564.551,1007.543,499.666,820.487,247.708,670.276,386.198,683.923
564.373,1007.332,499.771,820.436,247.397,670.464,385.937,683.809
564.581,1007.454,499.724,820.477,247.462,670.630,385.911,683.744
564.351,1007.262,499.751,820.515,247.220,670.719,386.514,684.389
564.621,1007.305,499.647,820.596,247.328,670.520,385.993,683.972
564.597,1007.186,499.719,820.571,247.795,670.474,385.726,683.778
564.801,1007.620,499.888,820.437,247.687,670.513,386.111,684.070
564.542,1007.122,499.896,820.248,247.560,670.601,386.296,684.426
564.591,1007.202,499.815,820.504,247.583,670.659,385.704,684.078
564.303,1007.154,499.773,820.422,247.564,670.585,385.401,683.511
564.505,1007.328,499.731,820.542,247.582,670.640,385.902,683.963
564.537,1007.237,499.803,820.385,247.467,670.348,385.464,683.573
564.680,1007.345,499.860,820.337,247.360,670.266,385.565,683.596
564.595,1007.492,499.712,820.534,247.439,670.758,385.950,683.826
564.442,1007.344,499.669,820.431,247.315,670.578,385.812,683.632
564.544,1007.459,500.026,819.931,247.961,670.124,386.099,683.602
564.376,1007.136,499.797,820.565,247.558,670.535,385.683,683.747
564.374,1007.267,499.757,820.484,247.584,670.585,386.047,683.978
564.345,1007.173,500.060,820.869,247.329,670.426,386.042,683.872
564.584,1007.488,500.061,820.593,247.262,670.723,385.862,683.818
564.517,1007.396,499.849,820.480,247.128,670.764,385.588,683.520
564.384,1007.167,499.695,820.653,247.128,670.716,385.943,683.757
564.312,1007.051,499.718,820.629,247.238,670.770,386.028,683.810
564.361,1006.806,499.709,820.625,247.311,670.799,385.612,683.641
564.125,1006.885,499.952,820.731,247.224,670.685,385.504,683.654
564.489,1007.206,500.071,820.683,247.158,670.334,385.813,683.680
564.290,1007.101,500.062,820.152,247.446,670.560,385.798,683.852
564.263,1007.055,499.994,820.183,247.383,670.474,385.809,683.720
564.444,1007.348,499.848,820.494,247.975,669.986,386.344,684.189
564.692,1007.454,499.996,820.195,247.498,670.724,385.652,683.585
564.648,1007.455,499.990,820.211,247.657,670.688,386.109,683.922
564.497,1007.210,499.907,820.264,247.657,670.448,385.556,683.479
564.460,1007.178,499.868,820.297,247.317,670.479,385.417,683.470
564.209,1007.021,499.904,820.365,247.645,670.370,385.472,683.704
564.319,1007.056,499.860,820.422,247.642,670.538,385.423,683.598
564.347,1007.177,499.853,820.465,247.752,670.557,385.599,683.560
564.360,1007.139,499.977,820.333,247.599,670.516,385.515,683.701
564.443,1007.190,500.124,820.203,247.479,670.840,386.094,684.092
564.394,1007.074,500.105,820.258,247.455,670.840,386.052,684.209
564.317,1007.206,499.901,820.373,247.652,670.833,386.363,684.217
564.399,1007.122,500.024,820.324,247.725,670.759,385.836,683.829
564.638,1007.593,499.840,820.402,247.745,670.662,386.088,683.932
564.382,1007.218,499.635,820.754,247.826,670.788,386.388,684.259
564.550,1007.458,499.885,820.363,247.791,670.873,386.391,684.039
564.660,1007.306,499.933,820.334,247.938,670.955,386.465,684.176
564.674,1007.547,499.970,820.343,247.685,670.907,386.381,684.293
564.422,1007.457,499.789,820.695,247.508,670.862,386.024,684.103
564.640,1007.605,499.839,820.601,247.690,670.781,386.004,684.184
564.691,1007.581,499.863,820.520,247.766,670.837,386.064,683.900
564.681,1007.537,499.913,820.392,247.557,670.822,386.246,684.115
564.556,1007.260,499.679,820.844,247.428,670.845,386.318,684.086
564.466,1007.056,499.845,820.568,247.420,670.684,385.578,683.697
564.443,1007.312,500.034,820.469,247.679,671.115,385.836,683.829
564.281,1007.146,500.024,820.441,247.491,670.946,386.096,684.094
564.613,1007.806,499.973,820.545,247.263,671.123,385.940,684.121
564.481,1007.201,499.889,820.483,247.315,670.707,385.960,684.194
564.342,1007.323,499.855,820.591,247.261,670.825,385.617,683.718
564.506,1007.185,499.877,820.555,247.317,670.671,385.649,683.736
564.340,1007.059,499.924,820.515,247.357,670.680,385.743,683.928
564.600,1007.206,499.783,820.472,247.246,670.871,385.950,684.110
564.563,1007.172,499.746,820.481,247.316,670.935,385.969,684.176
564.583,1007.304,499.895,820.450,247.205,670.645,386.305,684.272
564.671,1007.409,499.920,820.484,247.385,670.546,386.650,684.407
564.503,1007.135,499.932,820.313,247.386,670.488,386.347,684.336
564.415,1007.081,500.063,820.370,247.377,670.587,386.264,684.188
564.804,1007.361,499.859,820.413,247.701,670.487,386.023,683.929
564.638,1007.314,499.968,820.793,247.718,670.601,385.563,683.751
564.371,1007.136,499.990,820.832,247.719,670.968,386.092,684.023
564.458,1007.128,499.961,820.801,247.688,670.806,386.500,684.249
564.373,1007.087,499.962,820.711,247.711,670.876,386.331,684.198
564.562,1007.337,499.927,821.013,247.656,670.800,385.955,684.106
564.488,1007.177,499.863,820.939,247.491,670.666,385.981,684.003
564.341,1007.052,499.956,820.405,247.740,670.736,386.265,684.262
564.418,1007.159,499.926,820.496,247.712,670.843,386.196,684.138
564.495,1007.415,499.728,820.983,247.418,670.833,386.014,683.894
564.482,1007.381,499.856,820.868,247.472,670.829,386.014,683.808
564.558,1007.341,499.894,820.423,247.770,670.728,385.449,683.823
564.607,1007.432,500.018,820.493,247.774,670.754,385.685,683.765
564.455,1007.228,500.087,820.632,247.581,670.578,386.220,684.078
564.485,1007.223,500.107,820.651,247.743,670.725,385.671,683.713
564.584,1007.408,499.838,820.816,247.416,670.966,386.199,683.996
564.552,1007.304,499.730,820.639,247.583,670.888,386.617,684.293
564.581,1007.361,499.824,820.671,247.707,670.879,386.158,683.877
564.488,1007.248,499.788,820.647,247.335,670.693,386.011,684.051
564.804,1007.460,499.847,820.526,247.620,671.168,386.260,684.107
564.567,1007.403,499.922,820.409,247.398,670.716,386.537,684.293
564.405,1007.108,499.970,820.832,247.539,670.823,386.352,684.180
564.566,1007.281,499.786,820.505,247.229,670.638,386.279,684.118
564.445,1007.088,499.655,820.768,247.388,670.612,386.326,684.076
564.565,1007.395,499.744,820.773,247.596,670.878,386.245,684.116
564.561,1007.394,499.830,820.580,247.605,670.873,386.238,684.173
564.663,1007.418,499.875,820.843,247.680,670.526,386.116,684.264
564.635,1007.325,499.948,820.883,247.804,670.387,386.258,684.152
564.735,1007.318,499.919,820.436,247.594,670.698,385.745,683.841
564.445,1007.216,499.714,820.676,247.697,670.403,385.533,683.867
564.540,1007.310,499.891,820.549,248.088,670.547,385.477,683.817
564.468,1007.228,499.649,820.770,247.697,670.590,385.609,683.966
564.555,1007.213,499.788,820.641,247.813,670.588,385.328,683.726
564.592,1007.248,499.922,820.413,248.400,670.026,386.163,684.027
564.561,1007.197,499.897,820.354,248.507,669.968,386.139,684.134
564.637,1007.461,499.823,820.863,248.820,669.715,386.307,684.171
564.567,1007.292,499.863,820.838,248.729,669.786,386.342,684.127
564.698,1007.473,499.938,820.431,248.513,669.920,386.012,683.901
564.721,1007.614,499.836,820.756,248.532,669.958,385.740,683.706
564.440,1007.010,499.661,821.041,248.734,669.966,386.463,684.334
564.614,1007.328,499.608,820.948,248.787,670.065,386.323,684.032
564.198,1006.823,499.961,820.931,248.725,669.427,386.489,684.217
564.384,1007.203,500.058,820.576,248.524,669.706,386.841,684.219
564.455,1007.346,500.058,820.631,248.337,669.492,386.835,684.244
564.590,1007.352,499.961,820.562,248.126,670.122,386.414,684.443
564.612,1007.454,499.872,820.563,248.027,669.980,386.468,684.405
564.512,1007.186,499.755,820.483,248.335,669.878,386.112,684.129
564.487,1007.225,499.849,820.325,248.286,669.913,386.096,684.031
564.340,1007.112,499.815,820.544,248.046,670.131,386.457,684.137
564.313,1007.089,499.806,820.765,248.156,670.152,386.465,684.183
564.292,1007.237,499.626,820.848,247.934,670.229,385.814,684.148
564.213,1007.116,499.430,820.774,247.820,670.273,385.694,684.016
564.342,1007.289,499.902,820.617,248.034,670.492,385.456,683.855
564.177,1007.048,499.825,820.469,247.789,670.752,385.285,683.643
564.443,1007.537,499.979,820.599,248.068,670.423,385.698,683.917
564.402,1007.145,499.919,820.434,247.523,671.027,385.662,683.713
564.441,1007.186,499.981,820.516,247.504,670.671,385.931,683.916
564.456,1007.342,499.871,820.408,247.259,670.729,385.808,683.962
564.476,1007.479,499.854,820.702,247.245,670.719,385.808,683.998
564.183,1006.969,499.995,820.603,247.317,670.530,385.927,684.198
564.439,1007.375,499.769,820.440,247.447,670.424,385.679,684.116
564.271,1007.228,499.793,820.692,247.533,670.453,386.419,684.181
564.390,1007.182,499.901,820.464,247.165,670.588,386.097,683.948
564.312,1007.113,499.700,820.588,247.277,670.713,386.111,683.957
564.619,1007.417,499.828,820.554,247.239,670.693,385.956,683.910
564.344,1007.287,499.893,820.454,247.242,670.927,386.356,684.283
564.705,1007.450,499.857,820.298,247.245,670.798,386.232,684.238
564.651,1007.410,499.919,820.499,247.373,670.909,385.697,683.983
564.399,1007.379,500.062,820.388,247.511,671.137,386.143,684.007
564.609,1007.484,500.073,820.436,247.463,671.096,385.556,683.854
564.300,1007.218,500.046,820.421,247.614,670.919,386.053,684.453
564.602,1007.432,499.995,820.585,247.687,670.821,385.731,684.161
564.585,1007.488,499.952,820.520,247.859,670.526,385.278,683.985
564.581,1007.376,499.810,820.583,247.880,670.609,385.326,684.029
564.650,1007.521,499.787,820.617,247.517,670.647,386.084,684.534
564.573,1007.359,499.944,820.525,248.142,670.584,385.340,684.334
564.601,1007.461,500.121,820.577,248.268,670.536,385.629,684.282
564.562,1007.281,500.099,820.522,248.240,670.121,385.587,684.337
564.682,1007.332,500.251,820.649,248.395,669.854,385.785,684.423
564.679,1007.289,499.984,820.923,248.663,669.678,385.781,684.554
564.414,1007.127,500.094,820.384,248.624,669.856,385.943,684.152
564.543,1007.276,500.037,820.635,248.306,670.003,386.367,684.449
564.424,1007.236,500.087,820.645,248.377,669.849,386.638,684.665
564.632,1007.374,499.994,820.847,248.719,669.834,385.651,683.731
564.728,1007.457,499.793,821.027,248.768,669.598,386.505,684.324
564.646,1007.511,499.916,821.061,248.695,669.727,385.534,683.715
564.468,1007.338,499.905,820.989,248.798,669.685,385.788,683.910
564.351,1007.174,499.775,821.096,248.752,669.875,385.145,683.836
564.611,1007.428,499.878,821.025,248.699,669.958,385.715,684.472
564.593,1007.296,499.752,820.701,248.555,669.792,384.389,683.560
564.512,1007.298,499.749,820.639,248.496,669.745,384.731,684.313
564.481,1007.141,499.948,820.450,248.169,670.087,384.116,684.275
564.533,1007.221,499.932,820.352,247.998,670.557,384.507,685.031
564.638,1007.506,500.122,820.413,248.224,670.361,384.081,685.253
564.397,1007.436,499.713,820.706,247.887,670.246,385.452,686.472
564.516,1007.322,500.061,820.433,247.561,670.708,385.431,687.035
564.831,1007.794,499.840,820.598,247.426,670.577,385.691,687.378
564.865,1007.696,499.924,820.601,247.415,670.667,384.773,686.646
564.397,1007.145,499.772,820.620,247.542,670.562,384.905,687.040
564.665,1007.527,499.833,820.668,247.419,670.722,385.137,687.456
564.496,1007.312,499.766,820.690,247.386,670.782,385.533,688.524
564.413,1007.328,499.777,820.493,247.492,670.759,385.320,687.730
564.533,1007.607,499.749,820.555,247.550,670.628,386.282,687.757
564.431,1007.415,499.630,820.567,247.545,670.729,387.156,687.600
564.455,1007.174,499.979,820.730,247.175,670.634,387.185,687.853
564.459,1007.257,499.691,821.000,247.497,670.806,386.537,687.740
564.700,1007.564,499.878,820.536,247.180,670.721,386.068,687.233
564.573,1007.366,499.867,820.432,247.140,670.767,386.841,687.902
564.610,1007.427,500.018,820.349,247.197,670.789,387.193,689.106
564.466,1007.511,500.120,820.717,247.126,670.698,388.325,690.681
564.430,1007.469,500.118,820.670,247.170,670.687,388.961,692.365
564.573,1007.234,499.991,820.896,247.354,670.806,387.992,694.001
564.502,1007.122,500.032,820.647,247.367,670.865,387.974,694.174
564.282,1006.941,500.194,820.142,247.056,670.830,388.056,693.640
564.517,1007.346,500.133,820.228,247.228,670.831,388.468,692.175
564.521,1007.257,499.933,820.552,246.947,670.816,388.968,691.112
564.494,1007.260,500.051,820.367,246.958,670.890,390.076,691.811
564.650,1007.598,500.037,820.506,247.326,670.828,389.231,691.032
564.673,1007.531,499.905,820.685,247.083,670.926,388.939,690.669
564.599,1007.582,500.099,820.345,247.656,671.011,388.551,690.394
564.536,1007.430,500.019,820.416,247.382,670.287,388.457,690.330
564.420,1007.411,500.170,820.421,247.186,670.804,388.241,690.378
564.639,1007.437,499.870,820.418,247.521,670.984,388.439,690.684
564.249,1006.975,499.939,820.479,247.367,670.888,388.238,690.674
564.736,1007.174,500.038,820.512,247.280,670.730,386.916,689.283
564.711,1007.267,499.965,820.534,247.619,670.365,386.596,689.049
564.559,1007.368,499.906,820.708,247.073,670.555,386.313,689.055
564.456,1007.244,500.040,820.576,247.308,670.561,386.547,688.769
564.697,1007.406,499.977,820.870,247.431,670.993,387.705,689.276
564.665,1007.451,499.923,820.584,247.346,671.100,388.604,689.811
564.610,1007.255,499.912,820.547,246.926,671.214,388.582,689.768
564.409,1007.162,499.648,820.855,247.198,671.035,388.310,689.696
564.483,1007.331,499.685,820.679,247.121,670.919,387.938,689.324
564.330,1007.222,500.165,820.154,247.196,670.555,386.767,688.284
564.307,1007.324,500.015,820.364,247.357,670.600,387.426,688.813
564.456,1007.029,500.063,820.219,247.122,670.599,387.165,688.653
564.080,1007.134,500.076,820.237,247.125,670.753,387.399,688.915
564.559,1007.373,499.919,820.502,247.116,670.656,388.113,689.783
564.629,1007.605,500.012,820.436,246.972,670.787,388.822,690.254
564.437,1007.206,500.070,820.276,246.997,670.884,388.744,690.253
564.291,1007.265,499.967,820.462,246.940,670.991,388.796,690.313
564.707,1007.497,499.623,820.815,247.028,670.876,388.911,690.394
564.546,1007.339,499.821,820.698,247.054,670.778,388.849,690.231
564.314,1007.138,500.064,820.545,246.786,670.928,387.819,689.195
564.376,1007.302,500.050,820.328,246.979,670.749,387.683,689.017
564.517,1007.323,500.157,820.444,247.011,670.564,388.128,689.378
564.676,1007.316,499.824,820.490,247.058,670.988,387.381,688.770
564.538,1007.415,500.073,820.147,247.336,670.702,387.620,688.992
564.373,1007.369,500.066,820.347,247.265,670.704,388.025,689.581
564.337,1007.350,500.052,820.352,247.135,670.755,388.738,690.069
564.618,1007.281,500.012,820.464,247.318,670.618,388.079,689.448
564.404,1007.249,500.090,820.285,247.014,670.887,388.064,689.460
564.487,1007.371,499.892,820.502,247.291,670.605,388.057,689.524
564.475,1007.381,500.142,820.316,247.187,670.653,388.370,689.677
564.573,1007.488,500.004,820.349,247.327,670.673,388.855,690.173
564.633,1007.453,500.061,820.335,247.205,670.750,388.267,689.303
564.694,1007.464,499.905,820.540,246.812,671.054,387.863,688.613
564.681,1007.701,500.085,820.539,246.910,671.024,388.046,689.280
564.454,1007.300,500.110,820.388,247.100,670.945,388.143,689.427
564.724,1007.488,500.112,820.455,247.062,671.163,387.820,688.942
564.825,1007.715,499.917,820.446,247.111,671.121,388.268,689.312
564.510,1007.386,499.956,820.397,247.192,670.940,387.643,688.987
564.582,1007.497,500.037,820.226,247.305,670.916,387.480,688.451
564.801,1007.932,499.963,820.498,247.156,670.604,388.035,689.064
564.537,1007.633,500.089,820.434,247.420,670.681,387.479,688.773
564.741,1007.701,500.205,820.103,247.008,670.881,388.154,689.206
564.564,1007.625,500.047,820.517,246.985,670.785,387.579,688.824
565.054,1007.975,499.773,820.664,246.856,670.854,387.995,689.096
564.843,1007.958,499.887,820.498,246.766,670.477,388.055,689.214
564.908,1007.934,500.084,820.334,247.035,670.377,388.219,689.639
564.989,1007.936,500.112,820.358,247.151,670.718,388.087,689.065
564.887,1007.830,500.155,820.287,247.100,670.545,387.964,689.168
564.809,1007.695,500.100,820.434,247.117,670.530,387.990,689.243
564.642,1007.560,499.993,820.463,247.031,670.392,388.026,689.274
564.904,1007.761,499.631,820.785,247.472,670.903,387.767,689.443
564.741,1007.746,499.656,820.798,247.625,670.766,388.153,689.750
564.667,1007.635,499.976,820.430,247.239,670.619,388.056,689.629
564.744,1007.763,499.975,820.437,247.530,670.572,387.893,689.580
564.537,1007.319,499.835,820.529,247.226,670.645,387.982,689.402
564.544,1007.208,499.836,820.660,247.164,670.424,387.809,689.282
564.652,1007.846,499.977,820.461,247.531,670.775,387.536,688.847
564.626,1007.648,500.203,820.588,247.430,670.830,387.379,688.722
564.829,1007.508,499.745,820.562,247.282,671.007,387.439,688.654
564.670,1007.590,499.565,820.803,247.392,670.912,388.120,689.291
564.571,1007.247,499.854,820.436,247.237,670.937,387.472,688.632
564.587,1007.396,499.990,820.293,247.188,670.858,387.537,688.716
564.715,1007.577,500.163,820.158,247.151,670.936,387.585,688.806
564.910,1007.629,500.025,820.164,247.295,670.657,387.381,688.842
564.867,1007.488,500.033,820.237,247.266,670.745,387.387,688.662
564.874,1007.616,500.013,820.541,246.994,670.791,387.149,688.233
564.768,1007.554,500.141,820.435,247.117,670.787,387.205,688.369
564.766,1007.473,500.005,820.332,247.185,670.893,387.416,688.722
564.877,1007.652,500.003,820.464,247.045,670.652,387.354,688.544
564.820,1007.543,500.007,820.529,247.478,670.667,388.173,689.532
564.812,1007.666,500.008,820.607,247.445,670.713,388.109,689.547
564.545,1007.391,499.862,820.671,247.484,670.733,387.663,688.760
564.387,1007.300,499.656,820.750,247.738,670.498,387.382,688.335
564.700,1007.597,499.682,820.777,247.825,670.434,387.403,688.486
564.881,1007.723,499.989,820.575,247.824,670.048,388.621,690.062
564.831,1007.482,500.055,820.492,247.864,670.226,388.567,689.701
564.530,1007.232,499.991,820.546,248.416,670.189,387.748,688.987
564.807,1007.198,499.988,820.460,248.350,670.289,388.226,689.573
564.473,1007.012,500.005,820.501,248.326,669.919,387.965,689.442
564.781,1007.500,499.996,820.507,248.393,669.988,388.038,689.595
564.674,1007.417,499.917,820.519,248.300,669.687,387.174,688.361
564.596,1007.266,499.873,820.604,248.283,669.791,387.739,689.288
564.652,1007.037,499.896,820.518,248.704,669.551,387.629,689.052
564.573,1007.181,499.883,820.443,248.469,669.504,387.818,689.253
564.534,1007.267,500.061,820.275,248.215,669.764,387.990,689.420
564.597,1007.345,500.047,820.319,248.153,669.958,387.860,689.319
564.728,1007.429,500.086,820.474,248.203,669.901,387.606,689.189
564.548,1007.284,499.976,820.559,248.122,669.829,387.868,689.498
564.610,1007.284,499.913,820.648,248.219,669.831,387.938,689.401
564.439,1007.039,499.987,820.530,248.420,669.747,387.502,688.664
564.478,1007.040,499.924,820.558,248.313,669.780,387.381,688.655
564.542,1007.218,499.994,820.393,247.982,669.989,387.958,689.578
564.565,1007.415,499.989,820.406,247.957,669.964,387.817,689.512
564.590,1007.376,499.917,820.591,247.850,670.140,387.335,688.703
564.581,1007.367,499.959,820.606,247.265,670.162,387.395,688.765
564.568,1007.416,499.985,820.413,247.538,670.422,387.811,689.157
564.623,1007.610,499.801,820.697,247.383,670.562,387.972,689.413
564.682,1007.731,499.834,820.591,247.409,670.756,387.777,688.920
564.679,1007.719,499.816,820.632,247.463,670.574,387.633,688.777
564.742,1007.410,499.885,820.604,247.314,670.588,387.298,688.346
564.589,1007.532,499.929,820.516,247.278,670.723,388.287,689.672
564.591,1007.398,499.588,820.846,247.298,670.684,388.285,689.766
564.813,1007.352,499.913,820.609,247.236,671.021,388.035,689.275
564.659,1007.357,499.904,820.574,247.150,671.011,388.080,689.355
564.800,1007.610,499.773,820.569,246.928,670.914,388.368,689.755
564.688,1007.345,499.805,820.496,246.931,670.909,388.318,689.742
564.622,1007.442,500.030,820.543,247.120,670.852,387.765,689.180
564.502,1007.278,499.963,820.497,247.098,670.767,387.710,689.343
564.601,1007.261,499.838,820.489,247.026,670.986,387.061,688.425
564.834,1007.517,500.010,820.366,247.096,670.965,387.935,689.092
564.777,1007.322,499.704,820.762,247.441,670.983,387.840,689.064
564.758,1007.184,499.700,820.858,247.166,671.002,387.435,688.659
564.694,1007.278,499.813,820.723,247.379,670.552,388.518,689.772
564.604,1006.922,500.114,820.495,247.655,670.602,387.802,689.523
564.857,1007.438,499.941,820.701,247.384,670.932,388.542,689.936
564.565,1007.353,500.114,820.520,247.026,670.973,387.905,689.309
564.530,1007.232,500.290,820.296,246.988,671.052,388.016,689.434
564.578,1007.116,499.982,820.444,247.563,670.790,388.127,689.576
564.761,1007.328,500.183,820.344,247.072,670.752,388.536,689.714
564.442,1007.058,499.939,820.429,247.440,670.678,387.064,688.220
564.565,1006.869,499.877,820.366,247.532,670.758,387.751,689.147
564.428,1007.092,499.876,820.542,247.450,670.528,387.730,688.782
564.404,1007.156,500.025,820.314,247.496,670.536,387.762,689.115
564.555,1007.055,499.996,820.384,247.843,670.316,387.718,689.290
564.450,1007.100,500.068,820.515,248.134,670.098,387.859,689.569
564.363,1007.161,499.785,820.575,248.622,670.006,387.959,689.670
564.422,1007.193,499.905,820.381,248.654,669.938,388.195,689.508
564.689,1007.147,500.026,820.330,248.656,670.013,388.271,689.669
564.541,1007.246,499.839,820.637,248.831,670.018,388.479,690.019
564.739,1007.373,500.018,820.500,248.583,670.092,388.342,689.795
564.603,1007.017,499.930,820.566,248.748,669.952,388.035,689.283
564.742,1007.200,499.796,820.604,248.573,670.098,388.078,689.230
564.694,1007.058,500.005,820.525,248.522,669.894,387.194,688.383
564.677,1007.015,499.963,820.638,248.441,670.112,387.791,688.782
564.816,1007.422,500.057,820.505,248.353,669.908,388.434,689.505
564.683,1007.272,499.907,820.725,248.052,669.956,388.380,689.389
564.624,1007.306,499.960,820.476,248.451,670.082,388.028,689.354
564.533,1007.273,499.826,820.666,248.390,669.855,387.726,689.156
564.732,1007.417,499.579,820.813,248.413,669.843,387.658,689.201
564.369,1007.049,499.923,820.445,248.591,669.712,387.135,688.604
564.347,1007.075,499.840,820.468,248.257,669.738,387.294,688.358
564.419,1007.077,499.679,820.866,247.945,669.876,387.258,688.362
564.567,1007.185,500.035,820.621,247.708,670.022,387.680,689.138
564.610,1007.255,499.873,820.468,248.006,670.499,387.109,688.474
564.746,1007.619,499.822,820.611,247.840,670.573,387.176,688.243
564.465,1007.087,499.986,820.417,246.911,670.829,387.241,688.341
564.588,1007.263,499.710,820.766,247.178,670.938,387.391,688.559
564.628,1007.355,500.005,820.472,246.978,670.636,387.422,689.005
564.391,1007.192,499.647,820.752,247.035,670.950,387.453,689.092
564.312,1007.041,499.909,820.305,247.168,670.727,387.629,689.177
564.593,1007.436,499.925,820.499,247.211,670.863,387.611,689.032
564.508,1007.263,500.041,820.552,247.612,670.209,388.565,690.038
564.626,1007.231,499.712,820.931,247.069,670.384,388.386,689.538
564.786,1007.580,499.872,820.685,247.096,670.623,387.798,688.945
564.753,1007.325,499.806,820.761,247.029,670.571,387.314,689.259
564.839,1007.466,499.702,820.974,247.095,670.806,386.994,688.468
564.811,1007.515,499.853,820.590,247.095,670.638,386.191,688.095
564.789,1007.563,499.739,820.799,247.146,670.970,386.361,687.910
564.816,1007.648,499.984,820.316,247.147,670.991,386.821,688.282
564.813,1007.453,500.045,820.265,247.157,670.954,386.792,688.119
564.951,1007.515,499.874,820.648,246.892,670.946,387.634,688.882
564.738,1007.441,499.741,820.634,246.906,670.995,388.197,689.508
564.737,1007.496,499.869,820.492,246.883,671.001,386.496,688.235
564.944,1007.690,500.102,820.148,247.277,670.907,386.892,688.330
564.703,1007.630,499.568,820.867,246.840,671.077,386.443,688.151
564.606,1007.382,499.909,820.566,247.200,670.990,387.358,688.483
564.559,1007.197,499.920,820.526,246.928,670.986,386.822,687.950
564.637,1007.392,499.828,820.535,246.878,670.986,386.731,687.879
564.727,1007.471,499.945,820.421,246.803,671.066,386.723,687.856
564.738,1007.465,499.815,820.593,247.008,670.967,387.496,689.024
564.660,1007.506,499.880,820.602,246.969,670.995,387.719,689.245
564.715,1007.358,499.808,820.778,247.049,671.187,387.082,688.162
564.829,1007.502,499.997,820.505,247.038,670.969,386.984,688.098
564.736,1007.322,499.960,820.410,247.207,671.068,386.983,688.362
564.767,1007.373,499.990,820.404,247.243,670.831,387.035,688.137
564.842,1007.605,500.141,820.270,247.485,670.863,386.927,688.194
564.875,1007.252,500.142,820.542,247.372,670.222,386.741,688.100
564.538,1007.012,499.900,820.707,247.548,670.482,387.014,688.666
564.460,1007.097,500.115,820.434,247.503,670.378,386.899,688.381
564.742,1007.313,499.917,820.552,247.496,670.415,387.299,688.690
564.710,1007.378,499.758,820.719,247.680,670.418,387.245,688.995
564.670,1007.446,499.867,820.568,247.623,670.495,387.633,689.223
564.721,1007.391,499.792,820.675,247.920,670.394,386.889,688.403
564.673,1007.343,499.861,820.643,247.897,670.316,387.053,688.481
564.687,1007.417,499.720,820.677,248.145,670.251,387.030,688.453
564.758,1007.504,499.665,820.783,247.966,670.375,386.784,688.365
564.774,1007.470,499.902,820.476,248.262,670.092,386.556,687.954
564.561,1007.345,499.876,820.487,248.117,670.207,386.440,687.845
564.632,1007.392,499.730,820.448,248.084,670.203,386.927,688.313
564.774,1007.604,499.610,820.685,248.676,669.624,386.788,687.926
564.826,1007.655,499.884,820.470,248.374,669.727,387.026,688.345
564.832,1007.727,499.777,820.763,248.223,670.111,387.065,688.536
564.794,1007.615,499.871,820.647,248.402,669.728,387.042,688.534
564.573,1007.315,499.807,820.740,248.499,669.927,386.851,688.153
564.671,1007.561,499.857,820.727,248.434,669.930,386.694,688.204
564.825,1007.538,499.801,820.672,248.414,670.168,386.908,688.443
564.867,1007.699,499.670,820.881,248.462,670.028,387.047,688.374
564.584,1007.205,499.848,820.565,248.294,669.855,387.000,687.913
564.666,1007.161,499.638,820.772,248.148,669.956,386.988,688.084
564.373,1006.746,499.727,820.818,248.118,670.175,387.473,688.396
564.360,1006.816,499.998,820.549,247.616,670.648,387.457,688.448
564.783,1007.438,499.978,820.301,247.407,670.834,386.802,687.940
564.637,1007.161,499.742,820.671,247.155,671.001,387.582,688.561
564.634,1007.490,499.881,820.614,246.785,671.000,387.505,688.810
564.651,1007.425,499.983,820.500,246.761,671.088,387.017,688.547
564.665,1007.397,499.809,820.657,246.602,671.102,387.591,688.870
564.802,1007.576,499.989,820.263,246.697,671.103,387.055,688.422
564.703,1007.563,500.094,820.359,246.808,671.090,387.533,688.850
564.611,1007.453,499.986,820.416,246.656,671.030,387.639,688.887
564.826,1007.602,500.095,820.361,246.732,671.017,387.660,688.918
564.416,1007.582,499.965,820.462,246.720,671.011,386.888,687.966
564.653,1007.388,500.017,820.371,246.698,671.039,387.018,688.122
564.615,1007.498,499.940,820.567,246.542,671.059,386.844,688.223
564.646,1007.338,499.964,820.462,246.452,671.129,386.746,687.909
564.597,1007.353,499.933,820.473,246.485,671.192,387.858,689.422
564.777,1007.626,499.823,820.459,246.524,670.973,388.080,689.358
564.635,1007.161,499.720,820.709,246.799,671.179,387.785,689.276
564.632,1007.228,499.456,821.080,246.587,671.146,387.064,688.480
564.486,1007.165,499.709,820.787,246.564,671.331,387.024,688.471
564.534,1006.946,499.672,820.845,246.720,670.980,386.844,688.197
564.526,1007.292,499.643,820.869,247.026,670.989,387.309,688.484
564.559,1007.295,499.706,820.734,246.882,670.983,387.478,688.854
564.590,1007.257,499.890,820.464,246.975,670.927,387.559,688.856
564.508,1007.391,499.631,820.871,247.121,671.022,387.776,688.971
564.415,1007.143,499.600,820.919,246.967,670.982,387.566,688.789
564.483,1007.138,500.063,820.471,246.974,671.076,387.061,688.309
564.584,1007.466,499.957,820.564,246.918,670.868,386.346,687.735
564.349,1007.100,499.806,820.537,246.475,671.192,386.897,687.874
564.364,1006.981,499.914,820.570,246.960,670.999,386.841,688.311
564.551,1007.259,499.864,820.427,246.958,670.881,387.214,688.737
564.500,1007.257,499.827,820.584,247.046,670.814,387.050,688.513
564.573,1007.297,499.699,820.502,246.992,671.004,387.199,688.573
564.426,1007.072,499.859,820.549,246.755,670.876,387.717,689.054
564.235,1007.190,499.906,820.542,246.813,670.770,387.547,688.658
564.609,1007.358,500.193,820.299,246.941,670.771,386.925,687.956
564.566,1007.331,500.126,820.393,247.460,670.631,387.028,688.031
564.530,1007.103,499.895,820.476,247.748,670.121,386.799,688.299
564.475,1007.226,499.930,820.352,247.900,670.009,386.464,687.625
564.260,1006.783,500.068,820.432,248.166,669.991,386.948,688.165
564.332,1006.799,500.134,820.391,248.143,669.923,387.025,688.235
564.501,1007.093,500.007,820.373,248.411,669.862,387.716,688.576
564.455,1006.997,500.155,820.425,248.329,669.987,387.897,688.666
564.577,1007.109,499.958,820.320,248.276,669.726,387.715,688.801
564.630,1007.203,500.069,820.271,248.094,669.758,387.725,688.387
564.491,1007.213,499.964,820.401,248.360,669.686,387.707,688.539
564.461,1006.830,500.113,820.291,248.366,669.920,387.909,689.231
564.396,1006.727,500.317,820.186,248.267,669.900,387.810,689.160
564.659,1006.971,500.116,820.242,247.992,670.270,387.784,688.600
564.670,1007.066,500.088,820.300,248.045,670.140,387.685,688.851
564.492,1006.989,499.946,820.612,248.304,670.071,387.644,688.689
564.631,1007.327,499.994,820.558,248.532,669.878,387.788,688.664
564.293,1006.999,500.072,820.167,248.343,669.897,387.349,688.270
564.614,1007.278,500.061,820.344,248.483,669.686,387.384,688.272
564.527,1006.994,500.147,820.544,247.755,670.442,387.550,688.555
564.510,1007.060,500.114,820.541,247.826,669.996,387.619,688.794
564.691,1007.379,500.061,820.607,247.239,670.586,386.802,688.087
564.460,1007.152,500.038,820.494,246.909,670.775,387.128,688.187
564.522,1006.930,500.196,820.336,247.234,670.773,387.621,688.676
564.318,1007.050,500.249,820.206,246.964,670.751,387.269,688.445
564.688,1007.219,500.142,820.445,246.869,670.892,387.346,688.574
564.346,1006.953,500.227,820.489,247.283,670.763,387.700,688.749
564.559,1007.212,500.141,820.458,247.114,670.843,387.622,688.647
564.385,1007.198,499.935,820.823,246.788,670.880,387.273,688.517
564.539,1007.308,499.959,820.640,246.895,670.783,387.520,688.684
564.070,1006.841,499.676,820.687,246.877,671.085,387.499,688.625
564.342,1007.064,499.671,820.887,246.930,670.999,387.471,688.478
564.433,1006.795,499.815,820.541,246.827,671.206,387.388,688.332
564.545,1007.085,499.792,820.741,246.772,671.116,386.966,688.049
564.558,1007.140,500.136,820.341,246.726,671.364,387.409,688.091
564.623,1007.151,499.573,820.914,246.780,671.146,387.061,688.149
564.501,1007.236,499.878,820.670,246.706,671.201,386.981,687.974
564.518,1007.232,499.908,820.413,246.757,671.145,387.453,688.426
564.536,1007.073,499.894,820.504,246.855,670.897,386.786,687.806
564.473,1007.057,499.947,820.609,246.740,671.150,387.512,688.493
564.528,1007.208,499.982,820.634,246.944,670.862,387.034,687.999
564.173,1007.180,499.766,820.520,246.706,671.051,386.941,688.272
564.455,1007.200,499.755,820.612,246.843,670.938,387.635,688.658
564.392,1007.203,500.221,820.328,246.916,671.442,387.596,688.692
564.493,1007.092,500.256,820.283,246.893,671.430,386.706,688.084
564.453,1007.134,499.912,820.477,247.028,671.503,386.995,688.400
564.404,1007.198,500.062,820.329,247.040,671.298,387.426,688.688
564.381,1007.058,499.942,820.568,247.162,671.082,386.721,687.809
564.623,1007.304,500.124,820.740,247.413,670.773,386.788,687.856
564.527,1007.179,500.041,820.559,247.590,670.537,387.501,688.442
564.746,1007.318,500.271,820.505,247.809,670.189,387.674,688.903
564.738,1007.470,500.111,820.618,247.978,670.157,387.682,688.964
564.453,1007.306,499.684,820.663,248.042,669.801,386.953,687.889
564.673,1007.329,500.057,820.221,247.931,670.051,387.372,688.589
564.367,1007.115,499.972,820.239,247.887,670.003,387.071,688.467
564.317,1007.047,500.049,820.312,247.910,670.102,387.011,688.305
564.480,1007.370,500.057,820.256,247.903,669.989,387.216,688.428
564.259,1007.122,499.997,820.294,248.561,669.679,387.173,688.130
564.623,1007.315,500.178,820.489,248.430,669.734,387.447,688.689
564.600,1007.289,500.375,820.219,248.517,669.832,387.483,688.732
564.696,1007.366,500.183,820.515,248.608,669.767,387.418,688.647
564.595,1007.112,500.289,820.281,248.163,670.019,386.916,687.796
564.449,1007.175,500.323,820.341,248.461,670.028,387.152,688.286
564.478,1007.047,499.936,820.678,248.324,669.905,386.704,687.896
564.716,1007.412,500.061,820.359,248.752,669.690,386.853,688.046
564.797,1007.416,500.186,820.416,248.160,669.963,386.949,688.105
564.420,1007.347,500.100,820.615,248.221,670.141,386.838,688.212
564.794,1007.450,499.932,820.539,248.120,669.873,387.313,688.139
564.563,1007.120,499.884,820.722,247.826,670.003,387.473,688.212
564.568,1007.235,499.852,820.619,247.398,670.356,386.951,687.748
564.772,1007.484,499.900,820.637,247.084,670.599,387.444,688.167
564.362,1007.003,499.743,820.793,247.280,670.857,387.653,688.601
564.425,1007.077,499.707,820.723,246.819,671.064,386.821,687.683
564.577,1007.386,499.658,820.896,246.871,671.219,386.926,688.017
564.473,1007.104,499.825,820.513,246.732,671.007,386.513,687.526
564.547,1007.262,499.612,820.843,246.584,671.067,387.017,687.918
564.725,1007.241,499.441,820.782,246.548,671.043,387.385,688.522
564.824,1007.171,499.571,820.844,246.458,671.163,386.637,687.772
564.624,1007.208,500.015,820.524,246.563,671.281,386.983,687.973
564.719,1007.393,499.973,820.604,246.484,671.328,386.681,687.778
564.603,1007.261,500.082,820.488,246.583,671.002,386.655,687.938
564.652,1007.231,499.899,820.528,246.642,670.785,386.668,687.925
564.613,1007.390,499.941,820.588,246.647,671.335,387.241,688.086
564.763,1007.522,500.127,820.403,246.626,671.330,386.906,688.071
564.666,1007.211,499.818,820.482,246.290,671.335,386.775,687.562
564.648,1007.169,499.642,820.552,246.527,671.192,386.949,687.846
564.493,1007.303,499.909,820.599,246.589,671.183,386.986,687.716
564.658,1007.264,499.870,820.497,246.654,671.335,386.654,687.614
564.658,1007.392,499.795,820.480,246.542,671.361,387.654,688.435
564.706,1007.389,499.706,820.686,246.979,671.051,386.921,688.153
564.678,1007.458,499.661,820.795,246.759,671.167,387.080,688.098
564.612,1007.001,499.848,820.502,247.024,670.909,387.209,688.292
564.579,1007.139,499.815,820.661,246.981,671.068,387.287,688.257
564.750,1007.503,499.976,820.343,247.357,671.148,386.608,687.974
564.623,1007.140,499.902,820.421,247.043,671.130,386.733,687.833
564.619,1007.120,499.830,820.620,247.809,670.652,387.004,688.102
564.404,1006.503,499.768,820.856,247.906,670.461,387.030,688.108
564.477,1007.047,500.036,820.303,247.970,670.176,386.503,687.951
564.760,1007.383,500.016,820.448,247.979,669.943,386.357,687.764
564.559,1007.305,499.911,820.315,247.983,670.473,386.862,688.158
564.805,1007.351,499.829,820.568,248.174,670.045,386.855,688.072
564.658,1007.331,500.015,820.526,247.685,670.309,386.757,688.007
564.537,1007.186,500.168,820.344,248.009,670.224,387.023,688.278
564.509,1007.266,500.081,820.409,247.942,670.421,386.897,688.351
564.561,1007.248,500.065,820.313,247.882,670.159,387.332,688.049
564.579,1007.109,500.034,820.425,247.938,670.036,386.826,688.068
564.711,1007.365,500.178,820.375,248.044,670.020,387.605,688.594
564.543,1007.150,500.115,820.228,247.936,670.312,387.539,688.629
564.316,1006.915,500.101,820.490,246.280,671.258,387.532,688.876
564.648,1007.248,500.260,820.362,248.071,670.234,386.829,687.798
564.514,1007.258,500.073,820.256,248.229,670.186,386.763,687.980
564.660,1007.224,500.038,820.411,248.316,670.063,386.627,687.650
564.708,1007.368,499.635,820.758,248.220,670.195,387.654,688.820
564.679,1007.484,499.837,820.544,247.900,670.825,387.516,688.919
564.677,1007.464,499.988,820.471,247.646,671.072,387.516,688.957
564.731,1007.480,499.965,820.561,247.316,670.970,387.421,688.518
564.765,1007.361,499.981,820.492,247.251,670.997,387.622,688.869
564.656,1007.263,499.644,820.514,246.866,671.021,386.847,687.945
564.755,1007.426,499.826,820.470,246.693,671.161,386.662,687.858
564.582,1007.332,500.332,820.019,246.507,671.361,386.905,687.692
564.469,1007.198,500.138,820.234,246.497,671.271,386.679,687.628
564.719,1007.676,499.962,820.530,246.435,670.572,387.041,688.030
564.731,1007.416,499.945,820.501,246.630,670.635,386.844,687.692
564.654,1007.176,499.710,820.773,246.552,670.923,387.668,688.806
564.638,1007.175,499.681,820.783,246.467,671.058,386.810,688.097
564.596,1007.110,499.760,820.467,246.799,671.221,386.711,687.829
564.562,1007.141,499.726,820.500,246.820,671.326,387.127,688.010
564.487,1007.065,499.336,820.955,246.635,671.224,387.077,688.358
564.464,1007.079,499.660,820.705,246.501,671.471,386.937,687.825
564.680,1007.202,499.606,820.698,246.602,671.415,386.928,687.723
564.575,1007.000,500.348,819.983,246.556,671.237,386.883,688.018
564.563,1007.178,499.845,820.134,246.599,671.323,386.886,687.893
564.481,1007.091,499.831,820.093,246.923,671.270,387.440,688.442
564.441,1007.234,499.722,820.058,246.741,671.594,387.381,688.256
564.481,1007.241,499.859,820.061,246.801,671.330,386.563,687.534
564.475,1007.406,499.595,820.327,246.781,671.371,386.416,687.438
564.554,1007.168,499.858,820.072,246.580,671.326,386.986,687.760
564.551,1007.423,500.031,820.026,246.634,671.373,386.850,687.698
564.571,1007.173,499.517,820.200,246.304,671.222,387.008,687.734
564.810,1007.288,500.078,820.009,246.175,670.988,387.285,688.251
564.636,1007.082,499.987,820.098,246.793,671.121,387.253,688.362
564.782,1007.205,499.380,820.604,246.806,671.294,387.467,688.163
564.472,1006.961,498.953,820.952,246.654,671.316,387.335,688.015
564.462,1007.088,499.365,820.619,246.302,671.164,387.109,688.190
564.300,1006.797,499.342,820.816,246.242,671.373,386.869,688.007
564.578,1007.325,499.293,821.050,246.552,671.257,386.748,687.879
564.496,1007.132,499.000,821.266,246.445,671.266,386.793,687.628
564.699,1007.227,499.238,821.202,246.622,671.280,386.991,687.647
564.528,1007.130,499.093,821.322,246.560,671.242,386.459,687.381
564.393,1007.106,499.526,820.972,247.043,670.911,386.742,687.893
564.627,1007.130,499.539,820.664,246.952,671.141,386.687,687.612
564.594,1007.248,499.867,820.516,247.424,670.429,387.452,688.025
564.682,1007.161,499.892,820.922,247.304,670.568,386.610,687.452
564.657,1007.305,500.098,821.110,247.420,670.197,386.782,687.843
564.648,1007.203,500.337,821.370,247.150,670.455,387.405,687.995
564.576,1007.322,500.482,821.876,247.289,670.364,386.767,687.674
564.542,1006.925,500.177,823.140,247.864,670.327,387.448,688.129
564.293,1006.869,500.071,823.411,248.137,670.114,387.397,688.093
564.794,1007.440,500.202,823.843,247.992,670.146,387.591,688.636
564.632,1007.134,500.497,823.975,247.898,670.319,387.524,688.298
564.815,1007.245,500.439,824.138,248.121,670.266,386.837,687.874
564.652,1007.050,500.426,824.332,248.128,670.257,386.904,687.874
564.504,1007.016,500.571,823.950,248.180,670.186,386.892,687.936
564.416,1007.118,500.412,823.498,248.497,669.879,386.717,687.915
564.362,1007.119,500.153,823.083,248.094,670.162,386.758,687.795
564.670,1007.260,500.045,823.331,247.781,670.412,386.383,687.626
564.530,1007.232,499.787,823.633,248.150,670.067,386.875,688.051
564.561,1007.306,500.066,823.976,248.092,670.143,386.630,687.759
564.666,1007.442,500.313,823.066,248.042,670.309,386.487,687.551
564.891,1007.462,500.317,823.714,247.996,670.249,386.739,687.481
564.480,1007.157,500.642,822.789,247.996,670.433,386.850,687.926
564.610,1007.342,500.625,823.518,248.349,670.105,386.952,687.712
564.485,1007.258,500.780,823.533,248.201,669.941,386.969,687.857
564.423,1006.723,500.343,823.762,248.263,670.002,387.568,688.192
564.451,1006.931,500.317,823.691,248.018,670.159,387.566,688.326
564.272,1007.159,500.229,823.935,247.417,670.673,387.148,688.204
564.262,1007.173,500.158,823.670,247.264,670.770,386.903,687.797
564.516,1007.306,500.128,823.683,246.723,671.153,387.293,687.923
564.809,1007.659,500.093,823.825,246.798,671.018,387.449,688.223
564.569,1007.322,500.116,823.684,246.629,671.124,387.536,688.217
564.573,1007.470,500.655,823.387,246.448,671.376,386.591,687.244
564.581,1007.505,500.456,823.719,246.826,671.398,386.678,687.385
564.618,1007.429,500.414,823.133,246.700,671.304,386.741,687.546
564.572,1007.234,500.373,823.193,246.456,671.389,387.098,687.852
564.658,1007.449,500.316,823.065,246.438,671.236,387.444,687.914
564.600,1007.374,500.426,823.844,246.359,671.285,387.465,688.058
564.293,1007.266,500.531,823.634,246.290,671.473,386.832,687.642
564.652,1007.364,500.655,822.998,246.293,671.396,386.913,687.560
564.890,1007.559,500.159,823.564,246.470,670.937,387.324,687.912
564.784,1007.559,500.192,823.520,246.238,671.277,387.326,687.946
564.810,1007.491,500.229,823.968,246.908,671.056,386.861,687.631
564.758,1007.480,500.330,823.426,246.535,671.145,387.028,687.876
564.745,1007.486,500.296,823.299,246.899,670.736,387.002,687.825
564.672,1007.321,500.117,823.933,246.491,671.239,386.883,687.538
564.740,1007.567,500.312,823.836,246.544,671.278,387.340,687.931
564.721,1007.424,500.245,823.401,246.725,671.258,387.322,687.964
564.675,1007.508,500.329,823.641,246.700,671.182,387.465,688.092
564.578,1007.368,500.040,823.477,247.087,670.938,386.613,687.504
564.644,1007.310,500.259,823.865,247.221,670.669,387.231,687.870
564.546,1007.304,500.375,823.951,247.379,670.403,386.320,687.640
564.535,1007.358,500.267,823.526,245.187,671.856,386.369,687.422
564.415,1007.210,500.326,823.401,247.079,670.416,386.633,687.412
564.586,1007.522,500.450,823.651,247.703,670.256,386.374,687.326
564.577,1007.279,500.441,823.818,247.621,670.347,386.693,687.508
564.512,1007.270,500.207,823.495,247.703,670.150,386.459,687.371
564.456,1007.145,500.259,823.852,247.690,670.177,386.501,687.381
564.708,1007.387,500.315,823.438,247.930,670.266,386.376,687.405
564.587,1007.298,500.451,823.625,248.093,670.062,386.688,687.282
564.512,1007.399,500.586,823.620,247.964,670.158,387.588,688.052
564.621,1007.393,500.405,823.486,248.089,670.124,387.040,687.547
564.564,1007.249,500.219,823.243,247.937,669.848,387.710,688.436
564.742,1007.452,500.071,823.345,247.901,670.048,387.788,688.611
564.625,1007.305,500.229,823.429,248.058,669.961,387.507,688.471
564.548,1007.339,500.100,823.402,248.110,670.246,387.588,688.166
564.800,1007.288,500.351,823.135,247.948,670.277,386.787,687.639
564.390,1007.193,500.231,823.853,247.937,670.344,386.686,687.481
564.452,1007.166,500.446,824.087,248.026,669.982,386.799,687.476
564.661,1007.496,500.582,823.329,246.234,670.998,387.006,687.520
564.677,1007.579,500.256,823.734,247.752,670.173,386.840,687.500
564.643,1007.303,500.401,823.746,247.543,670.458,386.743,687.682
564.630,1007.265,500.570,823.478,246.761,670.751,386.599,687.568
564.670,1007.280,500.342,823.937,246.717,670.514,386.872,687.540
564.648,1007.240,500.366,823.915,246.869,670.720,386.865,687.602
564.790,1007.593,500.429,823.441,246.710,671.117,387.133,688.023
564.724,1007.264,500.253,823.991,246.612,670.938,386.647,687.529
564.667,1007.247,500.156,824.050,246.752,670.977,387.000,687.647
564.724,1007.281,500.347,824.121,246.686,671.254,387.058,687.451
564.987,1007.695,500.303,823.777,246.370,671.313,386.563,687.751
564.564,1007.269,500.386,823.889,246.418,671.311,386.649,687.498
564.343,1007.180,500.071,823.347,246.507,671.386,387.038,687.698
564.448,1007.123,500.116,824.009,246.320,671.634,387.079,687.625
564.340,1006.922,500.278,823.754,246.385,671.711,386.988,687.458
564.804,1007.598,500.362,823.749,246.352,671.589,387.497,688.346
564.513,1007.401,500.726,823.462,246.409,671.512,386.833,687.766
564.447,1007.144,500.333,823.876,246.567,671.379,387.528,688.378
564.644,1007.352,500.340,823.887,246.828,671.296,386.843,687.855
564.672,1007.472,500.406,823.198,246.570,671.479,387.533,687.940
564.681,1007.539,500.512,823.542,246.570,671.466,387.524,688.021
564.601,1007.274,500.207,824.025,246.595,671.305,387.581,688.357
564.647,1007.502,500.203,824.034,246.488,671.377,386.980,687.970
564.500,1007.242,500.306,823.840,246.712,671.059,387.083,687.942
564.765,1007.422,500.224,823.898,246.782,671.084,387.579,688.103
564.370,1007.083,500.237,824.025,246.529,670.870,386.905,687.345
564.560,1007.261,500.106,823.977,246.475,671.245,386.791,687.631
564.351,1007.289,500.062,823.840,246.575,671.141,386.782,687.478
564.585,1007.353,499.955,823.663,246.677,671.194,386.448,686.941
564.784,1007.532,500.167,823.871,246.647,671.257,386.221,686.721
564.525,1007.279,500.154,823.497,246.138,671.183,387.028,687.748
564.714,1007.517,500.193,823.909,246.606,671.038,387.566,688.222
564.570,1007.437,500.631,823.292,246.209,671.334,387.044,687.620
564.790,1007.784,500.656,823.403,246.254,671.174,386.919,687.824
564.582,1007.279,500.066,823.926,246.570,671.070,387.587,688.373
564.711,1007.362,500.319,823.850,246.553,670.978,387.575,688.052
564.707,1007.444,500.720,823.302,246.433,671.182,386.924,687.752
564.609,1007.472,500.300,823.603,246.604,671.014,387.083,687.801
564.696,1007.510,500.747,823.051,246.641,670.959,386.748,687.446
564.603,1007.266,500.588,823.745,246.717,670.947,387.218,687.852
564.824,1007.525,500.458,823.870,246.625,670.935,387.289,687.785
564.958,1007.497,500.210,824.084,246.661,671.095,386.518,687.240
564.801,1007.483,500.740,823.419,246.517,671.043,386.842,687.498
564.682,1007.488,500.408,823.417,246.450,671.359,387.550,688.460
564.633,1007.437,500.435,823.746,246.370,671.371,386.972,687.972
564.403,1007.199,500.276,823.822,246.445,670.976,386.943,687.678
564.369,1007.198,500.361,823.865,246.492,670.950,387.093,687.899
564.409,1007.055,500.069,823.937,246.410,670.827,387.352,687.872
564.557,1007.260,500.119,823.686,246.321,670.978,387.472,688.061
564.391,1006.940,500.071,823.758,246.489,670.816,386.990,687.647
564.584,1007.356,500.176,823.639,246.561,671.190,386.922,687.595
564.687,1007.398,500.142,824.155,246.310,671.332,386.842,687.487
564.773,1007.515,500.204,823.227,246.361,671.060,387.428,687.919
564.685,1007.496,500.380,823.678,246.497,670.936,386.893,687.469
564.558,1007.109,500.094,824.003,246.491,670.641,387.274,687.809
564.648,1007.129,500.267,823.762,246.431,671.019,386.934,687.570
564.914,1007.523,500.104,823.810,246.864,671.001,386.648,687.137
564.814,1007.357,500.092,823.635,246.962,670.801,386.707,687.303
564.639,1007.461,500.299,823.926,246.443,670.825,387.171,687.673
564.802,1007.339,500.315,824.150,246.508,670.894,387.263,687.749
564.862,1007.377,500.369,823.727,246.178,671.203,387.113,687.841
564.793,1007.495,500.213,823.558,246.270,671.245,387.761,688.025
564.691,1007.195,499.996,823.815,246.194,671.215,387.509,687.853
564.555,1007.167,500.234,823.873,246.219,671.249,387.138,687.707
564.663,1007.556,499.974,824.274,246.265,671.478,387.197,687.800
564.703,1007.573,500.011,824.317,246.482,671.235,386.846,687.441
564.848,1007.578,500.030,824.301,246.438,671.284,386.986,687.944
564.622,1007.407,500.058,824.409,246.462,671.319,387.672,688.125
564.541,1007.335,499.949,824.218,246.576,671.343,387.024,687.555
564.402,1007.037,499.910,824.242,246.503,671.138,387.713,688.114
564.683,1007.293,499.926,824.233,246.499,671.249,387.729,688.228
564.700,1007.233,500.012,824.059,246.527,671.408,387.741,688.225
564.558,1007.249,499.990,823.892,246.222,671.345,387.676,688.012
564.744,1007.436,500.063,823.883,246.552,671.094,387.107,687.703
564.520,1007.198,500.102,824.129,246.421,671.203,387.050,687.838
564.728,1007.442,500.043,824.174,246.412,671.247,387.133,687.869
564.745,1007.429,500.035,823.973,246.526,671.280,387.630,688.049
564.541,1007.048,500.094,823.720,246.701,671.143,387.274,687.519
564.639,1007.187,500.136,824.138,246.657,671.017,387.172,687.645
564.563,1007.133,500.304,823.768,246.341,671.140,387.743,688.152
564.877,1007.423,499.997,824.021,246.770,671.093,386.810,687.378
564.661,1007.176,500.115,824.157,246.306,671.201,387.143,687.597
564.386,1007.041,500.077,823.675,246.753,671.072,387.724,688.207
564.721,1007.424,500.196,823.489,246.622,671.193,387.746,688.290
564.441,1007.290,499.859,823.621,246.427,671.314,387.607,688.147
564.645,1007.325,500.263,823.609,246.475,671.422,387.673,688.014
564.516,1007.404,500.034,823.738,246.507,671.179,387.417,688.091
564.571,1007.329,500.033,823.737,246.406,671.255,387.628,688.266
564.804,1007.573,500.148,823.561,246.504,671.344,386.971,687.784
564.387,1007.091,499.885,823.530,246.545,671.178,387.729,688.321
564.647,1007.476,500.203,824.062,246.428,670.938,387.371,687.661
564.487,1007.030,499.859,824.293,246.501,671.497,386.820,687.599
564.567,1007.309,499.942,823.919,246.645,671.440,386.852,687.572
564.623,1007.352,499.815,824.510,246.598,671.509,387.054,687.514
564.683,1007.370,499.907,824.295,246.470,671.373,386.806,687.350
564.574,1007.233,500.011,823.654,246.623,671.148,386.891,687.643
564.615,1007.398,500.158,823.591,246.266,671.304,387.134,687.539
564.778,1007.380,499.870,823.859,246.746,671.213,387.618,688.008
564.676,1007.273,499.708,823.977,246.429,671.549,387.539,687.971
564.504,1007.213,500.030,823.908,246.746,671.066,387.687,687.946
564.788,1007.365,499.982,823.811,246.831,671.029,387.675,687.775
564.937,1007.444,500.064,823.603,246.177,671.549,386.930,687.703
564.683,1007.281,500.284,823.893,246.112,671.359,387.023,687.668
564.747,1007.226,500.055,823.741,246.201,671.610,386.918,687.793
564.676,1007.137,500.464,823.433,246.375,671.452,386.926,687.625
564.724,1007.166,500.188,823.736,246.367,671.487,386.972,687.527
564.794,1007.202,500.395,823.667,246.546,671.288,386.815,687.334
564.605,1007.105,500.355,823.809,246.736,671.318,386.883,687.381
564.663,1007.159,500.251,824.073,246.192,671.289,387.003,687.467
564.843,1007.238,500.366,823.800,246.145,671.261,386.979,687.438
564.553,1006.870,500.027,823.998,246.195,671.176,387.103,687.609
564.417,1007.147,499.861,823.820,246.082,671.267,386.663,687.175
564.570,1007.199,500.168,823.929,246.239,671.358,386.603,687.301
564.614,1007.205,500.002,823.590,246.260,671.330,386.558,687.281
564.774,1007.519,500.086,824.152,246.181,671.450,387.020,687.910
564.520,1007.152,500.323,823.592,246.453,671.115,386.916,687.733
564.702,1007.391,499.970,824.103,246.324,671.404,386.730,687.845
564.837,1007.338,499.935,823.904,246.389,671.061,386.843,687.676
564.747,1007.356,499.992,824.234,246.426,670.972,386.937,687.528
564.823,1007.497,499.895,823.666,246.280,671.043,386.654,687.400
564.717,1007.280,499.939,824.008,246.347,671.049,387.729,688.241
564.565,1007.168,500.086,824.061,246.711,670.790,387.681,688.270
564.541,1007.012,499.864,823.944,246.198,671.130,387.737,688.157
564.606,1007.381,499.958,823.629,246.172,671.084,387.200,687.514
564.752,1007.538,499.963,823.810,246.411,670.729,387.127,687.861
564.554,1007.299,500.004,824.199,246.166,670.956,387.086,687.456
564.598,1007.297,500.056,824.065,246.145,670.993,387.085,687.792
564.461,1007.206,500.092,823.922,246.665,671.347,387.151,687.951
564.539,1007.313,499.943,824.179,246.592,670.942,386.630,687.535
564.633,1007.369,499.873,823.925,246.175,671.555,386.480,687.372
564.579,1007.417,499.778,823.970,246.422,671.184,386.847,687.593
564.674,1007.253,499.774,823.875,246.499,671.290,386.875,687.602
564.558,1007.248,500.230,823.944,246.588,671.067,387.564,688.056
564.641,1007.278,500.146,823.547,246.433,671.263,387.200,687.774
564.604,1007.227,499.881,823.895,246.626,671.153,387.189,687.694
564.615,1007.201,499.917,823.745,246.544,671.096,386.685,687.257
564.430,1007.051,499.868,823.875,246.643,671.042,386.582,687.255
564.468,1007.090,499.869,823.924,246.517,671.111,386.631,687.542
564.733,1007.313,499.992,823.945,246.783,671.001,386.995,687.716
564.575,1007.168,499.853,824.060,246.658,671.115,387.458,687.999
564.611,1007.149,499.832,823.760,246.731,670.910,386.673,687.304
564.610,1007.049,499.925,824.096,246.867,670.887,386.958,687.578
564.422,1007.106,499.949,823.633,246.225,670.985,386.862,687.598
564.611,1007.236,500.153,823.887,246.030,671.162,386.756,687.385
564.530,1007.078,500.047,824.152,246.152,671.085,386.784,687.588
564.710,1007.401,499.846,824.082,246.343,671.233,386.608,687.194
564.358,1007.082,499.809,824.101,246.294,671.116,386.967,687.387
564.608,1007.183,500.021,824.106,246.493,671.036,386.809,687.226
564.398,1007.161,499.990,824.043,246.394,671.284,387.281,687.734
564.323,1007.350,499.878,824.117,246.460,671.209,386.854,687.284
564.494,1007.397,499.896,824.116,246.654,671.115,386.940,687.393
564.677,1007.368,500.131,823.957,246.631,671.088,387.426,687.924
564.564,1007.232,499.794,823.900,246.558,671.188,387.564,687.997
564.671,1007.243,499.907,823.727,246.472,671.133,387.686,687.851
564.636,1007.302,500.124,823.999,246.300,671.263,387.785,688.024
564.779,1007.415,500.211,824.197,246.673,671.011,387.167,687.545
564.760,1007.307,499.965,823.643,246.348,670.841,387.653,687.906
564.647,1007.148,499.973,824.102,246.236,670.850,387.843,688.043
564.888,1007.396,500.255,823.173,246.821,670.970,387.552,688.116
564.785,1007.304,500.119,823.729,246.768,670.923,387.611,687.956
564.785,1007.340,499.927,823.508,246.490,671.207,387.566,687.989
564.647,1007.140,499.879,823.588,246.719,671.000,387.573,687.970
564.848,1007.506,500.063,823.556,247.073,670.752,387.673,687.790
564.593,1006.960,500.060,824.207,246.975,670.751,387.632,687.771
565.016,1007.491,500.121,824.029,246.751,670.793,387.200,687.362
564.857,1007.334,500.073,823.626,246.556,671.067,387.282,687.340
564.750,1007.316,500.236,823.638,246.314,670.645,387.151,687.608
564.933,1007.647,500.144,823.804,246.317,670.796,386.885,687.443
564.585,1007.363,499.874,823.945,246.316,671.019,387.208,687.918
564.849,1007.538,499.880,823.895,246.523,670.840,387.127,687.930
564.584,1007.271,500.018,823.994,246.683,670.929,387.211,687.652
564.616,1007.382,500.095,824.166,246.659,670.740,386.931,687.662
564.855,1007.527,500.225,823.947,246.486,670.840,387.037,687.861
564.890,1007.573,500.043,823.971,246.520,670.851,387.347,687.584
564.788,1007.517,500.385,823.692,246.557,670.322,387.237,687.678
564.927,1007.678,500.068,823.576,244.856,672.028,386.945,687.593
564.959,1007.560,499.895,823.716,246.769,670.707,386.793,687.250
565.169,1008.089,500.198,823.841,246.654,670.793,387.821,688.453
565.232,1008.228,500.017,824.214,246.563,670.880,387.640,688.413
565.264,1008.171,499.885,823.833,246.529,670.865,386.988,687.682
565.372,1008.283,500.071,823.612,246.458,670.975,386.928,687.501
565.240,1008.408,500.108,823.567,246.457,670.836,386.868,687.377
565.442,1008.271,500.060,823.457,246.446,671.007,387.140,687.730
565.463,1008.198,500.092,823.762,246.366,671.104,386.747,687.466
565.153,1007.922,499.885,823.771,246.685,670.939,387.081,687.328
565.212,1007.934,499.792,823.748,246.414,670.939,387.654,687.839
565.295,1007.974,499.943,823.607,246.884,670.902,387.399,687.903
565.023,1007.767,500.063,824.071,246.740,670.821,386.987,687.706
565.236,1008.040,499.900,823.813,246.613,670.953,387.552,688.365
565.023,1008.064,500.050,823.707,246.717,670.859,387.093,687.754
565.228,1008.047,499.866,823.707,246.615,670.770,387.095,687.431
565.297,1007.912,499.988,823.803,246.729,670.668,387.018,687.428
565.142,1007.925,499.918,824.169,246.738,671.171,387.259,687.745
565.126,1007.837,500.078,824.011,246.785,670.942,387.543,687.808
565.145,1007.929,500.192,824.188,246.406,671.145,387.152,687.855
565.120,1007.753,500.016,823.859,246.699,671.025,386.870,687.173
565.111,1007.710,500.123,824.122,246.866,671.227,387.074,687.483
564.998,1007.719,499.982,823.744,246.869,671.005,386.951,687.381
564.975,1007.606,499.982,824.276,246.940,670.827,386.849,687.582
565.243,1007.905,499.988,824.020,246.778,670.999,386.615,687.378
565.323,1007.978,499.946,824.205,246.699,671.090,386.627,687.292
565.076,1007.710,500.131,824.381,246.428,671.127,387.046,687.599
565.131,1007.977,500.020,824.402,246.291,671.207,386.812,687.442
564.981,1007.645,499.996,824.125,246.768,670.927,387.558,687.883
565.203,1007.837,500.111,824.283,246.812,670.944,387.723,688.030
565.129,1007.711,500.206,823.969,246.630,671.079,387.238,687.547
565.056,1007.814,500.111,824.128,246.897,671.086,387.017,687.560
565.096,1008.018,499.914,824.358,246.553,671.178,386.719,687.533
565.149,1008.184,499.935,823.714,246.538,671.009,386.744,687.301
565.202,1007.726,499.996,823.648,246.411,671.210,386.675,687.526
565.218,1007.874,500.128,823.204,246.693,671.089,386.627,687.419
565.267,1007.826,500.140,823.924,246.556,671.229,386.586,687.491
565.124,1007.745,499.925,823.643,246.637,671.152,386.755,687.513
565.164,1007.816,499.884,823.853,246.884,670.842,387.097,687.709
565.218,1007.923,500.053,823.983,246.785,670.746,386.768,687.191
565.204,1007.742,499.989,824.292,246.927,670.662,386.871,687.412
565.058,1007.657,500.161,823.940,246.763,670.975,387.309,687.630
565.211,1007.798,500.053,824.001,246.692,670.943,387.103,687.521
564.951,1007.714,499.866,824.460,246.601,671.134,386.970,687.377
564.903,1007.622,500.106,824.181,246.632,670.921,386.962,687.456
565.053,1007.765,499.784,824.285,246.291,671.130,386.416,686.975
565.056,1007.699,499.907,824.106,244.606,672.435,386.882,687.347
565.309,1007.905,499.806,823.885,246.391,671.097,387.074,687.392
564.906,1007.554,500.203,824.255,246.225,671.161,386.938,687.237
565.177,1007.765,499.905,824.033,246.500,671.198,386.813,687.108
565.175,1007.910,499.913,824.155,246.250,671.195,386.643,687.103
565.203,1007.766,499.779,824.166,246.141,671.277,387.066,687.365
565.156,1007.917,499.629,824.266,246.691,671.037,386.511,686.855
565.066,1007.825,499.679,824.078,246.717,670.907,387.089,687.478
564.972,1007.648,499.814,824.010,246.692,670.999,386.899,687.201
564.838,1007.309,499.752,823.971,246.832,671.068,386.853,687.167
565.128,1007.831,499.715,823.963,246.661,670.336,386.685,687.123
565.016,1007.565,499.811,824.080,246.493,670.972,387.725,687.814
565.238,1007.887,499.831,824.143,246.497,670.644,386.731,687.134
564.996,1007.650,500.018,823.901,246.691,670.926,386.967,687.543
565.073,1007.760,500.105,823.974,246.595,670.893,387.162,687.537
564.901,1007.500,499.955,824.159,246.849,670.778,386.712,687.086
565.024,1007.665,500.114,823.675,246.968,670.694,386.836,687.312
565.352,1008.172,500.152,824.186,246.982,671.035,387.253,687.490
565.238,1007.809,500.102,824.212,246.834,671.019,387.942,688.224
565.015,1007.594,500.191,823.541,246.838,670.887,387.274,687.798
564.908,1007.547,500.067,823.659,246.778,671.028,387.126,687.743
565.194,1007.801,500.053,823.648,246.669,671.046,387.961,688.177
565.093,1007.836,499.960,823.801,246.847,671.022,387.147,687.454
565.159,1007.884,499.949,824.014,246.643,670.996,387.803,687.833
564.936,1007.686,499.936,824.338,246.707,670.750,387.828,687.847
564.938,1007.770,500.051,823.764,246.277,671.033,387.067,687.290
564.783,1007.768,500.129,823.595,246.447,670.806,386.866,687.143
565.100,1007.776,500.113,823.602,246.493,670.880,387.591,687.767
564.904,1007.494,500.009,824.025,246.640,670.816,387.001,687.284
565.040,1007.706,500.115,823.793,246.466,670.931,386.951,687.311
565.002,1007.736,500.173,823.480,246.606,670.867,386.891,686.960
564.985,1007.539,500.202,823.370,246.619,671.081,387.257,687.277
565.156,1007.727,499.848,823.536,246.229,671.041,387.153,687.398
565.144,1007.819,500.495,823.213,246.394,671.016,387.115,687.451
565.151,1007.891,500.065,823.672,246.315,670.824,387.815,687.850
565.044,1007.703,500.110,823.724,246.391,670.868,386.652,687.336
565.159,1007.824,500.225,823.860,246.604,670.927,387.080,687.457
565.085,1007.839,500.185,823.819,246.397,670.878,387.212,687.305
564.939,1007.592,500.069,824.019,246.258,670.990,387.287,687.589
564.957,1007.724,499.873,824.182,246.455,670.656,386.961,687.121
565.144,1007.973,500.049,823.724,246.427,670.722,387.814,687.829
565.013,1007.668,499.872,824.178,246.725,670.315,387.315,687.561
565.300,1008.154,500.080,824.177,246.431,670.789,387.009,687.461
564.950,1007.628,499.906,824.464,246.457,670.816,387.136,687.512
565.174,1007.997,499.977,824.489,246.429,670.757,387.236,687.429
565.132,1007.695,499.952,824.247,246.650,670.904,387.056,687.406
565.056,1007.612,500.016,824.172,246.603,670.863,386.773,687.178
565.024,1007.657,500.192,824.064,246.674,670.984,387.107,687.552
564.955,1007.539,500.095,824.112,246.737,670.920,387.081,687.425
564.976,1007.727,500.107,824.270,246.395,670.761,386.660,686.987
564.927,1007.624,499.964,824.474,246.311,670.924,387.091,687.423
564.912,1007.486,500.108,824.532,246.543,670.761,387.148,687.443
564.866,1007.502,500.249,823.675,246.364,671.038,387.088,687.469
565.180,1007.758,500.264,823.915,246.503,670.879,386.953,687.443
564.949,1007.629,500.097,823.694,246.385,670.684,386.942,687.137
564.881,1007.605,500.040,823.865,246.481,670.716,386.732,686.962
564.715,1007.630,499.786,824.160,246.342,670.868,386.806,687.284
564.795,1007.629,499.822,824.180,246.405,670.735,386.867,687.321
564.846,1007.472,499.871,823.926,247.013,670.356,386.846,687.336
564.881,1007.635,499.886,823.835,246.549,670.582,386.999,687.287
564.977,1007.538,500.067,823.589,246.582,670.813,387.182,687.198
564.722,1007.315,499.872,823.735,246.579,670.803,386.959,687.122
564.924,1007.698,500.060,824.247,246.565,670.721,386.873,687.408
564.799,1007.472,499.854,823.849,246.854,670.582,386.981,687.306
564.900,1007.491,500.112,823.568,246.518,671.409,387.537,687.723
564.768,1007.488,499.959,824.243,246.730,670.949,387.578,687.794
564.762,1007.548,500.045,824.157,246.805,670.906,387.691,687.715
564.944,1007.481,500.143,824.153,246.836,670.856,387.668,687.616
565.098,1007.653,500.268,824.081,246.827,670.809,387.697,687.753
565.088,1007.627,500.107,823.530,246.360,671.044,387.041,687.399
564.877,1007.417,500.139,824.144,246.444,671.139,387.078,687.316
565.044,1007.564,500.093,824.130,246.643,670.759,386.654,687.054
565.040,1007.516,500.105,824.211,246.528,670.898,386.699,686.854
564.938,1007.534,499.881,824.160,246.491,670.866,386.956,687.310
565.024,1007.596,499.843,823.846,246.526,670.866,386.957,687.252
565.261,1007.830,499.926,823.872,246.470,671.062,386.869,687.147
565.048,1007.424,500.157,823.809,246.434,670.896,386.629,687.011
565.144,1007.659,499.980,824.097,246.744,670.772,386.961,687.322
565.113,1007.727,499.998,824.091,246.457,670.692,387.630,687.925
565.053,1007.412,499.972,823.856,246.534,670.747,387.210,687.733
564.948,1007.557,500.094,824.317,246.755,670.740,387.090,687.390
564.963,1007.533,499.972,824.498,246.765,670.850,386.884,687.148
565.147,1007.718,500.091,823.896,246.698,670.932,387.156,687.311
564.982,1007.607,499.899,824.493,246.786,670.822,386.917,687.138
565.005,1007.522,500.232,824.269,246.945,670.876,386.976,687.272
565.119,1007.718,500.070,824.451,246.945,671.068,386.839,687.013
564.987,1007.617,499.925,824.113,247.152,670.792,387.496,687.679
564.923,1007.663,500.088,824.187,246.836,671.070,386.841,687.367
565.013,1007.721,500.068,823.862,245.020,672.121,387.602,687.827
565.239,1008.116,500.041,824.022,244.533,672.096,387.588,687.764
564.969,1007.732,499.971,824.089,244.687,672.066,386.967,687.133
565.149,1007.810,499.917,824.254,244.484,672.009,387.481,687.498
564.898,1007.912,499.999,824.199,244.599,671.973,387.451,687.495
565.091,1007.910,500.123,823.911,246.661,670.857,386.605,686.727
565.038,1007.777,500.141,824.127,246.572,670.792,387.173,687.062
565.217,1007.811,500.281,824.147,246.407,670.832,387.458,687.413
565.059,1007.713,500.162,824.117,246.532,670.429,387.457,687.604
564.980,1007.468,499.836,823.915,247.057,670.463,387.790,687.896
564.920,1007.540,500.182,823.734,247.232,670.522,387.774,688.065
565.016,1007.493,500.020,823.799,246.771,670.671,387.613,687.726
565.073,1007.594,499.941,823.910,246.843,670.687,387.652,687.829
565.231,1007.693,499.722,824.178,246.822,670.412,387.513,687.604
565.201,1007.745,500.081,823.758,246.466,670.717,387.600,687.570
565.356,1008.007,500.134,824.154,246.840,670.941,387.731,687.745
565.250,1008.036,500.170,824.071,246.421,671.063,387.497,687.596
565.295,1008.031,500.220,823.995,246.521,670.941,387.582,687.663
565.361,1007.951,500.191,824.046,246.432,670.945,386.924,687.255
565.431,1008.185,500.043,823.939,246.391,670.957,387.606,687.442
565.010,1007.427,499.949,823.640,246.402,670.867,387.223,687.252
565.245,1007.776,499.914,823.654,246.938,670.635,387.634,687.736
565.096,1007.757,499.947,823.910,246.441,670.910,387.443,687.768
565.227,1007.798,500.111,823.785,246.719,670.967,386.847,687.237
565.330,1008.070,499.811,824.036,246.440,670.969,387.069,687.606
565.058,1007.719,499.857,824.039,246.520,670.891,387.026,687.289
565.119,1007.561,500.110,823.748,247.067,670.741,387.000,687.282
564.877,1007.365,499.984,824.063,247.020,670.847,387.196,687.408
564.981,1007.350,499.994,824.054,246.735,670.985,386.969,687.238
565.172,1007.605,499.810,824.603,246.790,670.736,386.956,687.267
564.948,1007.382,499.810,824.605,246.785,670.964,387.064,687.546
565.027,1007.623,499.895,823.848,246.762,670.741,387.047,687.232
564.991,1007.571,499.697,823.965,246.837,670.647,387.180,687.408
565.264,1007.679,500.424,824.089,246.379,670.842,386.971,687.405
564.974,1007.501,499.947,824.051,246.683,670.809,386.968,687.343
565.171,1007.895,500.064,823.838,246.960,670.785,387.351,687.465
565.194,1007.755,500.128,823.626,246.737,670.853,387.175,687.337
564.864,1007.432,500.121,823.706,246.499,670.844,387.764,687.701
564.901,1007.465,499.964,823.759,246.428,670.859,387.197,687.327
565.120,1007.691,499.999,824.252,246.332,670.544,387.027,687.281
565.017,1007.494,500.242,823.813,246.384,670.502,387.161,687.295
564.944,1007.522,500.051,824.238,246.689,670.670,387.161,687.402
564.893,1007.637,499.995,824.042,246.208,670.930,387.203,687.275
564.957,1007.480,500.218,823.937,246.254,670.964,387.695,687.689
564.962,1007.502,500.077,824.082,246.427,670.705,387.810,687.799
565.030,1007.531,500.002,823.805,246.481,670.676,387.853,687.789
564.993,1007.823,499.858,823.999,246.474,670.875,387.830,687.573
564.946,1007.574,499.853,824.086,246.524,670.941,387.614,687.444
565.208,1008.114,499.898,823.903,246.320,671.141,387.682,687.636
565.058,1007.901,500.016,823.701,246.474,670.943,387.601,687.726
565.154,1007.778,500.087,823.846,246.550,670.972,387.671,687.634
564.898,1007.528,500.118,824.193,246.478,670.899,387.597,687.565
564.929,1007.566,499.943,823.718,246.404,671.058,386.987,687.460
564.976,1007.645,499.977,823.540,246.356,671.010,386.752,687.383
565.178,1007.703,500.262,823.950,246.328,670.949,386.992,687.610
565.149,1007.690,500.132,823.937,246.432,671.025,386.617,687.139
565.076,1007.867,500.134,824.132,246.309,671.023,386.656,687.196
565.125,1007.766,499.996,824.053,246.800,671.087,387.477,687.562
565.214,1007.688,500.056,824.144,246.577,671.007,387.111,687.397
565.147,1007.874,500.091,824.234,246.362,671.137,387.599,687.637
565.010,1007.528,499.898,824.293,246.387,671.083,387.181,687.602
564.997,1007.647,500.055,824.034,246.325,671.139,387.045,687.252
565.197,1007.853,499.997,824.128,246.400,671.107,387.340,687.622
565.165,1007.812,500.212,823.969,246.776,670.967,386.587,686.846
565.307,1008.023,500.186,823.999,246.866,670.908,387.060,687.167
565.104,1007.780,500.052,824.166,246.697,670.623,386.940,686.910
564.930,1007.640,500.249,824.087,246.774,670.770,387.619,687.552
564.854,1007.751,500.089,823.582,246.687,670.614,386.931,687.134
565.163,1007.611,500.383,823.813,247.079,670.642,387.646,687.485
565.146,1007.706,500.426,823.815,247.018,670.651,387.242,687.664
565.310,1007.940,500.258,823.929,246.467,671.041,386.716,687.224
565.124,1007.787,500.136,824.279,246.825,670.623,387.110,687.566
565.166,1007.821,500.191,824.103,246.384,671.083,386.933,687.082
565.052,1007.531,499.997,823.900,246.468,670.958,386.931,687.275
565.064,1007.863,499.975,823.866,246.194,671.002,387.260,687.561
565.218,1007.758,499.984,823.855,246.383,670.885,387.153,687.403
564.840,1007.375,499.871,823.924,246.449,671.142,387.308,687.347
564.757,1007.324,499.991,823.831,246.388,671.196,386.992,687.054
565.099,1007.561,500.150,823.741,246.917,671.114,387.054,687.531
564.980,1007.363,500.077,824.441,246.961,670.937,387.259,687.411
565.094,1007.671,500.225,824.324,246.627,670.899,387.049,687.331
565.026,1007.672,500.201,824.104,246.855,670.912,387.113,687.561
565.147,1007.871,500.305,823.977,246.591,671.157,387.176,687.406
565.032,1007.605,500.305,824.201,246.536,670.738,386.977,686.845
565.133,1007.831,500.421,824.028,246.375,670.773,387.006,687.217
565.107,1007.764,500.261,823.857,246.760,670.538,387.523,687.548
565.369,1008.075,500.348,823.894,246.664,670.588,387.591,687.538
564.950,1007.724,500.170,824.018,246.414,671.034,387.213,687.221
565.181,1007.828,500.034,824.217,246.446,670.953,387.232,687.227
565.155,1007.755,500.230,823.992,246.698,671.105,386.853,687.132
565.119,1007.691,500.194,824.070,246.520,671.185,387.179,687.250
565.025,1007.583,500.047,823.939,246.642,670.921,386.783,686.989
564.980,1007.572,500.084,824.167,246.527,670.902,387.038,687.470
564.956,1007.617,499.978,824.058,246.475,670.898,386.843,686.930
564.896,1007.480,500.146,823.616,246.480,671.126,386.685,687.024
564.885,1007.635,500.181,823.697,246.434,671.161,386.961,687.451
564.847,1007.678,500.054,824.301,246.507,671.017,386.755,686.784
565.097,1007.860,500.050,823.851,246.468,670.847,386.706,686.700
565.149,1007.733,500.035,824.218,246.778,670.631,386.737,686.867
565.035,1007.699,500.041,824.324,246.443,670.930,386.888,686.890
564.882,1007.384,500.245,824.134,246.420,670.784,386.767,686.877
564.985,1007.468,500.119,823.576,244.535,672.229,386.766,686.996
565.072,1007.629,500.004,824.077,246.158,671.214,387.035,687.287
565.049,1007.635,500.049,824.187,246.235,671.150,387.195,687.315
565.015,1007.677,500.169,824.131,246.415,671.080,387.732,687.676
564.957,1007.598,500.229,824.102,246.387,671.006,387.104,687.071
564.841,1007.108,500.366,823.834,246.806,670.811,386.824,687.050
564.751,1007.426,500.095,824.056,246.646,670.532,387.309,687.291
564.879,1007.416,500.108,824.100,246.711,670.625,387.418,687.443
564.830,1007.153,500.198,823.719,246.696,670.711,387.697,687.538
564.799,1007.291,500.044,823.810,247.063,670.541,387.784,688.086
564.975,1007.660,500.128,823.919,246.397,671.066,387.908,687.698
564.943,1007.585,500.268,824.213,246.519,670.887,387.816,687.661
564.797,1007.204,500.175,823.714,246.805,670.781,387.222,687.323
564.917,1007.481,500.065,823.921,246.902,670.728,387.182,687.618
565.021,1007.649,499.741,824.332,246.974,670.362,387.204,687.505
564.992,1007.548,499.923,824.117,246.725,670.822,387.183,687.547
565.078,1007.955,500.046,824.594,246.773,670.917,387.056,687.272
564.958,1007.748,500.201,823.843,246.612,671.278,387.144,687.261
564.739,1007.637,499.846,824.522,246.371,670.511,387.124,687.160
564.854,1007.545,500.205,824.186,246.542,670.617,387.114,687.296
565.042,1007.882,499.990,823.915,246.519,670.957,387.145,687.313
565.055,1007.832,500.099,824.180,246.513,670.662,388.024,687.649
564.933,1007.633,500.120,824.088,246.433,670.798,387.891,687.957
564.978,1007.600,500.124,824.066,246.528,670.604,386.934,687.315
564.990,1007.564,500.004,824.110,246.455,670.607,387.074,687.154
565.101,1007.748,500.118,824.319,246.885,670.502,387.624,687.592
564.903,1007.611,500.166,824.147,246.826,670.738,387.235,687.159
565.071,1007.603,500.083,823.764,246.739,670.695,387.213,687.191
565.096,1007.636,500.126,823.854,246.582,670.606,387.234,687.200
564.847,1007.449,500.107,823.899,246.350,670.681,387.139,687.347
564.826,1007.571,499.893,823.805,246.581,670.582,387.089,687.578
565.023,1007.632,500.198,824.478,246.527,670.627,386.714,687.109
564.881,1007.604,500.034,823.925,246.481,670.652,386.987,687.302
564.902,1007.627,500.124,824.243,246.553,670.662,387.109,687.279
564.935,1007.626,500.270,824.290,247.288,670.533,387.833,687.676
564.850,1007.500,500.229,824.150,246.990,670.767,387.777,687.718
564.874,1007.517,500.045,824.328,246.965,670.655,386.633,687.134
564.993,1007.641,499.992,824.022,246.771,670.633,387.090,687.359
565.015,1007.635,500.134,824.098,246.713,670.869,387.692,687.787
564.939,1007.377,500.203,824.160,246.740,670.926,386.858,687.042
565.005,1007.624,500.075,823.792,246.836,670.808,387.211,687.230
565.014,1007.526,500.352,823.910,246.783,670.866,386.951,687.342
565.016,1007.702,500.082,824.304,246.682,670.840,386.731,687.405
565.130,1007.822,500.025,824.338,246.706,671.069,386.758,687.139
565.177,1007.676,499.796,824.179,246.444,671.057,386.825,686.796
564.903,1007.678,499.988,824.347,246.888,670.727,386.965,686.745
565.138,1007.738,499.979,824.118,246.468,670.859,386.973,686.837
565.243,1007.894,499.971,824.238,246.455,670.872,386.878,687.061
565.108,1007.858,499.866,824.361,246.828,670.766,386.631,686.797
565.130,1007.893,499.921,823.949,246.708,670.710,387.024,687.079
565.001,1007.724,499.894,824.064,246.846,670.719,387.273,687.223
565.104,1007.777,499.903,824.334,246.769,670.564,386.951,686.909
565.115,1007.820,500.092,824.168,246.460,670.344,386.952,686.991
565.171,1007.922,500.123,824.232,246.429,670.818,386.932,686.832
564.905,1007.778,500.117,823.855,246.491,670.903,387.062,687.049
564.983,1007.754,499.971,824.283,246.453,671.120,386.734,686.610
564.871,1007.238,500.070,824.271,246.518,670.756,386.747,686.670
564.904,1007.340,500.249,824.179,246.426,670.930,387.069,686.989
565.040,1007.623,500.258,823.921,246.307,671.269,386.829,686.870
564.883,1007.390,500.005,824.282,246.475,671.082,386.865,687.004
564.715,1007.492,500.057,824.215,246.373,671.093,386.872,687.062
564.963,1007.738,500.084,824.345,246.444,671.129,386.722,686.827
564.551,1007.057,499.952,824.474,246.682,670.716,386.594,686.835
564.704,1007.519,499.920,824.507,247.069,670.454,386.803,686.993
564.950,1007.648,500.040,824.351,247.053,670.513,387.155,687.044
564.936,1007.622,499.965,824.432,246.929,670.411,387.166,686.913
565.150,1007.584,500.209,823.967,245.137,671.865,387.237,687.001
565.029,1007.643,499.968,824.244,247.175,670.458,387.171,687.023
564.971,1007.397,500.191,824.140,246.661,671.145,387.496,687.670
564.966,1007.505,500.155,824.154,246.653,671.083,386.699,686.861
565.034,1007.623,500.029,823.857,246.635,670.989,386.931,687.052
565.024,1007.685,500.052,824.254,246.838,670.510,387.674,687.700
565.054,1007.782,499.972,824.289,246.823,670.791,387.026,686.978
564.887,1007.695,500.256,823.499,246.388,670.724,386.969,687.083
564.934,1007.573,500.173,823.626,246.416,671.038,386.968,687.001
564.896,1007.388,500.110,824.158,246.777,670.674,387.068,687.164
564.942,1007.661,500.024,823.970,246.844,670.482,387.060,687.013
564.997,1007.748,500.191,824.325,246.919,670.765,387.024,687.037
564.996,1007.591,500.074,824.249,246.969,670.584,386.997,687.309
565.209,1007.884,500.076,824.196,246.621,671.035,387.186,687.196
565.106,1007.682,500.013,824.275,246.637,670.945,387.210,687.157
565.069,1007.822,500.118,824.196,246.818,671.231,386.895,686.941
564.863,1007.640,500.102,824.433,246.909,671.094,387.089,687.215
564.929,1007.477,500.327,823.545,246.372,671.061,387.163,687.069
565.256,1008.116,500.074,824.025,246.468,671.132,387.596,687.380
565.041,1007.652,500.609,823.614,246.459,671.088,387.208,687.153
565.015,1007.632,500.090,824.224,246.621,670.855,387.612,687.330
565.060,1007.682,500.471,823.796,246.545,671.042,386.998,687.023
565.038,1007.678,500.102,823.930,246.415,671.131,386.954,686.793
565.083,1007.719,499.893,824.116,246.448,671.018,386.901,686.754
565.180,1007.680,500.590,823.508,246.473,671.158,387.679,687.463
565.017,1007.525,500.231,824.096,246.535,670.925,387.682,687.341
565.179,1007.678,500.263,823.827,246.522,670.855,387.054,687.066
565.221,1007.947,500.340,823.957,246.651,670.677,387.302,687.392
564.938,1007.708,500.275,823.882,246.517,670.796,386.863,687.156
564.796,1007.366,499.988,823.857,246.452,671.083,386.670,686.839
564.872,1007.604,500.010,824.077,246.524,671.093,386.694,686.719
564.936,1007.479,499.994,824.611,246.636,671.046,387.071,686.963
565.090,1007.716,500.164,824.498,246.605,671.211,387.075,686.921
564.811,1007.370,500.028,824.579,246.910,670.663,387.112,686.996
564.904,1007.449,500.100,824.393,246.669,670.745,387.197,687.361
564.982,1007.875,500.148,824.209,246.675,671.300,387.156,687.368
564.929,1007.687,500.081,823.857,246.658,671.222,386.772,686.763
564.938,1007.499,500.070,824.344,246.448,670.545,386.683,686.887
564.948,1007.601,500.065,824.286,246.499,670.552,386.706,686.802
564.960,1007.681,500.036,823.952,246.518,671.013,386.835,686.848
564.937,1007.486,500.061,823.691,246.619,671.106,386.978,686.907
565.039,1007.641,500.128,823.991,246.701,671.067,387.848,687.591
564.936,1007.541,499.982,824.288,246.665,671.125,387.083,687.204
565.047,1007.421,500.059,823.816,247.032,671.017,387.682,687.364
565.158,1007.970,500.024,823.923,247.045,670.819,387.694,687.480
565.050,1007.579,500.148,824.177,246.953,670.867,387.902,687.671
564.910,1007.574,500.033,823.847,246.727,670.656,387.281,687.350
565.077,1007.778,500.145,823.728,246.949,670.975,387.332,687.398
564.982,1007.543,500.009,824.333,246.355,670.966,387.140,687.026
564.866,1007.422,500.361,823.886,246.315,671.135,387.249,687.220
564.823,1007.530,500.210,823.913,246.428,670.921,386.724,686.689
564.951,1007.534,500.140,824.025,246.389,671.001,386.695,686.928
565.042,1007.649,500.167,823.927,246.696,670.611,387.024,687.226
565.123,1007.855,500.033,824.293,246.692,670.692,386.880,687.015
565.016,1007.810,499.801,824.476,246.900,671.039,387.730,687.498
564.769,1007.501,500.110,823.761,246.828,670.909,387.090,687.259
564.985,1007.780,499.865,824.487,246.684,671.102,386.949,686.620
564.949,1007.549,499.910,824.148,246.969,670.743,387.188,686.925
565.038,1007.789,500.067,823.868,246.727,670.824,387.278,686.972
565.090,1007.790,499.882,823.826,246.885,670.940,387.035,686.678
565.117,1008.008,499.964,823.958,246.974,670.820,387.055,686.677
564.813,1007.667,500.169,823.748,246.737,670.618,387.312,687.491
564.908,1007.624,500.236,823.666,246.695,670.733,387.125,687.022
564.978,1007.692,500.146,824.337,246.612,670.926,386.800,686.963
564.956,1007.777,500.096,824.082,246.519,670.908,387.244,687.367
564.968,1007.860,499.813,824.125,246.428,671.058,386.780,686.758
565.220,1007.876,500.342,824.113,246.450,670.884,386.658,686.832
564.818,1007.399,500.040,824.028,246.470,670.877,386.871,686.926
565.145,1007.551,500.276,824.190,246.582,670.921,386.717,686.921
565.049,1007.602,499.875,824.389,246.272,670.913,387.153,686.812
564.854,1007.561,499.881,823.828,246.755,670.997,387.136,687.335
564.789,1007.517,499.871,824.375,246.856,670.974,386.998,686.878
564.964,1007.523,500.134,824.379,246.673,670.724,387.298,687.008
565.061,1007.714,499.947,824.290,246.603,670.799,387.283,687.104
564.941,1007.486,500.098,823.979,246.581,670.968,387.238,687.450
565.039,1007.597,500.097,824.049,246.644,670.924,387.087,686.978
564.985,1007.552,499.945,824.080,246.870,670.892,387.122,687.068
565.073,1007.734,500.096,823.909,246.844,671.096,387.325,687.431
564.751,1007.197,499.968,823.603,246.225,670.738,386.832,686.602
564.846,1007.310,499.985,823.662,246.577,670.888,387.595,687.329
564.812,1007.377,500.061,823.798,246.409,671.293,387.698,687.386
565.115,1007.735,499.821,824.127,246.436,671.314,387.633,687.202
564.878,1007.601,500.036,824.374,246.994,670.658,387.072,686.679
564.814,1007.603,500.102,823.589,246.921,670.619,387.114,687.194
564.982,1007.807,499.937,823.895,246.824,670.614,387.112,687.105
565.012,1007.585,499.971,823.855,246.929,670.639,386.997,686.736
564.985,1007.739,500.022,824.287,246.984,670.569,387.680,687.468
565.121,1007.670,500.268,824.218,246.329,671.206,387.719,687.163
564.780,1007.503,500.279,824.263,246.296,671.311,387.781,687.314
565.053,1007.727,500.199,824.255,246.547,671.016,386.855,686.708
565.211,1007.778,500.197,824.161,246.450,670.998,386.776,686.622
564.729,1007.473,500.477,823.952,246.356,670.847,387.028,686.997
564.730,1007.467,500.507,823.913,246.368,670.844,386.870,686.920
564.876,1007.595,500.320,823.775,246.416,671.006,387.614,687.274
564.763,1007.369,500.088,823.791,246.534,670.946,387.590,687.246
565.146,1007.791,500.229,824.389,246.519,670.901,387.683,687.607
564.956,1007.603,500.122,823.861,246.396,671.094,387.097,687.144
565.115,1007.774,500.192,823.931,246.557,671.119,386.948,687.032
565.127,1007.759,500.092,823.728,246.589,671.054,386.890,686.759
564.994,1007.727,499.875,823.866,246.517,671.163,386.807,686.791
564.924,1007.442,499.861,824.535,246.570,670.953,387.066,686.985
565.083,1007.689,500.078,824.313,246.587,670.984,387.162,687.085
565.038,1007.761,500.012,824.067,246.709,670.990,387.608,687.449
565.172,1007.810,499.981,824.460,246.412,670.931,387.306,687.221
564.826,1007.463,499.840,824.571,246.901,670.604,387.500,687.119
565.070,1007.746,499.805,824.102,246.736,670.897,387.235,687.039
564.943,1007.471,499.820,824.001,246.769,670.930,386.774,686.671
564.718,1007.273,500.022,824.414,246.773,670.832,387.769,687.804
564.886,1007.421,499.843,824.454,246.552,670.901,387.177,686.928
565.054,1007.670,500.294,824.101,246.561,670.605,386.990,686.915
565.091,1007.624,500.273,824.069,246.573,670.788,387.189,686.947
564.780,1007.257,499.900,823.819,246.820,670.947,387.340,687.402
564.871,1007.768,499.788,824.118,246.489,670.824,386.932,686.909
565.054,1007.630,500.198,823.875,246.995,670.402,387.172,686.920
564.910,1007.480,500.117,824.136,246.913,670.561,386.873,686.785
565.107,1007.717,500.024,823.946,246.324,670.850,387.031,686.910
564.978,1007.372,499.939,823.966,246.659,670.685,387.411,687.124
564.896,1007.568,500.115,823.607,247.208,670.566,386.864,687.103
565.091,1007.621,500.139,824.129,246.935,670.772,386.886,687.011
565.118,1007.737,500.155,823.812,246.750,671.130,387.714,687.369
564.966,1007.633,499.957,823.889,246.553,671.054,387.629,687.224
564.907,1007.334,500.034,824.313,246.729,670.544,387.203,687.145
564.730,1007.322,500.057,824.235,246.714,671.253,387.250,687.200
564.810,1007.225,500.202,824.191,246.731,671.243,387.130,687.056
564.864,1007.538,500.171,824.122,246.686,671.061,387.165,687.323
564.909,1007.382,500.024,824.237,246.614,671.169,387.050,687.267
564.935,1007.492,500.193,824.424,246.807,671.039,387.780,687.224
564.914,1007.352,500.189,824.248,246.816,670.971,387.939,687.603
564.843,1007.608,500.122,824.291,247.050,670.785,387.143,687.166
564.958,1007.534,500.292,824.153,247.156,670.659,387.084,687.193
565.080,1007.800,500.156,823.844,246.665,670.881,387.327,687.245
565.258,1007.925,500.258,823.892,246.522,670.899,387.396,687.046
565.029,1007.613,500.227,823.493,246.628,671.126,387.086,686.810
565.019,1007.788,500.194,824.163,246.412,671.222,387.031,686.857
565.012,1007.640,500.145,824.286,246.310,670.958,386.792,686.564
565.091,1007.738,499.842,824.059,246.520,670.927,387.312,687.487
565.242,1007.967,500.158,824.307,246.477,670.787,387.005,686.988
564.942,1007.614,500.093,823.961,246.387,671.250,387.758,687.531
564.842,1007.614,499.974,823.961,246.225,670.825,387.737,687.443
564.814,1007.377,500.032,824.419,246.536,671.160,387.848,687.406
564.957,1007.515,500.031,824.485,246.636,671.068,387.767,687.358
564.941,1007.589,500.126,824.221,246.533,670.994,387.749,687.401
564.832,1007.611,500.115,824.368,246.738,671.182,387.614,687.308
564.714,1007.642,500.040,824.254,247.072,670.805,387.742,687.276
564.729,1007.589,500.095,824.390,246.654,671.184,387.634,687.287
565.006,1007.578,499.858,824.113,246.515,671.050,386.999,686.939
564.757,1007.113,499.968,824.363,246.434,671.143,387.283,687.147
564.772,1007.405,499.786,823.937,246.432,671.283,387.292,687.309
564.958,1007.505,500.102,823.748,246.479,670.996,387.535,687.131
564.904,1007.460,500.093,823.984,246.494,670.958,387.588,687.384
564.882,1007.373,500.266,824.148,246.643,671.138,387.641,687.503
564.841,1007.471,500.047,823.942,246.526,671.186,387.589,687.438
564.795,1007.618,500.103,824.166,246.800,671.061,387.480,687.413
564.747,1007.430,500.154,823.775,246.639,671.102,387.498,687.322
565.004,1007.570,500.077,823.881,246.869,670.899,387.640,687.068
565.073,1007.601,500.084,824.280,246.839,670.909,387.049,686.820
564.936,1007.213,500.120,824.143,246.374,671.169,387.231,686.994
565.041,1007.571,500.076,824.354,246.471,671.022,387.027,686.784
565.009,1007.432,500.241,824.172,246.422,671.175,386.795,686.743
565.109,1007.888,500.210,824.332,246.626,671.260,387.057,687.117
565.045,1007.944,500.151,824.327,246.616,671.167,387.088,687.199
564.723,1007.286,500.091,823.940,246.492,671.132,387.003,687.150
564.900,1007.471,500.009,824.191,246.412,671.332,386.795,687.094
564.977,1007.343,500.217,824.131,246.643,670.973,387.081,686.894
564.987,1007.398,500.261,824.055,246.828,671.129,386.827,686.723
564.815,1007.145,499.999,824.229,246.592,670.985,387.247,686.966
565.015,1007.650,499.988,823.879,246.587,670.994,387.388,687.004
564.901,1007.523,500.091,824.362,246.440,671.046,387.245,687.111
565.040,1007.682,500.155,824.115,246.377,671.270,387.289,687.058
564.922,1007.429,500.083,824.133,246.444,671.026,387.005,686.924
565.020,1007.545,500.028,824.377,246.495,670.756,387.123,686.912
565.027,1007.532,500.087,823.931,246.186,671.303,387.840,687.626
564.916,1007.397,500.206,824.353,246.599,670.814,387.793,687.630
564.944,1007.793,500.246,824.072,246.255,671.121,387.296,687.127
564.848,1007.450,500.214,824.185,246.781,670.931,386.842,686.836
564.894,1007.447,500.210,824.168,246.722,670.854,386.955,686.963
564.911,1007.495,500.063,824.357,246.836,670.844,387.900,687.553
564.943,1007.663,500.051,824.383,246.551,671.224,387.987,687.645
565.096,1007.694,500.179,823.727,246.498,670.929,387.122,687.056
565.064,1007.795,500.140,823.808,246.757,671.003,387.138,686.797
564.896,1007.631,500.067,824.016,246.288,671.084,387.385,686.944
564.951,1007.618,500.052,824.044,246.135,671.098,387.865,687.235
564.854,1007.524,500.036,823.774,246.321,671.082,387.209,687.114
564.952,1007.664,500.100,823.930,246.304,671.097,387.082,687.027
564.906,1007.502,500.199,823.806,246.995,670.567,387.317,687.038
565.144,1007.886,499.995,823.939,246.667,670.612,387.612,687.362
565.251,1007.906,500.082,824.218,246.747,670.638,387.724,687.297
565.154,1007.961,499.827,824.128,246.496,671.022,387.115,687.218
564.972,1007.641,499.941,824.245,246.503,670.827,387.219,687.055
564.949,1007.800,499.872,824.290,246.443,671.202,387.201,687.068
564.762,1007.494,499.936,824.273,246.299,670.977,387.061,686.714
564.868,1007.453,499.892,824.132,246.401,670.854,387.236,686.980
565.031,1007.461,499.928,824.382,246.427,670.891,387.279,686.996
564.892,1007.367,499.900,824.299,246.386,670.608,387.947,687.765
564.661,1007.274,499.973,824.395,246.323,670.648,387.895,687.512
564.870,1007.559,500.018,824.530,246.478,670.980,386.919,687.137
564.859,1007.446,500.111,824.238,246.423,670.986,387.319,687.101
564.639,1007.146,500.036,824.271,246.581,670.704,386.722,686.664
564.937,1007.521,500.195,824.274,246.786,670.573,387.396,687.250
564.880,1007.602,500.079,823.715,246.698,670.562,387.072,687.120
565.027,1007.677,500.428,823.775,246.176,671.212,387.247,686.952
565.079,1007.683,500.460,823.783,246.346,671.243,387.354,687.384
565.141,1007.617,500.036,823.806,246.493,670.781,387.222,686.980
565.040,1007.605,500.162,824.091,246.425,670.857,387.021,687.112
565.081,1007.796,500.095,824.181,246.470,670.907,386.960,686.846
564.865,1007.664,500.216,824.130,246.580,670.988,386.909,686.794
565.043,1007.876,500.070,824.592,246.444,671.072,386.992,686.847
565.070,1007.632,500.145,824.023,246.523,671.008,387.041,686.943
565.036,1007.677,500.254,824.263,246.284,671.209,386.724,686.696
565.084,1007.575,500.023,824.465,246.273,671.159,386.715,686.811
564.951,1007.548,500.234,824.222,246.371,671.030,387.555,687.220
564.914,1007.593,500.414,823.786,246.263,671.149,387.541,687.327
565.028,1007.695,500.247,823.610,246.519,670.895,387.533,687.119
564.722,1007.723,500.381,823.656,246.569,670.815,387.362,687.045
564.939,1007.529,500.297,823.456,246.505,670.617,387.300,687.027
565.087,1007.868,500.449,823.508,246.353,671.170,387.096,687.103
565.141,1007.771,500.416,823.586,246.286,671.213,387.344,687.217
565.250,1008.026,500.368,823.848,246.733,671.243,387.149,687.287
565.145,1007.802,500.368,823.785,246.633,671.231,387.137,687.094
565.020,1007.863,500.287,824.038,246.741,671.179,387.678,687.404
565.138,1007.746,500.330,824.053,246.590,671.082,387.303,687.440
564.897,1007.483,500.303,824.007,246.852,670.495,387.798,687.860
564.853,1007.446,500.200,824.078,246.652,670.806,387.689,687.933
564.787,1007.440,500.235,824.039,246.494,670.951,386.737,686.325
564.941,1007.450,500.285,824.076,246.632,670.904,386.709,686.452
565.040,1007.631,500.381,824.041,246.493,671.048,387.000,686.636
565.115,1007.791,500.054,823.903,246.583,670.679,387.074,686.755
565.013,1007.793,500.164,823.938,246.479,670.910,386.644,686.350
564.944,1007.587,500.102,824.125,246.245,670.699,387.297,687.296
565.059,1007.668,500.168,824.180,246.295,670.897,386.924,686.689
564.584,1007.313,500.161,824.019,246.378,671.097,387.062,686.859
564.672,1007.171,500.226,823.867,246.511,670.987,387.266,687.069
564.834,1007.647,500.282,823.487,246.284,671.059,387.096,686.856
564.796,1007.399,500.381,823.501,246.177,671.135,387.213,687.182
564.894,1007.565,500.333,823.888,246.708,671.102,387.120,687.294
564.993,1007.556,500.376,823.741,246.251,671.185,387.155,687.031
565.115,1007.721,500.175,823.803,246.339,670.874,387.665,687.191
565.107,1007.575,500.327,824.231,246.462,670.820,387.631,687.158
564.777,1007.432,500.646,823.655,246.444,670.913,387.406,686.991
564.741,1007.516,499.861,823.955,246.864,670.812,386.864,686.645
564.848,1007.540,499.978,824.374,246.931,670.693,387.480,686.987
564.641,1007.474,500.215,824.235,246.301,670.924,386.732,686.363
564.527,1007.163,500.174,823.728,246.473,670.864,386.895,686.553
564.737,1007.337,500.265,823.602,246.431,670.668,386.926,686.611
564.614,1007.261,500.012,823.841,246.595,670.779,387.469,686.961
564.707,1007.287,500.187,823.899,246.460,670.779,387.509,687.027
565.013,1007.682,500.084,823.957,246.651,670.835,387.505,686.967
564.636,1007.293,500.188,824.136,246.702,670.895,387.617,687.017
564.754,1007.436,500.187,824.133,246.425,670.928,387.567,687.180
565.008,1007.585,500.149,824.277,246.651,670.836,387.770,687.527
564.777,1007.402,500.132,824.252,246.544,670.951,387.273,687.191
565.030,1007.698,500.217,824.178,246.766,670.780,387.161,687.199
564.996,1007.625,500.239,824.190,246.414,670.540,387.757,687.613
564.852,1007.559,500.205,823.759,246.382,670.570,387.825,687.723
564.696,1007.200,500.278,824.124,246.588,670.679,387.746,687.512
564.824,1007.282,500.444,824.006,246.525,670.454,387.344,687.353
564.623,1007.182,500.142,823.732,246.885,670.767,387.413,687.060
564.959,1007.375,500.149,823.842,246.738,670.836,386.984,686.763
564.828,1007.425,500.180,823.887,246.520,670.808,387.864,687.825
564.940,1007.526,500.230,824.130,246.515,670.920,387.221,687.373
565.067,1007.656,500.327,823.709,246.374,670.913,387.819,687.553
564.939,1007.671,500.136,823.875,246.439,670.802,387.630,687.532
564.743,1007.493,500.251,824.054,246.533,670.883,387.648,687.230
564.666,1007.246,500.469,824.065,246.876,670.691,387.021,687.172
564.770,1007.556,499.998,824.414,246.726,670.856,387.724,687.538
564.609,1007.121,500.371,824.103,246.650,670.746,387.170,686.793
564.771,1007.327,500.272,824.285,246.645,670.824,387.220,687.126
564.513,1007.356,500.190,824.181,247.016,670.612,387.217,687.266
564.746,1007.477,500.339,824.045,247.008,670.830,387.321,687.059
564.703,1007.545,500.090,823.781,246.751,671.141,387.816,687.405
564.757,1007.756,500.028,823.914,246.678,671.026,387.162,687.024
564.734,1007.493,500.174,824.364,246.784,670.960,387.636,687.147
564.877,1007.427,500.343,824.092,246.919,670.641,387.686,687.149
564.807,1007.161,500.350,824.187,246.798,670.762,387.663,686.924
564.764,1007.195,500.355,824.007,246.791,670.802,387.581,686.898
564.837,1007.440,500.194,824.357,246.688,670.804,386.658,686.526
564.958,1007.498,500.450,824.247,246.814,670.831,387.239,686.736
564.739,1007.739,500.248,823.818,246.887,670.954,386.840,686.451
564.691,1007.653,500.321,824.218,246.754,670.957,387.085,686.599
564.647,1007.598,499.974,823.941,246.741,671.158,386.789,686.505
564.730,1007.301,499.805,824.090,246.692,670.505,387.208,686.665
564.804,1007.560,499.887,824.061,246.749,670.660,387.244,686.983
565.022,1007.483,500.321,823.768,246.804,670.900,387.552,687.018
564.700,1007.373,500.447,823.612,246.556,670.730,387.620,687.007
564.885,1007.764,500.310,823.425,246.621,670.828,386.605,686.375
565.019,1007.732,500.239,823.534,246.451,671.133,387.080,686.860
564.939,1007.814,500.253,823.717,246.393,670.959,387.125,686.656
564.959,1007.798,500.089,823.629,246.439,670.907,386.623,686.453
564.601,1007.324,500.167,823.859,246.339,671.138,386.998,686.439
564.653,1007.673,500.213,823.622,246.248,670.926,387.017,686.586
564.717,1007.356,500.252,824.339,246.454,671.055,387.105,686.803
564.759,1007.299,500.015,824.484,246.471,671.155,386.729,686.401
564.930,1007.432,500.141,824.275,246.384,671.191,387.083,686.619
564.593,1007.332,500.369,823.730,246.750,670.947,387.211,686.831
564.768,1007.428,500.258,823.815,246.770,671.150,386.869,686.529
564.661,1007.508,500.314,824.137,246.982,670.716,386.815,686.586
564.733,1007.549,500.393,824.072,246.695,671.037,387.171,686.766
564.835,1007.411,500.360,824.188,246.957,671.023,386.850,686.534
564.755,1007.451,500.208,823.979,246.963,670.904,387.766,687.203
564.783,1007.414,500.143,823.875,246.615,670.756,387.197,686.961
564.552,1007.264,500.115,823.894,246.614,670.860,387.080,686.819
564.576,1007.333,500.018,823.863,246.328,671.036,387.014,686.776
564.667,1007.278,500.039,823.788,246.386,670.911,387.050,687.148
564.523,1007.137,500.305,824.088,246.344,671.146,387.184,686.992
564.716,1007.315,500.547,824.073,246.275,671.084,387.217,686.654
564.723,1007.505,500.413,823.948,246.354,671.043,387.326,686.880
564.919,1007.726,500.452,823.703,246.314,671.096,387.593,687.127
564.874,1007.321,500.411,824.090,246.481,671.399,387.435,686.975
564.766,1007.504,500.078,823.767,246.422,670.954,387.684,687.593
564.912,1007.747,500.182,823.875,246.641,671.048,387.479,687.122
564.662,1007.232,500.111,824.228,246.886,670.687,387.403,687.376
564.724,1007.227,499.978,823.893,246.890,670.673,387.157,687.144
564.509,1007.308,499.932,823.978,246.531,670.835,386.922,686.668
564.935,1007.631,500.072,823.831,246.526,670.873,387.023,686.802
564.659,1007.251,499.964,824.420,246.891,671.066,387.266,687.273
564.559,1007.154,500.187,824.508,246.853,671.113,386.812,686.928
564.740,1007.322,500.163,824.473,246.693,670.712,387.372,687.166
564.502,1007.145,500.134,824.018,246.706,670.997,386.942,686.670
564.679,1007.473,500.102,824.030,246.770,671.018,387.861,687.636
564.711,1007.217,500.191,824.154,246.410,670.938,387.635,687.217
564.906,1007.621,500.329,824.159,246.495,670.946,387.596,686.988
564.700,1007.339,500.010,823.773,246.457,671.035,387.165,686.973
564.572,1007.116,500.164,824.153,246.540,671.231,387.220,686.772
564.613,1007.276,500.254,823.947,246.510,671.231,387.193,687.017
564.583,1007.318,500.274,823.883,246.468,671.338,386.718,686.687
564.752,1007.569,499.958,824.275,246.627,670.893,387.090,686.706
564.747,1007.497,500.107,824.434,246.712,670.978,386.961,686.759
564.752,1007.432,500.188,824.020,246.622,671.064,387.231,687.245
565.026,1007.596,500.336,824.045,246.725,671.265,387.241,687.173
564.789,1007.396,500.079,824.278,246.829,670.867,386.913,686.769
564.608,1007.146,499.911,823.864,246.788,670.549,386.935,686.738
564.728,1007.319,500.004,823.849,246.565,670.719,386.902,686.516
565.014,1007.746,500.104,824.310,246.793,670.963,386.747,686.697
564.880,1007.641,500.151,824.331,246.572,670.636,386.831,686.827
564.777,1007.402,500.166,824.254,246.456,670.840,387.318,686.936
564.700,1007.384,500.135,824.518,246.687,671.087,387.715,687.317
564.821,1007.535,500.066,823.860,246.763,670.860,387.084,686.713
564.810,1007.576,500.025,823.925,246.522,670.898,387.180,686.646
564.924,1007.347,500.128,823.764,246.448,671.144,387.246,686.931
564.958,1007.630,500.074,823.877,246.364,670.984,387.315,686.834
564.875,1007.507,500.156,823.842,246.772,670.605,387.187,686.841
564.755,1007.432,500.346,823.694,246.527,670.741,387.692,687.022
564.674,1007.359,500.350,823.782,246.723,670.994,387.097,686.547
564.785,1007.751,500.351,824.229,246.305,670.873,387.234,686.810
564.581,1007.422,500.294,823.657,246.676,670.859,387.806,687.311
564.689,1007.292,500.428,824.027,246.412,671.016,387.465,687.171
564.389,1007.238,500.300,824.208,246.361,671.037,387.645,687.205
564.805,1007.626,500.158,824.304,246.465,670.881,387.667,687.092
564.721,1007.515,500.245,824.430,246.559,670.950,387.770,687.188
564.652,1007.390,500.253,823.959,246.721,671.218,387.349,686.990
564.762,1007.515,500.081,824.216,246.677,671.315,387.865,687.320
564.922,1007.702,500.171,823.625,246.922,670.856,387.292,686.909
565.140,1007.872,500.235,824.209,246.683,671.042,387.321,686.879
564.812,1007.559,500.295,824.077,246.469,671.424,386.728,686.469
564.902,1007.762,499.965,824.473,246.359,671.447,387.187,686.765
564.793,1007.480,500.281,824.238,246.370,671.020,387.757,687.195
564.837,1007.645,500.084,823.764,246.669,670.730,387.668,687.091
564.937,1007.577,500.130,824.257,246.484,671.016,387.620,687.121
564.578,1007.135,500.296,824.201,246.809,671.028,387.328,686.960
564.650,1007.197,500.106,824.394,246.538,670.942,387.257,686.892
564.808,1007.461,500.431,824.148,246.386,671.169,387.155,686.661
564.896,1007.668,500.400,823.667,246.376,671.075,387.199,686.850
564.596,1007.350,500.626,823.453,246.584,671.097,386.808,686.622
564.790,1007.413,500.485,824.013,246.319,671.351,386.750,686.449
564.816,1007.432,500.276,824.140,246.583,671.126,386.977,686.636
564.817,1007.339,500.515,823.977,246.451,671.145,387.429,686.890
564.685,1007.244,500.414,824.277,246.756,670.756,387.166,686.639
564.657,1007.255,500.262,824.131,247.085,670.616,387.351,686.778
564.482,1007.202,500.165,824.412,247.023,670.452,387.016,686.785
564.448,1007.292,500.235,823.847,246.563,670.882,387.060,686.877
564.256,1007.399,500.351,824.050,246.995,670.540,387.235,687.022
564.488,1007.235,500.436,824.145,246.916,670.175,387.901,687.370
564.337,1007.227,500.419,824.134,246.489,671.129,387.718,687.381
564.573,1007.369,500.386,824.157,246.698,670.731,387.773,686.942
564.533,1007.370,500.386,824.193,246.676,670.716,387.822,687.015
564.803,1007.534,500.301,824.155,246.855,670.830,387.982,687.125
564.677,1007.605,500.418,823.931,246.863,670.639,387.915,687.096
564.637,1007.416,500.192,824.094,246.803,670.783,386.954,686.778
564.698,1007.533,500.318,824.015,246.848,670.780,387.068,686.753
564.802,1007.564,500.358,824.030,246.617,670.922,387.686,687.057
565.006,1007.850,500.227,824.046,246.727,670.874,387.825,687.149
564.669,1007.502,500.331,824.124,246.391,671.137,387.382,686.991
564.881,1007.618,500.319,823.877,246.356,671.039,386.867,686.614
564.863,1007.483,500.261,823.980,246.551,670.971,387.693,687.390
564.925,1007.603,500.248,823.930,246.704,670.915,387.560,687.267
564.916,1007.623,500.261,824.116,246.485,670.772,387.718,687.319
564.595,1007.228,500.381,824.132,246.455,670.774,387.913,687.596
564.872,1007.240,500.295,824.049,246.475,670.722,387.792,687.424
564.899,1007.783,500.405,823.880,246.655,670.895,387.753,687.408
564.711,1007.666,500.422,823.911,246.622,670.845,387.921,687.347
564.958,1007.656,500.416,823.971,246.717,670.742,386.968,686.810
565.153,1008.041,500.347,824.189,246.950,670.757,387.023,686.745
564.803,1007.524,500.387,823.895,246.647,670.515,387.259,686.619
564.933,1007.832,500.350,824.166,246.585,670.849,387.179,686.638
564.670,1007.590,500.683,823.713,246.318,670.944,387.455,686.979
564.761,1007.379,500.315,824.508,246.307,671.267,387.031,686.419
564.919,1007.595,500.200,824.360,246.213,671.160,387.003,686.397
564.834,1007.542,500.302,824.173,246.422,670.916,387.275,686.578
564.732,1007.540,500.396,823.799,246.466,670.818,387.318,686.512
564.791,1007.625,500.423,823.830,246.357,671.277,387.127,686.528
564.813,1007.360,500.444,823.804,246.419,671.115,387.030,686.449
564.673,1007.396,500.226,823.760,246.544,670.837,387.245,686.751
564.738,1007.338,500.276,823.826,246.357,670.932,387.792,687.295
564.591,1007.420,500.281,823.934,246.403,671.080,387.767,687.132
564.862,1007.722,500.319,823.931,246.034,671.225,387.168,687.083
564.517,1007.254,500.323,824.256,246.813,670.928,387.887,687.124
564.553,1007.318,500.604,824.165,246.421,671.070,387.824,687.194
564.617,1007.268,500.529,824.246,246.426,671.060,387.337,686.784
564.684,1007.283,500.010,824.282,246.463,670.975,387.778,687.150
564.604,1007.164,500.084,824.223,246.515,671.010,387.614,687.298
564.801,1007.561,500.204,824.039,246.399,671.103,387.959,687.379
564.844,1007.558,500.215,824.210,246.385,670.988,387.859,687.367
564.725,1007.490,500.294,823.922,246.457,671.021,386.942,686.454
564.681,1007.362,500.193,824.137,246.424,671.099,387.382,686.703
564.886,1007.687,500.046,824.457,246.356,670.627,387.325,686.554
564.870,1007.616,499.958,824.296,246.217,671.033,387.626,686.816
564.708,1007.747,500.185,824.225,246.396,670.906,387.903,687.317
565.085,1007.876,500.148,824.522,246.466,670.868,387.802,687.282
564.798,1007.397,500.104,824.377,246.429,670.839,387.297,686.784
564.810,1007.607,500.333,824.307,246.491,670.929,387.252,686.813
564.218,1007.468,500.202,824.072,246.534,671.204,387.062,686.683
564.826,1007.509,500.186,824.397,246.507,670.929,387.393,686.787
564.772,1007.698,500.161,824.356,246.403,670.696,387.413,686.894
564.830,1007.671,500.373,824.354,246.772,670.928,387.178,686.634
564.776,1007.505,500.370,824.377,246.473,671.096,387.489,686.837
564.770,1007.497,500.471,824.168,246.562,671.005,387.673,687.166
564.751,1007.679,500.381,824.158,246.391,671.099,387.685,687.100
564.473,1007.235,500.300,823.811,246.615,671.002,387.578,686.743
564.682,1007.274,500.317,823.647,246.967,670.788,387.385,686.805
564.486,1007.180,500.308,824.167,246.759,670.869,387.200,686.700
564.452,1007.227,500.242,823.892,246.944,670.749,387.318,686.696
564.637,1007.314,499.897,824.344,246.671,670.761,387.268,686.721
564.617,1007.402,499.908,824.272,246.537,670.747,387.774,687.119
564.665,1007.429,499.672,824.926,246.398,670.942,387.918,687.090
564.593,1007.363,499.809,824.829,246.367,670.653,387.204,686.447
564.512,1007.328,499.824,824.816,246.181,670.850,387.327,686.623
564.805,1007.356,500.015,824.659,246.717,670.993,387.152,686.600
564.526,1007.080,499.689,824.901,246.707,671.014,386.984,686.296
564.626,1007.440,499.715,824.821,246.661,670.802,387.410,686.551
564.703,1007.416,499.700,824.838,246.605,670.865,387.271,686.458
564.402,1007.276,499.843,824.370,246.438,671.003,386.823,686.229
564.462,1007.296,499.886,824.479,246.741,670.987,386.867,686.217
564.466,1006.952,499.869,824.546,246.482,670.985,386.745,686.320
564.659,1007.173,499.893,824.572,246.430,671.091,386.679,686.283
564.825,1007.400,499.958,824.756,246.728,670.900,387.280,686.788
564.974,1007.666,500.052,824.413,246.510,670.806,387.120,686.589
564.924,1007.660,500.348,824.224,246.548,670.521,387.387,686.542
564.922,1007.771,500.256,824.296,246.643,670.747,388.048,686.979
564.821,1007.564,500.285,824.326,246.624,670.566,387.901,686.879
564.817,1007.719,500.288,824.356,246.707,670.954,386.623,686.105
564.736,1007.645,500.091,824.466,246.598,670.956,387.110,686.314
564.595,1007.356,499.959,824.580,246.952,670.789,387.267,686.648
564.679,1007.594,500.107,824.436,246.910,670.861,387.856,687.002
564.531,1007.346,500.482,823.825,246.958,671.155,387.337,686.696
564.615,1007.295,499.982,824.549,246.934,671.287,387.958,687.166
564.759,1007.484,499.596,824.964,246.649,670.861,387.056,686.405
564.796,1007.625,499.525,825.017,246.642,671.013,386.907,686.313
564.681,1007.644,500.063,824.662,246.445,671.212,387.304,686.742
564.723,1007.611,499.814,824.644,246.604,671.172,387.354,686.747
564.527,1007.350,499.821,824.743,246.318,671.001,387.722,687.047
564.813,1007.585,499.753,824.712,246.595,670.937,387.289,686.618
564.757,1007.573,499.905,824.435,246.509,671.116,387.765,687.110
564.773,1007.365,499.824,824.687,246.836,670.985,387.339,686.583
564.797,1007.482,499.868,824.592,246.806,670.955,387.391,686.767
564.477,1007.473,499.827,824.365,246.989,670.535,387.310,686.760
564.520,1007.344,499.845,824.748,246.836,670.951,387.447,686.804
564.666,1007.410,499.656,824.939,246.726,671.022,387.112,686.649
564.606,1007.416,499.521,824.700,246.609,670.953,387.185,686.780
564.638,1007.351,499.637,825.062,246.799,670.940,387.061,686.626
564.715,1007.553,499.698,824.769,246.852,670.889,386.893,686.450
564.631,1007.482,500.021,824.460,246.816,670.974,386.780,686.167
564.748,1007.479,499.985,824.592,246.481,670.490,386.956,686.290
564.479,1007.215,499.866,824.983,246.546,670.894,386.823,686.134
564.897,1007.527,499.683,824.781,246.735,670.799,387.003,686.342
564.725,1007.501,499.741,824.797,246.505,670.901,387.195,686.568
564.637,1007.290,499.833,824.706,246.791,670.242,387.005,686.197
564.592,1007.185,499.808,824.712,246.686,670.251,387.197,686.506
564.186,1006.969,499.739,824.802,246.826,670.600,386.976,686.489
564.490,1007.227,499.606,825.079,246.628,670.747,387.250,686.614
564.403,1007.144,499.846,824.866,246.748,670.563,387.702,687.044
564.431,1007.063,500.019,824.626,246.740,670.524,386.599,686.126
564.537,1007.205,499.652,824.834,246.762,670.600,387.619,686.978
564.795,1007.558,499.604,824.932,246.789,670.498,387.767,687.041
564.621,1007.377,499.829,824.705,246.970,670.901,387.259,686.786
564.802,1007.365,499.682,824.838,246.358,670.684,387.683,687.074
564.411,1007.178,499.731,824.932,246.807,670.992,387.682,687.188
564.300,1007.223,499.737,824.713,246.736,670.876,387.627,686.884
564.496,1007.182,499.640,824.711,246.491,670.964,387.590,686.907
564.441,1007.316,499.607,824.828,246.912,670.748,387.646,686.822
564.792,1007.569,499.644,824.993,246.903,670.720,387.625,687.041
564.498,1007.308,499.749,824.797,246.596,670.742,387.374,686.726
564.632,1007.553,499.723,824.529,246.623,670.763,387.291,686.625
564.627,1007.257,499.833,824.647,246.962,670.431,387.265,686.601
564.520,1007.196,499.691,824.828,246.692,670.560,387.111,686.537
564.502,1007.398,500.266,824.119,246.289,670.920,386.984,686.399
564.752,1007.444,499.826,824.542,246.370,670.783,386.753,686.104
564.791,1007.509,499.861,824.438,246.504,670.491,387.313,686.616
564.679,1007.465,499.606,824.549,246.660,670.779,387.131,686.602
564.596,1007.438,499.707,824.928,246.276,670.872,387.035,686.497
564.383,1007.067,499.709,824.776,246.514,670.844,387.446,686.706
564.477,1007.361,499.721,824.665,246.349,670.813,387.482,687.073
564.710,1007.426,499.842,824.727,246.329,670.699,387.658,686.988
564.648,1007.331,499.626,824.645,246.988,670.514,387.885,687.099
564.619,1007.282,500.197,824.193,246.495,670.811,387.186,686.875
564.664,1007.352,500.109,824.071,246.392,670.695,387.271,686.754
564.396,1007.030,499.570,824.891,246.336,670.819,386.854,686.537
564.546,1007.222,499.417,825.047,246.513,670.897,386.838,686.388
564.586,1007.467,499.629,824.778,246.495,670.649,387.327,687.090
564.649,1007.610,499.634,824.820,246.514,671.041,387.308,687.073
564.576,1007.483,499.780,824.715,246.410,671.031,387.021,686.567
564.633,1007.513,499.672,824.783,246.556,670.920,386.910,686.478
564.583,1007.221,499.764,824.623,246.319,671.234,386.811,686.746
564.536,1007.140,499.655,824.877,246.558,671.193,386.928,686.654
564.410,1007.272,499.614,824.876,246.676,671.120,386.916,686.551
564.213,1007.083,499.627,824.804,246.605,670.999,386.874,686.276
564.249,1007.156,499.562,824.957,246.719,670.894,386.940,686.220
564.552,1007.377,500.365,823.895,246.689,671.066,387.095,686.518
564.536,1007.366,499.808,824.727,246.869,671.184,386.683,686.301
564.798,1007.691,499.819,824.248,246.844,670.811,387.079,686.434
564.757,1007.516,499.790,824.348,246.718,670.963,387.222,686.602
564.829,1007.652,500.421,824.152,246.820,670.671,387.200,686.553
564.754,1007.513,500.263,823.786,246.869,670.669,387.070,686.379
564.703,1007.431,499.760,824.842,246.596,670.619,387.055,686.755
564.710,1007.495,499.710,824.668,246.867,670.561,386.890,686.748
564.711,1007.519,499.692,824.846,246.802,670.799,387.052,686.999
564.753,1007.619,499.930,824.564,246.373,670.832,387.301,686.742
564.723,1007.475,499.910,824.632,246.800,670.868,387.223,686.997
564.545,1007.283,499.803,824.574,246.975,670.764,387.935,687.158
564.579,1007.260,499.739,824.740,246.694,671.061,387.883,687.164
564.692,1007.692,499.679,824.708,246.722,670.977,387.737,687.323
564.726,1007.716,499.800,824.670,246.720,670.942,387.444,687.164
564.585,1007.317,499.795,824.691,246.487,670.997,387.109,686.665
564.530,1007.192,499.744,824.808,246.468,670.836,387.116,686.574
564.705,1007.380,499.648,825.037,246.627,670.998,387.143,686.817
564.464,1007.245,499.569,825.097,246.234,670.988,387.622,687.310
564.700,1007.571,499.823,824.585,246.708,670.937,386.656,686.579
564.518,1007.418,499.941,824.829,246.354,671.081,387.042,686.470
564.552,1007.400,499.925,824.121,246.387,670.909,387.177,686.563
564.317,1007.075,499.670,824.137,246.644,670.818,386.796,686.236
564.416,1007.293,500.039,824.240,246.881,671.035,386.954,686.454
564.448,1007.230,499.657,824.707,246.752,670.750,387.555,687.137
564.558,1007.398,499.530,824.540,246.634,671.141,387.618,686.782
564.520,1007.351,499.427,824.729,246.777,670.560,386.958,686.487
564.663,1007.504,499.483,824.748,246.761,670.840,386.980,686.446
564.466,1007.198,499.829,824.955,246.661,670.820,386.918,686.511
564.591,1007.413,500.052,824.609,246.858,670.680,386.972,686.918
564.617,1007.637,499.866,824.764,246.696,671.075,387.082,686.972
564.533,1007.286,500.076,824.492,246.671,671.061,387.497,687.297
564.565,1007.257,499.534,824.921,246.681,670.731,387.715,686.975
564.400,1007.346,499.742,824.988,246.600,671.027,386.990,686.568
564.567,1007.496,499.667,825.088,246.439,671.220,387.169,686.881
564.831,1007.497,499.977,824.503,246.759,671.104,387.156,686.625
564.640,1007.377,499.775,824.740,246.861,671.019,387.488,686.832
564.601,1007.475,499.605,824.450,246.735,670.283,387.129,686.610
564.593,1007.814,499.812,824.158,246.841,670.676,387.093,686.685
564.406,1007.155,499.673,824.839,246.436,671.133,387.098,686.690
564.438,1007.438,499.635,824.964,246.789,670.382,386.969,686.681
564.727,1007.618,499.566,825.023,246.742,670.414,387.513,686.734
564.693,1007.465,499.737,824.929,246.747,670.446,387.629,686.898
564.690,1007.322,499.681,824.858,246.433,670.755,386.856,686.302
564.740,1007.401,499.679,824.897,246.506,670.981,387.057,686.478
564.727,1007.474,499.865,824.705,246.730,670.949,387.070,686.363
564.800,1007.685,499.891,824.693,246.668,670.802,386.973,686.360
564.581,1007.530,499.778,824.656,246.766,671.185,387.761,687.071
564.484,1007.334,499.899,824.668,246.337,671.010,386.923,686.431
564.569,1007.369,499.859,824.627,246.627,671.077,386.895,686.329
564.573,1007.195,500.350,824.084,246.399,671.148,387.159,686.745
564.554,1007.403,499.995,824.426,246.232,671.334,386.704,686.458
564.383,1007.058,499.628,824.701,246.688,671.204,387.247,686.698
564.430,1007.409,499.844,824.471,246.626,671.245,387.159,686.666
564.580,1007.239,499.863,824.685,246.660,671.029,386.950,686.857
564.533,1007.344,499.904,824.428,246.789,670.982,387.061,686.940
564.414,1007.157,500.139,824.046,246.704,671.085,387.037,686.375
564.445,1007.137,500.045,824.038,246.676,671.100,387.041,686.435
564.683,1007.466,499.658,824.679,246.477,671.283,387.001,686.414
564.669,1007.466,499.695,824.502,246.645,671.316,387.055,686.349
564.614,1007.298,499.776,824.543,246.268,671.245,387.746,686.900
564.757,1007.629,499.658,824.621,246.275,671.333,387.347,686.566
564.567,1007.434,499.639,824.757,246.173,671.314,387.231,686.556
564.642,1007.349,499.807,824.924,246.467,671.269,386.957,686.583
564.581,1007.224,499.822,824.843,246.273,671.256,386.999,686.307
564.216,1006.909,499.964,824.028,246.435,671.088,387.083,686.485
564.131,1006.891,500.020,824.447,246.381,670.855,387.894,687.060
564.546,1007.377,499.806,824.490,246.505,671.100,388.033,687.277
564.458,1007.222,499.835,824.499,246.516,670.827,387.353,686.985
564.596,1007.338,499.835,824.590,246.433,671.150,387.852,687.260
564.500,1007.468,500.100,824.370,246.611,670.915,387.196,686.791
564.249,1007.081,500.008,824.308,246.327,671.225,387.690,687.195
564.105,1006.956,499.570,824.716,246.364,671.094,387.774,686.990
564.019,1006.999,499.788,824.102,246.353,671.309,387.697,686.745
564.294,1007.028,499.779,824.324,246.773,671.224,387.188,686.525
564.320,1006.944,499.936,824.324,247.055,670.829,387.816,686.809
564.307,1007.023,499.707,824.652,246.554,671.178,387.052,686.592
564.164,1007.026,499.713,824.656,246.721,670.808,387.102,686.608
564.742,1007.345,499.972,824.392,246.595,671.007,387.244,686.575
564.507,1007.262,499.718,824.763,246.393,671.134,386.925,686.242
564.620,1007.334,499.720,824.495,246.257,670.950,386.497,686.197
564.396,1007.032,499.829,824.649,246.245,671.090,386.757,686.169
564.510,1007.110,499.765,824.463,246.441,671.169,386.637,686.071
564.431,1007.171,499.707,824.611,246.461,671.142,386.629,686.136
564.420,1007.252,499.925,824.427,246.783,670.961,387.119,686.588
564.406,1007.265,499.783,824.456,246.740,671.018,386.562,686.307
564.314,1007.149,499.703,824.738,246.784,670.943,387.080,686.662
564.102,1007.005,499.707,824.735,246.851,670.971,387.026,686.644
564.396,1007.110,499.748,824.740,247.074,670.688,387.200,686.352
564.344,1007.216,499.851,824.733,246.718,670.839,387.260,686.533
564.184,1006.784,499.858,824.661,246.821,670.768,387.206,686.596
564.423,1007.279,499.859,824.871,247.050,670.766,386.843,686.354
564.575,1007.339,499.817,824.775,246.905,670.776,386.730,686.259
564.343,1007.012,500.035,824.497,246.551,670.877,387.319,687.022
564.639,1007.161,499.837,824.446,246.329,670.988,387.333,687.043
564.460,1007.415,499.933,824.489,246.720,670.966,387.217,686.510
564.541,1007.329,499.900,824.317,246.700,671.014,387.203,686.442
564.546,1007.278,499.879,824.795,246.639,670.847,387.138,686.794
564.434,1007.041,500.042,824.598,246.406,670.746,386.766,686.359
564.527,1007.209,499.898,824.578,246.556,670.817,387.255,686.694
564.495,1007.171,499.900,824.489,246.686,670.627,387.214,686.659
564.242,1006.913,499.976,824.456,246.829,670.765,387.272,686.680
564.339,1006.958,499.938,824.676,246.424,671.115,387.868,686.980
564.377,1007.037,499.941,824.681,246.854,671.022,387.847,686.966
564.271,1007.154,499.931,824.724,246.592,671.160,386.815,686.352
564.537,1007.230,499.809,824.683,246.555,670.981,387.037,686.504
564.528,1007.236,499.682,824.713,246.513,670.897,387.228,686.636
564.476,1007.193,499.624,825.172,246.544,670.934,387.571,686.809
564.380,1007.176,499.645,824.923,246.572,671.036,387.454,686.757
564.400,1007.228,499.513,825.111,246.690,670.808,387.501,686.661
564.262,1007.074,499.687,824.798,246.242,671.297,386.881,686.347
564.411,1007.114,499.755,824.780,246.101,671.268,387.375,686.582
564.390,1007.079,499.620,825.050,246.404,671.270,387.146,686.609
564.417,1007.366,499.661,824.841,246.084,671.346,387.077,686.274
564.448,1007.211,499.661,824.908,246.157,671.403,387.066,686.369
564.503,1007.302,499.629,824.848,246.539,670.895,386.853,686.356
564.619,1007.281,499.534,824.926,246.420,671.032,386.795,686.275
564.665,1007.467,499.636,824.915,246.491,670.977,386.833,686.060
564.520,1007.298,499.463,824.757,246.361,670.964,386.795,686.285
564.329,1007.180,499.687,824.667,246.388,671.054,387.280,686.735
564.306,1007.191,499.687,824.628,246.380,670.994,387.219,686.407
564.576,1007.591,499.746,824.831,246.827,670.803,387.343,686.553
564.605,1007.403,499.625,824.968,246.396,671.141,387.235,686.519
564.523,1007.480,499.632,824.680,246.671,671.086,387.026,686.747
564.494,1007.031,499.827,824.608,246.766,670.836,387.030,686.634
564.490,1007.248,499.673,824.639,246.416,670.877,387.012,686.537
564.636,1007.145,499.589,825.099,246.365,670.746,386.981,686.386
564.430,1007.009,499.598,825.083,246.751,670.705,386.760,686.433
564.654,1007.390,499.793,824.989,246.683,670.547,386.739,686.288
564.530,1007.192,499.761,824.735,246.797,670.761,386.941,686.393
564.698,1007.346,499.862,824.695,246.996,670.734,387.344,686.857
564.494,1007.131,499.700,824.868,246.823,670.811,387.528,686.751
564.762,1007.808,499.829,824.246,246.954,670.734,387.111,686.588
564.664,1007.600,499.748,824.843,246.671,670.995,387.087,686.511
564.499,1007.319,499.856,824.079,247.107,670.490,387.961,687.101
564.483,1007.170,499.861,824.569,246.763,670.657,387.952,687.230
564.541,1007.261,499.699,824.609,246.712,670.944,387.757,687.006
564.350,1007.091,499.776,824.983,246.445,670.856,387.659,686.760
564.087,1006.827,500.100,824.704,246.391,671.179,386.999,686.365
564.475,1007.074,499.820,824.047,246.360,671.095,387.555,686.790
564.482,1006.912,499.851,824.496,246.332,671.238,386.833,686.239
564.386,1007.216,499.911,823.965,246.188,671.135,387.330,686.689
564.413,1007.271,499.903,824.133,246.274,671.011,387.140,686.554
564.309,1007.249,499.703,824.727,246.425,670.725,388.024,687.193
564.268,1007.080,499.662,824.963,246.397,670.816,388.017,687.184
564.360,1007.172,499.748,824.114,246.356,671.026,387.562,686.627
564.409,1007.423,499.782,824.217,246.217,670.841,387.624,686.930
564.259,1007.146,499.705,824.549,246.390,670.688,387.227,686.722
564.282,1007.309,499.755,824.401,246.292,670.766,387.091,686.791
564.603,1007.241,499.781,824.730,246.430,670.787,387.368,686.674
564.543,1007.315,499.655,824.653,246.665,671.111,387.553,686.873
564.441,1007.119,499.698,824.853,246.552,671.187,387.478,686.911
564.272,1007.032,499.547,825.085,246.680,671.318,387.139,686.572
564.480,1007.153,499.610,825.037,246.731,671.186,387.189,686.590
564.414,1007.051,499.625,824.846,246.487,671.238,387.044,686.690
564.626,1007.229,499.499,824.920,246.430,671.343,386.930,686.680
564.510,1007.246,499.722,824.594,246.503,671.000,386.721,686.297
564.596,1007.368,499.650,824.708,246.778,671.100,386.872,686.391
564.375,1007.137,499.985,824.624,246.543,671.193,387.012,686.447
564.378,1007.019,499.708,824.723,246.497,671.276,387.514,686.606
564.452,1007.023,499.811,824.265,246.815,670.839,387.918,687.243
564.724,1007.399,499.863,824.772,246.675,670.823,387.885,687.099
564.566,1007.274,499.680,824.615,246.802,671.070,386.977,686.436
564.410,1007.144,499.659,824.913,246.991,670.769,387.115,686.594
564.642,1007.475,499.509,824.821,246.454,670.547,387.855,687.111
564.429,1007.309,499.601,824.296,246.442,670.488,386.833,686.290
564.662,1007.517,499.452,824.461,246.366,670.975,387.074,687.077
564.596,1007.565,499.512,824.516,246.845,671.071,386.882,686.331
564.506,1007.366,499.531,824.373,246.843,670.524,386.964,686.455
564.466,1007.433,499.448,824.202,246.760,670.886,386.792,686.269
564.628,1007.570,499.227,824.505,246.833,670.938,386.936,686.196
564.648,1007.548,499.410,824.920,246.798,670.749,386.991,686.590
564.572,1007.488,499.499,824.381,246.952,670.965,386.772,686.462
564.700,1007.839,498.998,824.948,246.588,670.990,386.881,686.339
564.676,1007.739,498.990,824.827,246.336,671.025,386.825,686.215
564.910,1008.285,498.985,824.901,246.675,670.707,386.894,686.280
564.691,1008.061,499.091,824.839,246.451,671.051,386.805,686.255
564.851,1008.131,498.899,825.608,246.748,670.615,387.353,686.561
564.613,1008.109,498.494,826.698,246.628,670.845,386.858,686.355
564.724,1008.097,498.367,826.272,246.734,670.839,386.792,686.319
564.955,1008.104,497.874,826.986,246.911,670.788,386.848,686.215
564.895,1008.359,497.594,827.546,246.944,670.819,386.788,686.115
564.728,1008.158,497.022,828.356,246.744,670.876,386.652,686.134
565.061,1008.427,497.226,828.325,246.574,670.897,386.716,686.207
564.430,1007.960,497.207,829.053,246.895,670.749,387.664,687.013
564.708,1007.967,497.149,828.837,247.061,670.701,387.657,686.939
564.748,1008.027,497.505,828.067,246.994,670.504,387.568,686.654
564.695,1008.125,498.081,827.135,246.758,670.542,386.999,686.307
564.751,1008.388,498.134,827.098,247.128,670.393,387.181,686.665
565.043,1008.400,497.200,827.894,246.904,670.567,387.763,686.760
564.817,1008.218,497.231,827.960,246.656,670.550,387.021,686.370
564.500,1007.897,497.174,828.062,246.971,670.329,387.247,686.566
564.547,1007.877,496.999,828.714,246.980,670.524,387.097,686.630
564.680,1007.983,497.132,829.380,246.656,670.171,387.345,686.630
564.730,1008.172,497.207,830.094,246.880,670.232,387.030,686.644
564.500,1007.848,497.132,830.896,246.717,670.580,387.056,686.490
564.441,1007.931,496.226,831.605,246.726,670.609,387.112,686.433
564.522,1007.793,496.028,832.631,246.326,670.622,386.986,686.446
564.756,1008.053,495.946,832.578,246.388,670.733,386.795,686.301
564.544,1007.642,496.011,832.862,246.394,670.599,386.986,686.430
564.559,1007.723,496.091,833.027,246.365,670.435,386.920,686.074
564.856,1008.128,496.203,831.950,246.726,670.677,386.951,686.524
564.417,1007.772,496.956,831.035,246.637,670.567,386.964,686.557
564.691,1008.244,496.820,830.679,246.652,670.529,386.537,686.233
564.505,1008.023,495.735,831.437,246.344,670.528,386.712,685.978
564.463,1008.011,495.953,831.275,246.567,670.545,386.690,686.084
564.560,1007.747,496.159,831.977,246.533,670.741,386.583,686.074
564.585,1007.754,496.316,831.889,246.527,670.751,386.626,686.056
564.730,1007.893,496.590,832.030,246.449,670.707,386.609,686.153
564.680,1007.646,496.369,832.706,246.526,670.727,386.494,686.085
564.488,1007.530,496.513,832.547,246.696,670.812,386.821,686.106
564.542,1007.584,496.573,832.546,246.706,670.479,386.705,685.990
564.766,1007.670,496.552,832.553,246.766,670.757,386.697,686.116
564.585,1007.405,496.726,832.550,246.699,670.695,386.712,686.037
564.782,1007.824,496.528,832.288,246.901,670.500,386.539,685.986
564.594,1007.678,496.749,831.902,246.752,670.780,386.753,685.953
564.605,1007.731,496.680,831.921,246.372,670.551,386.567,685.907
564.770,1007.970,496.348,832.319,246.774,670.497,386.560,685.901
564.607,1007.822,496.349,831.535,247.203,670.129,386.607,685.910
564.737,1007.778,496.688,831.330,247.174,670.245,386.896,686.267
564.793,1007.917,496.821,830.663,246.907,670.471,386.875,686.030
564.620,1007.644,496.895,830.587,246.476,670.527,387.432,686.537
564.644,1007.841,497.082,830.575,246.454,670.599,386.915,686.147
564.508,1007.594,496.644,830.893,246.398,670.562,387.541,686.635
564.400,1007.535,496.773,830.845,246.340,670.624,387.019,686.310
564.480,1007.608,496.662,831.110,246.557,670.563,386.743,686.193
564.378,1007.592,496.833,830.941,246.604,670.468,386.467,686.022
564.694,1007.730,496.674,830.944,246.797,670.626,386.638,686.089
564.787,1007.897,496.896,830.595,246.859,670.490,386.944,686.294
564.616,1007.616,496.590,830.806,246.806,670.783,387.089,686.500
564.614,1007.659,496.091,831.380,246.673,670.519,386.834,686.215
564.903,1007.833,496.149,831.392,246.597,670.649,386.845,686.188
564.271,1007.257,496.226,831.194,246.614,670.374,386.695,685.962
564.464,1007.605,496.786,830.971,246.481,670.575,387.078,686.294
564.456,1007.585,497.192,830.803,246.442,670.689,386.789,686.257
564.522,1007.381,496.988,831.057,246.486,670.736,386.767,686.107
564.251,1007.293,497.106,831.005,246.523,670.764,386.621,686.145
564.320,1007.421,496.994,830.663,246.748,670.564,386.862,686.159
564.254,1007.320,497.284,831.176,246.884,670.382,386.645,686.011
564.221,1007.236,497.372,831.286,246.805,670.733,386.777,685.995
564.437,1007.470,497.233,830.725,246.780,670.567,387.086,686.362
564.475,1007.696,496.749,831.183,246.893,670.635,386.900,686.212
564.659,1007.855,497.128,830.728,246.987,670.578,387.612,686.960
564.461,1007.721,497.192,830.897,246.440,670.607,387.672,686.902
564.493,1007.602,497.209,830.819,247.077,670.472,387.726,686.934
564.817,1008.147,496.743,830.826,246.920,670.843,387.657,687.027
564.743,1007.916,496.735,830.728,246.487,670.538,387.578,686.890
564.420,1007.617,496.732,830.302,246.988,670.156,386.916,686.154
564.484,1007.531,497.248,830.849,246.627,670.532,386.636,686.038
564.466,1007.591,496.731,831.016,246.987,670.748,387.578,686.529
564.537,1007.520,496.644,830.841,247.008,670.636,386.921,686.240
564.599,1007.708,497.137,830.205,246.642,670.730,386.582,685.826
564.633,1007.822,496.735,830.454,246.573,670.646,386.600,685.813
564.604,1007.539,496.892,829.800,247.238,670.088,386.531,686.084
564.382,1007.522,496.775,829.807,246.695,670.132,386.347,686.091
564.644,1007.638,497.392,830.324,246.612,670.815,386.657,686.044
564.365,1007.629,496.300,829.739,246.488,670.635,386.837,686.345
564.357,1007.229,496.386,830.081,246.608,670.727,386.818,686.226
564.581,1007.434,496.167,831.429,246.657,670.662,386.671,686.247
564.253,1007.360,496.146,831.449,246.662,670.586,386.574,686.114
564.525,1007.672,496.327,831.668,246.586,670.674,386.459,686.015
564.412,1007.531,496.327,831.250,246.605,670.694,386.935,686.439
564.509,1007.735,495.987,830.978,246.978,670.644,386.858,686.158
564.374,1007.399,496.059,831.029,246.995,670.699,386.774,686.120
564.247,1007.264,495.529,831.970,246.674,670.518,386.788,686.205
564.538,1007.546,495.480,832.118,246.589,670.564,386.570,685.920
564.462,1007.597,495.898,831.867,246.914,670.271,386.746,686.157
564.453,1007.619,495.877,832.129,246.669,670.523,386.515,685.805
564.449,1007.503,495.162,832.759,246.504,670.732,386.646,686.009
564.529,1007.497,495.934,832.700,246.297,670.339,387.258,686.511
564.483,1007.525,496.220,831.938,246.728,670.368,387.044,686.421
564.225,1007.219,495.980,831.931,246.811,670.175,386.699,686.015
564.434,1007.463,495.970,831.968,246.894,670.286,386.819,686.114
564.516,1007.670,495.269,832.258,246.665,670.386,386.460,686.264
564.625,1007.673,495.208,832.501,246.612,670.362,386.771,686.316
564.650,1007.752,495.181,832.654,246.475,670.438,386.484,686.195
564.522,1007.746,495.000,831.631,246.433,670.446,386.770,686.318
564.656,1007.695,494.580,831.898,247.007,670.286,387.287,686.482
564.747,1007.725,494.634,831.480,246.733,670.422,387.254,686.575
564.518,1007.647,495.102,831.713,246.757,670.472,386.590,686.212
564.212,1007.313,495.175,831.690,246.637,670.198,386.507,686.186
564.410,1007.481,495.491,831.560,246.560,670.677,386.807,686.138
564.369,1007.241,495.493,831.613,246.762,670.617,386.813,686.286
564.441,1007.619,495.619,832.066,246.732,670.637,386.980,686.333
564.468,1007.588,494.776,832.931,246.696,670.598,386.651,686.068
564.259,1007.528,494.908,831.864,246.343,670.672,386.706,686.135
564.233,1007.440,495.521,831.070,246.930,670.396,386.892,686.047
564.333,1007.376,495.790,831.483,246.645,670.232,387.279,686.353
564.360,1007.352,494.682,832.156,246.650,670.451,386.945,686.170
564.371,1007.415,494.983,831.758,246.614,670.494,386.845,686.068
564.313,1007.254,495.572,831.529,246.441,670.526,387.061,686.445
564.321,1007.468,494.787,832.257,246.128,670.348,387.029,686.196
564.563,1007.590,495.141,832.815,246.424,670.430,387.074,686.504
564.444,1007.388,494.912,832.559,246.782,670.541,386.873,686.278
564.520,1007.734,495.538,831.643,246.212,670.491,387.708,686.752
564.636,1007.832,495.356,830.665,246.709,670.651,387.322,686.491
564.777,1007.946,495.210,831.072,246.458,670.826,387.258,686.358
564.935,1008.112,495.227,831.274,246.746,670.646,387.047,686.027
564.886,1008.115,494.785,832.067,246.614,670.718,387.000,685.998
564.343,1007.624,494.448,831.815,246.721,670.434,386.766,686.071
564.558,1007.704,494.694,831.267,246.756,670.674,386.820,686.076
564.723,1007.568,495.097,830.540,246.737,670.630,386.816,686.045
564.485,1007.397,495.238,830.922,246.597,670.531,386.816,686.104
564.656,1007.704,495.195,831.936,246.376,670.573,387.187,686.499
564.813,1008.094,494.443,832.573,246.408,670.567,387.344,686.435
564.699,1007.817,494.589,832.658,246.611,670.391,387.014,686.436
564.780,1008.009,494.794,831.194,246.591,670.510,387.027,686.359
564.572,1007.618,494.543,830.830,246.605,670.433,387.677,686.698
564.771,1007.753,495.066,830.883,246.609,670.794,386.933,686.156
564.850,1007.889,494.875,831.548,246.597,670.675,387.226,686.416
564.432,1007.523,494.549,831.904,246.726,670.352,387.247,686.329
564.516,1007.706,494.557,832.234,246.642,670.515,387.377,686.486
564.843,1007.880,494.797,832.498,246.649,670.573,387.146,686.435
564.340,1007.478,494.536,831.747,246.966,670.563,387.032,686.370
564.368,1007.556,495.309,830.603,246.747,670.783,386.888,686.076
564.329,1007.470,494.996,830.500,246.795,670.701,386.911,686.203
564.460,1007.374,495.097,831.455,246.586,670.776,386.839,685.937
564.476,1007.412,494.784,831.503,246.725,670.644,386.940,686.169
564.328,1007.514,494.299,831.571,246.974,670.249,386.622,685.859
564.214,1007.240,494.639,831.030,246.615,670.229,386.663,685.888
564.273,1007.600,494.651,831.014,246.569,670.470,386.591,685.764
564.438,1007.475,494.802,831.247,246.651,670.652,386.193,685.681
564.356,1007.505,494.457,831.866,246.566,670.438,386.571,686.210
564.455,1007.474,494.429,832.919,246.649,670.387,386.591,686.155
564.462,1007.568,493.888,833.819,246.526,670.246,386.892,686.351
564.712,1007.702,493.960,833.869,246.377,670.361,386.485,685.880
564.351,1007.583,493.977,832.942,246.228,670.473,386.849,686.250
564.636,1007.973,494.515,831.220,246.507,670.676,386.707,685.956
564.535,1007.743,494.645,831.332,246.594,670.513,386.632,685.944
564.560,1007.698,494.096,831.693,246.452,670.522,386.937,685.910
564.533,1007.380,494.186,832.573,246.473,670.540,387.342,686.414
564.716,1007.724,493.886,833.388,246.601,670.477,386.756,686.049
564.687,1007.825,493.787,833.360,246.677,670.265,387.114,686.218
564.486,1007.252,494.074,832.723,246.851,670.582,387.876,686.700
564.445,1007.810,494.319,832.261,247.002,670.525,387.544,686.521
564.506,1007.796,494.077,833.150,246.833,670.654,387.596,686.514
564.636,1007.450,494.136,833.115,246.907,670.398,386.613,685.971
564.730,1007.585,494.491,833.279,246.840,670.460,386.618,686.076
564.781,1007.669,493.700,834.306,246.758,670.716,386.909,686.119
564.829,1007.717,493.943,834.408,246.763,670.729,386.620,685.814
564.675,1007.811,494.721,834.186,246.909,670.264,386.537,685.913
564.585,1007.618,494.175,833.625,246.826,670.350,386.460,685.887
564.425,1007.482,494.070,833.641,246.836,670.791,386.693,685.901
564.539,1007.555,494.064,833.178,246.776,670.736,386.875,686.128
564.818,1008.005,493.859,833.809,246.993,670.188,387.481,686.574
564.635,1007.644,494.075,833.896,246.721,670.541,387.448,686.575
564.516,1007.615,494.256,833.701,246.451,670.571,386.858,686.180
564.826,1007.911,494.366,834.073,246.842,670.599,386.649,686.138
564.838,1007.964,494.217,834.495,246.797,670.536,386.806,686.128
564.725,1007.797,493.764,834.533,246.373,670.346,386.859,686.126
564.513,1007.134,493.817,834.212,246.641,670.234,386.882,685.940
564.597,1007.372,493.817,834.394,246.901,670.251,386.855,686.038
564.419,1007.417,493.921,834.028,247.240,669.784,386.830,685.943
564.313,1007.357,494.014,834.350,246.873,670.204,387.049,686.371
564.311,1007.482,493.994,834.261,246.903,670.122,386.822,686.059
564.601,1007.547,495.098,832.397,246.848,670.083,386.940,686.384
564.295,1007.434,493.900,834.160,246.906,670.192,387.286,686.294
564.699,1007.643,493.875,834.146,246.219,670.362,387.013,686.050
564.466,1007.482,493.760,834.574,246.358,670.279,386.850,685.891
564.638,1007.689,493.771,834.511,246.609,670.581,386.524,685.859
564.624,1007.676,493.821,834.266,246.618,670.482,386.613,685.815
564.869,1008.148,493.640,834.231,246.624,670.349,386.487,685.689
564.607,1007.728,493.716,834.060,247.043,670.111,386.320,685.715
564.535,1007.780,493.535,834.208,246.813,670.200,386.487,686.104
564.409,1007.533,493.671,833.945,246.582,670.216,386.559,686.029
564.304,1007.207,493.871,834.246,246.586,670.352,386.609,686.235
564.454,1007.585,494.051,834.392,246.822,670.728,386.782,686.403
564.397,1007.702,493.960,834.463,246.853,670.771,386.742,686.374
564.669,1007.889,493.654,834.797,246.603,670.398,386.764,686.140
564.415,1007.301,493.780,834.912,246.587,670.297,386.903,686.080
564.678,1008.129,493.539,834.870,246.759,670.591,386.814,686.039
564.721,1008.004,493.529,834.899,246.709,670.383,386.810,686.179
564.774,1008.109,493.650,834.793,246.820,670.469,386.783,685.979
564.669,1008.000,493.563,834.618,246.911,670.638,386.474,685.572
564.723,1007.974,493.474,835.034,246.717,670.505,386.393,685.551
564.587,1007.645,493.709,834.933,247.008,670.354,386.712,685.961
564.601,1007.512,493.762,834.762,247.013,670.463,386.721,685.945
564.744,1007.849,493.395,835.086,246.392,670.186,386.786,685.899
564.692,1007.751,493.310,835.114,246.797,670.162,386.721,685.895
564.691,1007.752,493.592,834.669,246.424,670.413,386.529,685.794
564.572,1007.547,493.712,834.517,246.468,670.205,386.699,685.967
564.544,1007.603,493.708,834.575,246.726,670.195,386.695,685.797
564.442,1007.558,493.785,834.636,246.700,670.202,387.382,686.317
564.487,1007.421,493.540,834.631,246.534,670.314,387.495,686.813
564.265,1007.300,493.597,834.630,246.405,670.561,386.898,686.202
564.477,1007.427,493.662,834.370,246.847,670.605,387.454,686.573
564.442,1007.349,493.575,834.684,246.772,670.313,386.425,685.940
564.483,1007.574,493.566,834.959,246.728,670.391,386.889,686.158
564.289,1007.333,493.389,834.972,246.514,670.428,386.938,686.201
564.397,1007.447,493.378,834.890,246.483,670.695,387.409,686.401
564.577,1007.550,493.323,834.667,246.361,670.342,387.418,686.453
564.631,1007.594,493.469,834.665,246.519,670.650,387.431,686.426
564.776,1007.929,493.563,834.873,247.090,670.531,387.005,685.894
564.780,1007.964,493.633,834.661,247.124,670.390,386.696,685.802
564.510,1007.564,493.537,834.646,247.062,670.296,386.706,685.857
564.413,1007.514,493.269,834.987,246.945,670.520,386.832,686.069
564.587,1007.748,493.355,834.907,246.823,670.345,386.881,685.850
564.193,1007.343,493.871,834.397,246.682,670.414,387.409,686.657
564.523,1007.521,493.908,834.207,246.530,670.530,387.003,686.391
564.284,1007.126,493.523,834.522,246.905,670.065,387.042,686.267
564.545,1007.333,493.142,833.795,246.807,670.120,386.760,685.983
564.352,1007.545,493.581,834.511,246.580,670.539,387.094,686.125
564.487,1007.562,493.334,834.089,246.476,670.298,386.920,685.975
564.434,1007.770,493.314,834.273,246.819,670.530,386.945,686.033
564.318,1007.733,493.471,834.026,246.833,670.479,386.883,686.123
564.439,1007.599,493.519,834.404,246.650,670.555,386.921,686.260
564.488,1007.491,493.600,834.337,246.666,670.438,387.417,686.520
564.592,1007.645,493.324,833.965,246.837,670.307,386.895,686.225
564.607,1007.577,493.454,834.051,246.648,670.417,386.953,686.056
564.157,1007.349,493.510,834.283,246.427,670.136,387.106,686.185
564.427,1007.524,493.164,834.988,246.382,670.121,386.930,685.868
564.496,1007.607,493.308,835.094,246.424,670.148,386.863,685.787
564.448,1007.438,493.271,835.481,246.487,670.383,386.665,685.877
564.490,1007.559,493.391,835.409,246.548,670.477,387.039,686.103
564.580,1007.396,493.219,835.114,247.109,670.292,386.974,686.270
564.472,1007.442,493.072,834.967,247.105,670.263,387.020,686.202
564.364,1007.372,493.085,834.944,246.787,670.362,386.812,685.786
564.333,1007.409,493.166,835.064,246.807,670.235,387.247,686.116
564.335,1007.226,493.069,835.384,246.901,670.122,387.309,686.461
564.732,1007.518,493.101,835.355,247.060,670.044,387.130,686.247
564.379,1007.409,493.313,835.075,246.972,670.250,387.239,686.198
564.249,1007.287,493.242,834.900,246.779,670.350,387.236,686.326
564.203,1006.958,493.397,834.813,246.358,670.257,386.983,686.179
564.445,1007.199,493.292,835.083,246.669,670.277,386.712,686.131
564.309,1006.893,493.112,835.029,246.566,670.284,387.089,686.361
564.388,1007.374,493.115,835.073,246.995,670.524,386.876,686.129
564.481,1007.327,493.232,834.972,246.864,670.684,387.118,686.169
564.229,1007.139,493.265,834.984,246.703,670.353,386.888,686.201
564.401,1007.436,493.140,835.068,246.655,670.190,386.335,686.047
564.462,1007.534,493.176,834.995,246.512,669.986,386.519,685.966
564.306,1007.424,493.082,835.102,246.582,670.302,386.762,686.179
564.532,1007.628,493.115,835.123,246.723,670.139,387.034,686.050
564.622,1007.777,493.381,835.255,246.442,670.206,386.850,686.047
564.493,1007.393,493.381,835.278,246.841,670.453,387.419,686.257
564.468,1007.576,493.244,835.180,246.606,670.382,387.152,686.308
564.302,1007.292,493.982,834.971,246.686,670.325,386.928,686.014
564.438,1007.510,493.709,835.347,246.707,670.517,387.272,686.414
564.648,1007.728,494.500,835.612,247.132,669.866,387.470,686.567
564.164,1007.206,494.031,835.036,246.818,669.877,387.025,686.241
564.618,1007.566,493.734,834.680,246.703,670.033,387.037,686.198
564.535,1007.512,493.451,834.950,246.407,670.138,386.999,686.180
564.558,1007.371,493.820,835.118,246.892,669.944,386.973,686.190
564.404,1007.459,493.314,834.854,246.897,670.290,387.072,686.127
564.653,1007.753,493.856,835.017,247.168,670.088,387.502,686.515
564.410,1007.384,493.942,835.046,246.855,670.241,386.712,686.328
564.675,1007.414,493.865,835.504,246.797,670.194,386.920,686.048
564.488,1007.268,493.526,836.087,246.862,670.481,386.787,685.747
564.376,1007.321,493.497,836.082,246.520,670.558,387.139,686.072
564.441,1007.409,493.458,836.040,246.946,670.262,386.584,685.781
564.375,1007.395,493.379,835.794,246.446,670.498,386.825,685.991
564.435,1007.606,493.655,835.378,246.431,670.721,387.041,686.174
564.525,1007.678,493.432,835.669,246.352,670.474,386.905,686.132
564.559,1007.503,493.536,835.321,246.434,670.551,386.443,685.886
564.603,1007.642,493.166,835.782,247.090,670.556,386.332,685.819
564.578,1007.697,493.392,835.332,246.911,670.629,386.891,686.227
564.484,1007.525,493.290,835.206,245.260,671.505,386.769,686.016
564.283,1007.400,493.242,835.374,247.230,670.319,387.481,686.507
564.431,1007.289,493.202,835.447,246.668,670.513,386.935,686.138
564.627,1007.396,493.663,835.043,246.734,670.607,387.648,686.655
564.514,1007.610,493.478,834.742,246.769,670.473,387.174,686.297
564.358,1007.551,493.811,834.862,247.135,670.028,387.020,686.121
564.393,1007.367,493.621,835.029,246.856,670.589,386.752,685.891
564.626,1007.692,493.218,835.232,246.873,670.564,386.473,685.756
564.570,1007.680,493.119,835.475,246.528,670.362,386.694,686.085
564.370,1007.453,492.952,835.395,246.974,670.581,386.662,685.803
564.407,1007.545,492.896,835.521,246.824,670.638,386.924,686.081
564.433,1007.514,493.127,835.337,246.953,670.689,387.130,686.336
564.351,1007.588,493.155,835.632,246.966,670.634,387.648,686.655
564.518,1007.583,493.358,835.421,247.205,670.263,386.819,686.048
564.597,1007.552,493.461,835.225,247.299,670.386,386.866,686.203
564.394,1007.394,493.286,835.367,246.928,670.594,386.936,686.189
564.317,1007.089,493.197,835.505,246.615,670.863,387.071,686.148
564.669,1007.471,493.362,835.288,246.680,670.313,387.254,686.251
564.614,1007.545,493.528,835.193,246.659,670.265,386.707,685.884
564.552,1007.583,493.484,835.201,246.930,670.450,386.670,685.992
564.514,1007.455,493.092,835.075,246.982,670.455,386.965,686.024
564.599,1007.406,493.540,835.656,246.791,670.540,387.309,686.315
564.668,1008.102,493.654,836.018,246.581,670.409,387.436,686.655
564.319,1007.432,493.789,836.071,246.588,670.372,387.409,686.439
564.409,1007.471,493.775,835.318,246.418,670.526,386.636,685.755
564.504,1007.415,493.389,834.975,246.555,670.527,386.629,685.772
564.592,1007.346,493.612,835.382,246.929,670.395,386.608,685.592
564.230,1007.055,493.203,835.677,246.651,670.427,386.626,685.758
564.581,1007.661,493.420,836.104,246.825,670.394,386.937,686.046
564.424,1007.484,493.694,835.943,246.706,670.349,386.739,685.848
564.390,1007.411,494.029,835.961,246.968,669.856,386.626,685.811
564.445,1007.436,493.716,836.408,246.964,670.037,386.795,685.920
564.483,1007.703,493.916,835.961,246.811,670.122,387.326,686.238
564.504,1007.675,493.861,835.696,246.805,670.168,386.867,686.052
564.585,1007.881,494.022,836.058,246.654,670.616,386.617,685.839
564.528,1007.529,494.092,835.322,246.888,670.652,386.094,685.696
564.608,1007.683,493.605,835.580,246.870,670.817,386.170,685.781
564.452,1007.423,493.374,836.571,246.967,670.513,386.247,685.674
564.394,1007.633,493.502,837.020,246.934,670.582,386.234,685.680
564.317,1007.535,493.865,836.393,247.108,670.738,386.665,686.020
564.349,1007.404,493.962,835.515,246.935,670.655,386.289,685.739
564.196,1007.341,493.254,835.674,246.913,670.596,387.192,686.545
564.336,1007.367,493.055,836.154,246.682,670.456,386.989,686.327
564.294,1007.477,493.703,835.723,246.800,670.659,386.651,685.930
564.479,1007.558,494.545,836.202,246.721,670.565,387.156,686.266
564.778,1007.902,495.022,836.939,246.409,670.675,386.489,685.814
564.587,1007.491,494.585,837.525,246.224,670.408,386.570,685.648
564.698,1007.803,494.141,837.280,246.400,670.171,386.793,686.083
564.647,1007.555,494.095,837.551,246.413,670.152,387.270,686.367
564.687,1007.649,494.538,838.486,246.665,670.277,386.736,686.097
564.434,1007.505,494.522,838.819,246.864,670.352,387.560,686.480
564.393,1007.417,494.755,838.871,246.978,670.568,387.491,686.500
564.567,1007.495,494.913,839.163,246.432,670.893,387.367,686.434
564.649,1007.413,495.112,839.576,246.306,671.011,387.505,686.534
564.661,1007.609,494.419,839.915,246.350,670.448,386.891,686.074
564.502,1007.419,493.774,839.432,246.436,670.351,387.569,686.526
564.498,1007.313,493.993,836.872,246.506,670.224,386.803,686.013
564.222,1007.284,494.268,837.058,246.313,670.234,386.861,686.095
564.533,1007.387,493.641,837.617,246.547,669.979,386.515,685.909
564.599,1007.474,493.724,837.717,246.567,670.276,386.057,685.536
564.393,1007.305,494.411,838.571,246.467,670.398,386.585,685.777
564.506,1007.753,494.546,838.209,246.701,670.404,386.259,685.859
564.343,1007.568,494.421,837.908,246.910,670.445,386.471,685.643
564.519,1007.506,493.919,837.961,246.600,670.377,386.519,685.934
564.522,1007.311,493.500,838.369,246.626,670.309,386.658,686.074
564.417,1007.380,494.014,838.379,246.833,670.595,386.798,686.175
564.655,1007.477,494.589,838.858,246.839,670.401,386.902,686.344
564.436,1007.509,494.235,838.680,246.337,670.342,386.932,686.291
564.435,1007.422,493.888,839.022,246.393,670.403,386.721,686.251
564.631,1007.610,493.903,838.635,246.904,670.437,386.935,686.170
564.616,1007.654,494.180,839.022,246.860,670.534,386.773,686.170
564.537,1007.657,494.492,838.254,246.896,670.481,386.724,686.018
564.617,1007.639,494.402,838.784,246.725,670.417,386.359,685.647
564.680,1007.594,494.144,838.337,247.071,669.803,386.741,685.849
564.594,1007.537,493.703,837.961,246.639,670.328,386.416,685.563
564.557,1007.628,494.338,839.152,246.687,670.450,386.263,685.484
564.437,1007.534,494.441,839.420,246.300,670.123,386.335,685.481
564.320,1007.307,493.848,839.519,246.482,670.221,386.462,685.563
564.580,1007.664,493.779,839.054,246.940,670.226,386.812,685.928
564.342,1007.408,493.584,838.855,246.772,670.152,386.664,685.729
564.605,1007.426,494.594,838.751,246.876,670.213,386.629,685.750
564.552,1007.568,494.988,839.332,246.755,670.311,386.596,685.691
564.602,1007.936,494.465,839.568,246.820,670.243,386.637,686.020
564.701,1008.079,493.575,839.083,246.711,670.304,387.311,686.471
564.365,1007.524,493.670,838.315,246.866,670.390,386.612,685.964
564.637,1007.853,494.183,838.792,246.779,670.344,386.470,685.904
564.284,1007.447,494.577,838.606,246.425,670.665,386.445,685.898
564.442,1007.613,494.287,838.608,246.359,670.482,386.640,686.004
564.318,1007.367,493.885,838.833,246.291,670.534,387.064,686.291
564.475,1007.599,493.925,839.358,246.441,670.178,386.548,685.764
564.557,1007.616,494.287,839.457,246.502,670.434,386.338,685.687
564.317,1007.466,494.444,839.905,246.784,670.290,386.911,685.890
564.318,1007.324,494.397,840.342,246.674,670.461,386.500,685.770
564.192,1007.384,493.775,838.586,246.602,670.695,386.770,686.041
564.257,1007.259,494.334,838.197,246.898,670.561,386.939,685.966
564.421,1007.563,494.038,839.183,246.807,670.425,386.677,685.982
564.326,1007.455,493.781,839.649,246.890,670.245,386.721,686.032
564.443,1007.805,493.760,840.501,246.681,670.389,386.516,685.683
564.306,1007.736,493.456,840.224,246.778,670.381,386.876,685.847
564.590,1008.019,493.716,839.255,246.848,669.998,386.812,685.998
564.799,1008.127,493.447,839.177,246.951,670.211,386.729,686.056
564.749,1008.211,492.736,839.063,247.017,670.169,386.701,685.998
564.498,1007.423,492.329,839.907,246.685,670.097,386.544,685.958
564.289,1007.317,492.354,840.594,246.829,669.925,386.664,685.977
564.243,1007.332,492.315,839.396,246.443,670.053,386.587,686.045
564.469,1007.515,492.770,838.521,246.483,670.388,386.801,686.208
564.262,1007.429,493.265,836.858,246.517,670.163,387.361,686.422
564.510,1007.685,492.614,839.217,246.409,670.282,387.425,686.499
564.389,1007.582,491.442,838.339,246.593,670.502,386.475,685.739
564.540,1007.730,492.971,837.460,246.618,670.469,386.429,685.698
564.423,1007.625,493.904,837.846,247.078,670.268,386.394,685.658
564.527,1007.299,492.133,839.562,247.039,670.427,386.463,685.730
564.391,1007.736,492.250,839.452,246.415,670.523,386.678,686.000
564.581,1007.397,491.713,840.147,246.487,670.434,387.003,686.041
564.543,1007.388,491.453,838.749,246.496,670.311,386.862,686.103
564.797,1007.948,491.473,838.852,246.874,670.530,386.755,686.076
564.688,1007.677,491.606,838.084,246.849,670.670,386.723,686.092
564.461,1007.698,490.938,838.756,246.798,670.604,386.348,685.631
564.661,1007.721,491.132,840.292,246.840,670.571,386.168,685.785
564.244,1007.206,492.894,838.836,246.896,670.297,386.535,686.084
564.223,1007.334,492.127,839.805,246.772,670.379,387.035,686.602
564.458,1007.459,491.222,841.150,246.881,670.477,386.401,685.872
564.443,1007.663,491.803,841.010,247.030,670.418,386.404,685.876
564.665,1007.872,493.531,837.662,246.468,670.636,386.448,685.853
564.544,1007.436,493.820,838.822,246.879,670.553,386.596,685.649
564.629,1007.496,493.060,838.642,247.055,670.270,386.623,685.752
564.515,1007.391,491.978,839.395,246.770,670.851,386.397,685.573
564.671,1007.548,492.670,839.251,246.794,670.812,386.445,685.818
564.505,1007.777,493.200,838.128,246.907,670.485,386.442,685.872
564.500,1007.667,492.217,838.307,246.770,670.529,386.408,685.833
564.155,1007.280,492.154,837.973,246.900,670.609,386.603,685.750
564.249,1007.246,493.387,838.823,246.963,670.611,386.433,685.775
564.610,1008.021,492.953,838.935,246.742,670.473,386.545,685.991
564.607,1007.917,491.827,838.702,246.715,670.465,386.301,685.907
564.367,1007.458,492.304,838.175,246.654,670.273,386.469,685.950
564.320,1007.478,492.801,838.944,247.202,669.820,386.285,685.811
564.212,1007.320,492.208,839.375,247.102,670.273,386.411,685.923
564.433,1007.518,491.832,838.484,246.959,670.387,386.437,685.866
564.500,1007.353,491.193,840.501,246.489,670.240,386.316,685.754
564.636,1007.776,491.104,839.048,246.641,670.321,386.338,685.892
564.646,1007.669,491.498,839.955,246.742,670.256,386.402,685.818
564.673,1007.699,491.685,837.955,246.820,670.077,386.606,686.171
564.609,1007.632,491.416,840.260,246.912,670.341,386.449,685.780
564.684,1007.792,491.151,840.651,246.742,670.601,387.048,686.208
564.687,1007.771,491.513,840.693,246.664,670.632,386.581,685.866
564.552,1007.457,493.158,838.772,246.867,670.308,386.355,685.871
564.443,1007.217,492.788,839.809,246.830,670.295,386.226,685.690
564.363,1007.354,492.913,838.826,246.813,670.423,386.432,685.681
564.411,1007.410,491.524,839.669,246.880,670.306,386.315,685.662
564.437,1007.257,492.593,839.668,246.808,670.197,386.291,685.562
564.429,1007.562,492.989,839.206,246.820,670.237,386.295,685.540
564.615,1007.733,492.565,840.604,246.544,670.400,386.904,686.163
564.694,1007.678,491.920,838.451,246.627,670.423,386.788,686.001
564.685,1007.704,492.404,839.975,246.484,670.597,386.557,685.916
564.454,1007.421,493.403,839.724,246.715,670.351,386.604,686.123
564.485,1007.423,493.438,839.372,246.619,670.282,386.463,686.016
564.482,1007.515,492.067,840.973,246.344,670.367,386.576,685.743
564.462,1007.440,492.081,841.288,246.458,670.337,386.555,685.937
564.303,1007.461,492.386,840.337,246.981,670.184,386.807,685.981
564.355,1007.458,492.182,839.619,246.684,670.109,386.920,685.933
564.365,1007.655,492.278,839.670,246.924,670.290,386.635,686.072
564.475,1007.862,491.792,839.481,246.500,670.351,386.711,685.954
564.714,1007.944,491.564,839.256,246.552,670.412,386.595,686.023
564.796,1007.951,490.937,838.661,246.617,670.473,387.055,686.180
564.618,1007.801,491.562,839.701,246.326,670.247,386.835,686.010
564.768,1007.897,492.503,839.330,246.903,670.325,387.005,686.200
564.618,1007.638,491.567,839.559,246.837,670.452,386.936,686.106
564.336,1007.675,491.158,838.040,246.416,670.215,386.442,685.884
564.345,1007.610,492.499,837.558,246.347,670.193,386.477,685.837
564.391,1007.461,491.421,838.037,247.021,669.864,386.735,686.134
564.416,1007.588,490.821,838.098,246.707,670.552,386.700,686.176
564.238,1007.350,491.995,837.361,246.493,670.099,386.818,685.991
563.547,1006.968,491.836,837.021,246.521,670.164,386.616,685.938
563.837,1007.340,490.871,837.329,246.532,670.096,386.534,685.914
563.097,1007.102,490.979,837.693,246.575,669.889,386.380,685.772
563.505,1007.147,492.059,837.644,246.783,669.783,386.679,685.746
563.319,1006.964,491.326,837.916,246.527,670.263,386.926,686.214
563.513,1006.694,490.584,838.622,246.943,670.422,386.865,686.009
563.875,1007.100,490.883,838.344,246.969,670.401,387.407,686.443
563.805,1007.218,491.640,838.459,246.928,670.393,387.479,686.489
564.177,1007.412,491.078,838.430,246.992,670.391,387.268,686.245
564.258,1007.894,490.237,839.138,246.490,670.434,387.344,686.354
564.327,1008.753,489.952,838.256,246.648,670.194,386.737,686.399
564.921,1009.360,490.984,838.048,246.820,670.395,386.757,686.353
565.157,1009.603,491.136,837.810,246.942,670.476,386.661,686.003
564.850,1009.391,491.801,836.891,247.036,670.382,386.861,686.159
564.331,1008.887,490.608,838.219,247.214,670.459,386.862,686.136
564.379,1008.464,490.829,838.158,247.030,670.567,386.857,686.098
564.856,1009.124,490.282,838.141,246.595,670.557,387.030,686.160
564.880,1008.791,490.237,837.412,246.560,670.460,386.865,686.063
564.594,1008.859,490.941,838.984,246.652,670.173,387.163,686.268
565.160,1009.113,491.240,839.360,246.718,670.316,386.791,685.822
565.056,1009.013,490.677,838.560,246.992,670.290,387.250,686.277
564.926,1008.643,490.502,838.637,246.834,670.203,386.873,685.942
565.009,1009.037,491.567,838.690,246.980,670.439,386.732,685.835
565.110,1008.746,490.328,839.185,246.981,670.108,386.470,685.769
565.184,1008.931,490.898,839.315,246.661,670.239,386.388,685.813
565.112,1008.766,490.423,839.311,246.637,670.350,386.450,685.974
565.152,1008.812,490.051,839.310,246.656,670.336,386.202,685.787
565.245,1009.224,490.226,838.744,246.812,670.225,386.356,685.865
565.092,1008.955,490.110,837.908,246.799,670.261,386.060,685.533
564.749,1008.674,490.906,837.426,246.852,669.999,386.423,685.731
564.824,1008.837,490.258,836.191,246.839,670.060,386.329,685.788
564.999,1009.050,489.278,835.781,246.803,670.189,386.531,686.001
564.863,1008.540,490.035,835.213,246.761,669.945,386.385,685.849
564.973,1008.609,490.052,836.176,246.860,670.266,386.371,685.817
565.082,1008.994,488.696,837.223,246.804,670.265,386.593,685.940
565.089,1008.770,488.482,837.756,247.015,670.211,386.624,685.848
564.612,1008.225,489.184,836.783,246.834,670.534,386.698,686.022
564.905,1008.492,489.989,837.696,246.840,670.467,386.760,686.126
564.783,1008.376,489.569,838.128,246.889,670.471,386.631,685.938
565.037,1008.719,489.302,837.953,246.995,670.228,386.870,686.138
565.044,1008.791,490.133,837.329,247.006,670.110,386.627,685.992
565.141,1008.814,490.287,837.622,247.034,670.038,386.595,685.954
565.148,1008.930,489.710,837.833,246.663,670.226,386.511,685.873
564.925,1008.796,489.546,837.815,246.769,670.336,386.623,685.874
564.957,1008.776,491.019,838.741,246.813,670.308,386.426,685.621
565.004,1008.618,490.925,838.747,246.976,670.605,386.927,686.012
564.848,1008.463,490.890,839.317,246.551,670.738,386.877,686.016
564.739,1008.176,490.136,839.569,246.567,670.590,386.791,686.017
564.743,1008.263,489.718,839.608,246.546,670.490,386.440,685.696
564.643,1008.170,489.400,840.123,246.857,670.569,387.424,686.459
564.881,1008.611,489.367,840.491,246.631,670.432,386.992,686.142
564.861,1008.733,489.294,839.757,246.578,670.148,386.507,685.880
564.796,1008.479,490.171,839.835,246.510,670.168,386.376,685.767
564.875,1008.663,488.977,840.304,246.519,670.372,386.967,686.174
564.818,1008.492,490.223,839.872,246.549,670.484,387.273,686.345
564.656,1008.158,488.489,838.180,246.594,670.521,386.606,685.849
564.570,1008.056,490.000,837.399,246.527,670.447,386.669,685.889
564.496,1007.949,489.661,837.705,246.833,670.678,386.541,685.936
564.494,1008.213,488.082,838.215,246.946,670.136,385.974,685.572
564.469,1008.120,488.513,838.085,246.878,670.471,386.189,685.713
564.523,1008.175,488.917,837.905,247.208,670.231,386.659,685.744
564.649,1008.352,489.004,838.204,247.143,670.234,386.575,685.725
564.528,1008.412,488.789,838.387,247.056,670.510,386.520,685.727
564.320,1007.704,488.742,837.796,246.550,670.385,386.537,685.789
564.517,1007.953,488.499,837.542,246.870,670.404,387.082,686.185
564.603,1008.050,490.172,837.021,246.898,670.590,386.846,685.908
564.678,1008.596,490.779,837.029,246.455,670.544,386.219,685.887
564.690,1008.447,490.024,837.083,246.527,670.595,386.441,686.108
564.692,1008.563,489.728,837.157,246.589,670.275,386.160,685.787
564.626,1008.129,490.265,837.303,246.546,670.512,386.435,685.822
564.760,1008.577,491.287,836.696,246.890,670.271,386.442,685.958
564.745,1008.443,491.804,836.210,246.617,670.483,386.542,685.772
564.501,1008.486,491.783,836.360,246.507,670.749,386.334,685.970
564.859,1008.382,491.491,836.456,246.686,670.254,387.013,686.462
564.599,1008.196,492.261,835.912,246.640,670.228,387.047,686.509
564.810,1008.411,492.874,836.140,246.570,670.096,387.225,686.337
564.856,1008.455,492.615,836.372,246.544,670.256,387.172,686.296
564.933,1008.663,492.746,835.764,246.426,670.453,387.027,686.482
564.686,1008.108,492.497,836.403,246.419,670.563,386.681,686.198
564.372,1007.894,492.764,836.418,246.405,670.553,386.250,685.903
564.412,1007.923,492.995,836.343,246.374,670.631,386.402,685.792
564.349,1007.917,493.137,836.498,246.660,670.671,386.336,685.879
564.713,1008.174,492.998,835.828,246.534,670.627,386.667,685.865
564.731,1008.473,492.788,835.908,246.836,670.866,386.851,686.125
564.443,1008.333,492.628,835.717,246.337,670.410,386.272,685.949
564.724,1008.482,492.606,836.106,246.371,670.535,386.373,686.075
564.810,1008.493,492.726,835.922,246.838,670.839,386.387,685.867
564.717,1008.214,492.586,836.220,246.813,670.906,386.474,685.744
564.829,1008.541,493.042,836.192,246.626,670.441,386.739,686.058
564.618,1008.387,492.272,835.844,246.187,670.580,386.884,686.034
564.549,1008.233,492.546,836.597,246.774,670.868,386.570,685.839
564.797,1008.423,492.255,835.459,246.881,670.783,386.406,685.689
564.588,1008.164,492.937,835.264,246.818,670.763,386.603,685.813
564.281,1007.731,492.740,835.072,246.823,670.665,386.972,686.055
564.485,1008.359,492.257,834.837,246.827,670.599,386.771,685.881
564.721,1008.335,492.557,835.924,246.896,670.562,387.115,686.098
564.471,1008.033,491.789,836.056,246.359,670.461,387.107,686.195
564.310,1007.938,491.840,835.377,246.867,670.652,386.628,685.790
564.620,1008.296,492.393,834.919,246.637,670.402,386.888,686.029
564.843,1008.269,492.893,834.930,246.640,670.242,387.387,686.495
564.783,1008.338,492.097,835.606,246.754,670.254,387.390,686.519
564.633,1008.173,492.037,834.780,246.731,670.200,387.223,686.238
564.803,1008.240,492.090,833.249,246.720,670.612,387.002,686.149
564.954,1008.520,492.278,833.003,246.962,670.512,386.619,685.865
564.442,1008.130,491.187,834.131,246.853,670.504,387.412,686.508
564.746,1008.242,491.383,834.523,247.024,670.398,387.257,686.321
564.812,1008.357,492.250,833.748,246.916,670.357,387.134,686.081
564.683,1008.265,491.856,832.478,246.304,670.248,386.879,686.157
564.986,1008.376,491.639,833.423,246.833,670.472,386.952,686.129
564.712,1008.173,491.391,834.456,246.384,670.215,386.853,686.244
564.775,1007.969,490.377,834.182,246.738,670.381,386.989,686.190
564.427,1007.786,491.714,833.379,246.730,670.450,386.619,685.840
564.714,1008.362,491.998,832.601,246.618,670.609,386.235,685.683
564.697,1008.175,492.086,833.437,246.791,670.572,386.896,686.055
564.402,1007.905,491.283,834.493,246.833,670.414,386.767,686.099
564.597,1008.451,491.422,834.753,246.818,670.650,387.363,686.588
564.883,1008.568,490.642,835.493,246.885,670.448,387.029,686.322
564.427,1007.918,490.981,835.311,246.852,670.633,387.301,686.446
564.353,1007.999,491.993,833.669,246.661,670.573,386.143,685.714
564.322,1007.938,491.952,834.068,246.102,670.303,386.417,685.659
564.762,1008.058,492.062,835.348,246.566,670.652,386.582,685.871
564.781,1008.197,492.047,835.278,246.551,670.716,386.324,685.959
564.319,1007.851,492.471,835.833,246.637,670.540,387.083,686.334
564.006,1007.329,492.596,835.050,246.492,670.416,386.760,685.997
564.279,1007.774,492.930,835.680,246.560,670.487,386.717,685.964
564.721,1007.994,492.526,836.041,246.796,670.342,387.309,686.442
564.742,1008.119,492.626,836.164,246.826,670.172,386.739,686.102
564.762,1008.378,492.489,836.989,246.827,670.167,387.286,686.554
564.554,1008.121,492.450,837.267,246.506,670.177,386.645,686.010
564.998,1008.727,492.445,837.855,246.760,670.405,386.800,685.973
564.811,1008.290,492.181,838.384,246.834,670.447,386.767,685.961
564.740,1008.216,492.301,838.245,246.821,670.530,386.359,685.823
564.901,1008.208,492.147,838.089,246.887,670.272,386.788,685.842
564.604,1008.022,492.170,837.806,246.641,670.172,387.229,686.395
564.144,1007.856,492.394,837.209,246.733,670.074,387.182,686.347
564.532,1008.150,492.694,837.207,246.870,670.300,387.408,686.331
564.871,1008.389,492.177,837.280,246.863,670.613,387.229,686.159
564.457,1008.028,491.635,837.105,247.046,670.434,387.151,686.192
564.662,1008.202,492.530,836.709,246.904,670.341,387.214,686.261
564.747,1008.176,492.813,836.898,247.043,670.350,387.152,686.158
564.634,1008.132,492.763,837.305,246.834,670.615,387.198,686.471
564.621,1008.072,492.712,837.203,246.777,670.477,387.472,686.425
564.875,1008.278,492.203,837.757,246.479,670.478,387.480,686.460
564.897,1008.530,492.336,837.449,246.561,670.375,387.428,686.289
564.613,1008.473,492.300,837.321,246.624,670.246,387.229,686.252
564.776,1008.561,492.416,837.283,246.738,670.463,387.249,686.358
564.876,1008.523,492.411,837.249,246.648,670.715,386.773,685.677
564.830,1008.389,492.600,837.039,247.031,670.508,387.443,686.182
564.667,1008.156,492.007,837.204,246.787,670.445,386.746,685.756
564.680,1008.031,492.268,836.827,246.888,670.345,386.879,686.015
564.514,1007.991,492.276,836.808,247.146,670.283,386.755,686.085
564.501,1007.973,492.667,836.837,246.674,670.115,386.322,686.021
564.816,1008.338,492.615,837.165,246.945,670.258,386.640,685.942
564.491,1007.835,492.285,837.256,246.842,670.270,386.520,686.018
564.817,1008.191,492.167,837.276,247.063,670.196,386.650,686.016
564.822,1008.051,492.345,837.335,246.985,670.164,386.583,685.801
564.857,1008.179,492.150,837.605,246.944,670.205,386.638,685.662
564.803,1008.483,492.211,837.122,246.684,670.448,386.656,685.796
564.691,1007.962,492.143,837.232,246.593,670.230,386.738,685.689
564.842,1008.458,492.202,837.513,246.924,670.173,386.788,685.972
565.151,1008.796,492.143,837.468,246.890,670.254,386.700,685.800
564.655,1008.023,492.136,837.624,246.612,670.449,386.932,686.037
564.735,1008.145,492.278,837.291,246.533,670.376,386.529,686.198
564.811,1008.342,492.161,837.193,246.624,670.432,386.400,686.129
564.706,1008.248,492.376,837.036,246.833,670.271,387.010,686.326
564.829,1008.342,492.354,836.857,246.960,670.464,387.022,686.165
564.507,1007.960,492.555,836.821,246.922,669.953,386.967,686.172
564.536,1008.090,492.543,836.707,246.781,670.101,387.126,686.265
564.795,1008.336,492.363,837.135,246.841,670.092,387.416,686.488
564.824,1008.245,492.188,837.178,246.742,670.079,387.425,686.374
564.821,1008.258,492.629,836.867,246.947,670.257,386.745,686.110
564.678,1008.133,492.756,836.817,247.028,670.236,386.879,686.066
564.428,1007.916,492.262,836.965,246.723,669.998,386.693,685.869
564.448,1007.977,491.945,837.449,246.695,670.343,386.865,685.967
564.667,1008.384,492.284,837.096,246.533,670.320,386.630,685.935
564.625,1008.244,491.822,837.820,246.770,670.524,386.973,686.160
564.521,1008.243,492.072,837.407,246.717,670.586,387.030,686.319
564.691,1008.177,492.145,837.545,246.898,670.415,386.636,685.961
564.534,1008.103,492.293,837.368,246.830,670.394,386.578,685.817
564.517,1007.899,492.059,837.245,246.801,670.358,387.211,686.115
564.411,1007.698,492.066,837.078,247.090,669.982,387.294,686.292
564.228,1007.649,492.231,836.970,246.520,670.261,387.179,685.988
564.244,1007.964,492.170,837.093,246.508,670.260,387.131,686.106
564.581,1007.939,492.355,836.925,246.679,670.474,387.029,686.185
564.437,1007.944,492.403,837.030,246.610,670.140,386.985,686.178
564.636,1008.222,492.237,837.298,246.541,670.259,386.554,685.695
564.319,1008.026,492.204,837.154,246.392,669.986,386.700,686.141
564.888,1008.348,492.351,837.253,246.637,670.376,386.237,685.757
564.788,1008.232,492.012,836.953,246.770,670.337,387.481,686.616
564.658,1008.099,492.917,837.347,246.773,670.577,386.602,686.010
564.715,1008.213,492.359,836.822,246.884,670.418,386.855,686.111
564.861,1008.464,492.566,836.487,246.751,670.409,386.807,685.847
564.724,1008.689,492.541,836.596,246.731,670.426,386.955,686.408
564.837,1008.288,492.865,836.775,246.680,670.391,387.015,686.313
564.862,1007.963,492.699,835.479,246.540,670.311,386.861,686.006
564.913,1008.291,492.935,836.005,246.590,670.266,387.552,686.524
564.580,1008.098,492.865,836.924,246.698,670.176,386.728,686.392
564.799,1008.251,492.829,836.080,246.621,670.342,386.626,686.484
564.723,1008.463,493.074,836.873,246.609,670.595,386.507,685.711
564.868,1008.511,492.899,836.858,246.419,670.645,386.842,685.846
564.750,1008.407,492.346,836.805,246.354,670.346,387.064,686.085
564.685,1008.394,492.997,836.663,246.424,670.601,386.790,685.893
564.701,1008.347,493.084,836.460,246.532,670.496,387.009,685.951
564.912,1008.556,492.452,836.218,246.475,670.664,386.715,685.902
564.696,1008.224,492.450,836.036,246.420,670.651,386.849,685.938
565.030,1008.589,492.583,836.178,246.525,670.601,387.226,686.321
564.958,1008.461,493.329,835.848,246.385,670.553,387.246,686.435
564.936,1008.440,493.966,835.368,246.798,670.310,387.606,686.526
564.869,1008.423,493.726,835.060,246.366,670.263,387.386,686.429
564.731,1008.279,493.997,834.918,246.396,670.455,387.447,686.302
564.647,1008.225,494.158,835.075,246.381,670.414,387.534,686.459
564.540,1008.081,494.097,834.811,246.437,670.353,386.807,685.905
564.695,1008.053,493.953,834.715,246.390,670.326,386.684,685.888
564.360,1007.871,493.611,834.528,246.771,670.491,386.724,685.997
564.491,1008.000,493.181,834.479,246.661,670.246,386.433,685.800
564.504,1008.020,493.227,834.301,246.696,670.058,386.396,685.576
564.685,1008.330,493.062,834.692,246.286,670.419,386.881,685.944
564.642,1008.347,492.586,834.781,246.421,670.342,386.985,686.070
564.306,1007.946,492.604,835.421,246.787,670.298,387.000,685.929
564.628,1008.119,492.828,836.023,246.728,670.243,387.206,686.097
564.733,1008.137,492.198,835.813,246.919,670.389,386.450,685.634
564.723,1008.198,492.328,836.541,246.858,670.245,386.576,685.651
564.539,1008.020,492.285,836.519,246.441,670.272,386.695,685.937
564.735,1008.370,492.393,836.014,246.994,670.441,386.949,685.990
564.622,1008.118,492.145,835.708,246.816,670.415,387.114,686.142
564.628,1008.188,492.312,836.075,246.518,670.517,387.424,686.404
564.725,1008.332,492.211,836.215,246.504,670.524,386.796,686.189
564.719,1008.345,492.102,836.072,246.557,670.597,386.915,685.830
564.912,1008.483,492.176,836.447,246.573,670.643,387.009,686.137
564.670,1008.452,491.957,835.757,246.580,670.340,387.381,686.580
564.785,1008.518,491.935,835.769,246.508,670.414,387.418,686.613
564.746,1008.386,491.886,835.485,246.454,670.453,387.313,686.782
564.490,1008.137,491.910,835.740,246.586,670.418,387.359,686.576
564.674,1008.245,491.549,835.685,246.404,670.743,387.053,686.401
564.668,1008.287,491.764,835.118,246.525,670.615,386.909,686.382
564.707,1008.205,491.727,835.562,246.603,670.448,386.974,685.941
564.486,1008.314,492.440,835.634,246.669,670.233,387.478,686.380
564.404,1007.816,492.328,835.531,246.474,670.332,386.232,685.377
564.382,1007.823,491.911,835.675,246.545,670.473,386.882,686.000
564.595,1008.006,491.174,835.802,246.343,670.109,387.493,686.387
564.852,1008.710,491.720,835.435,246.734,669.984,386.415,685.874
564.642,1008.365,491.746,835.400,246.581,670.057,386.782,685.975
564.552,1007.836,491.633,835.565,246.751,670.454,386.769,686.003
564.433,1007.926,491.740,835.508,246.476,670.674,386.689,685.913
564.647,1008.089,491.725,835.442,246.777,670.271,386.609,685.963
564.804,1008.191,491.582,835.584,246.784,670.272,386.540,685.865
564.702,1008.429,491.335,835.815,246.415,670.514,386.780,685.938
564.419,1007.880,491.626,835.657,246.897,670.470,386.811,686.245
564.817,1008.530,491.941,835.503,246.375,670.820,387.148,686.135
564.736,1008.594,491.856,835.464,246.394,670.666,387.080,686.055
564.677,1008.448,491.959,835.555,246.574,670.224,386.837,685.689
564.860,1008.445,491.917,834.955,246.605,670.030,386.687,686.025
564.624,1008.129,491.951,835.067,246.590,670.487,386.965,686.029
564.691,1008.262,491.416,835.804,246.591,670.504,386.459,685.644
564.573,1008.073,491.654,835.555,246.541,670.384,386.455,685.533
564.538,1008.155,491.945,835.477,246.823,670.562,387.027,686.088
564.296,1008.089,491.726,835.541,247.016,670.378,387.676,686.623
564.736,1008.012,491.931,835.103,246.512,670.707,387.374,686.386
564.783,1008.204,491.907,835.075,246.459,670.748,387.498,686.429
564.791,1008.100,492.053,835.054,246.711,670.411,387.499,686.479
564.723,1008.222,491.777,835.317,246.808,670.500,387.403,686.419
564.767,1008.121,492.100,835.518,246.899,670.557,386.732,686.032
564.561,1008.126,491.975,835.140,246.729,670.536,386.786,686.109
564.924,1008.568,492.179,835.419,246.744,670.535,387.384,686.404
564.526,1008.296,492.399,835.709,246.648,670.456,387.009,686.154
564.670,1008.029,492.370,835.818,246.812,670.702,386.693,685.852
564.615,1007.807,492.026,835.083,246.739,670.575,387.009,686.163
564.806,1008.258,492.270,835.374,246.568,670.581,387.039,686.175
564.581,1008.145,492.146,835.593,247.190,670.594,386.714,686.038
564.758,1008.280,492.033,835.365,247.039,670.461,386.921,686.208
564.304,1007.527,491.872,835.473,246.683,670.509,387.507,686.442
564.484,1008.191,492.295,835.877,246.663,670.420,387.501,686.580
564.355,1007.849,491.780,835.507,246.483,670.556,386.510,686.004
564.621,1008.042,491.765,835.573,246.364,670.517,386.807,685.866
564.405,1007.912,491.989,835.416,247.208,670.252,387.071,685.947
564.305,1007.839,491.717,835.694,247.140,670.271,386.639,686.066
564.690,1008.153,492.226,835.330,246.549,670.466,386.345,685.830
564.694,1008.147,492.112,835.427,246.745,670.620,386.635,685.687
564.574,1007.943,491.961,835.630,246.734,670.422,386.284,685.806
564.616,1007.991,492.065,835.478,246.710,670.305,386.670,685.964
564.628,1008.108,492.167,835.600,246.745,670.338,386.971,685.955
564.831,1008.371,492.145,835.002,246.720,669.821,386.552,685.682
564.838,1008.151,492.077,835.030,246.889,669.871,387.385,686.325
564.818,1008.203,491.994,834.895,246.487,670.383,386.756,685.735
564.684,1008.145,491.965,834.989,246.582,670.148,387.102,686.056
564.598,1008.219,492.040,835.983,246.639,670.366,386.882,685.753
564.469,1007.922,492.262,835.337,246.500,670.483,387.488,686.192
564.559,1008.135,492.268,835.847,246.482,670.330,386.725,685.861
564.406,1007.893,491.929,835.585,246.719,670.358,386.751,685.946
564.331,1007.978,491.954,835.104,246.885,670.579,386.970,685.980
564.798,1008.252,491.989,835.443,246.358,670.352,387.103,686.014
564.715,1008.419,492.080,834.971,246.671,670.534,387.615,686.523
564.708,1008.392,491.979,834.981,246.507,670.440,387.474,686.278
564.443,1008.145,491.875,835.048,246.520,670.389,386.654,685.674
564.913,1008.300,491.962,835.011,246.954,670.290,386.659,685.662
564.861,1008.450,491.864,835.181,246.868,670.237,386.550,685.595
564.779,1008.329,491.658,835.139,246.831,670.317,386.906,685.887
564.862,1008.505,491.921,835.463,246.739,670.288,386.999,685.896
565.123,1008.475,491.856,835.508,246.767,670.533,386.613,685.773
564.993,1008.613,491.867,835.489,246.840,670.466,386.334,685.528
565.095,1008.633,491.975,835.422,246.786,670.319,386.560,685.635
565.013,1008.513,491.734,835.129,246.883,670.364,386.480,685.621
564.615,1008.330,491.932,835.769,246.454,670.297,386.812,685.847
564.501,1007.959,492.143,835.887,246.422,670.279,387.092,685.949
564.521,1008.246,492.179,835.484,246.443,670.293,386.746,685.736
564.486,1008.119,491.995,835.475,246.578,670.297,386.920,685.738
564.582,1008.281,491.916,835.460,246.520,670.294,386.646,685.894
564.469,1007.917,492.004,835.121,246.858,670.346,387.352,686.061
564.505,1007.868,491.734,835.661,246.490,670.153,387.436,686.208
564.417,1007.889,491.848,835.507,246.421,670.200,386.745,685.747
564.824,1008.084,492.038,835.625,246.605,670.284,386.801,685.753
564.780,1007.995,491.908,835.469,246.663,670.371,386.400,685.478
564.527,1007.697,491.825,835.549,246.540,670.389,386.499,685.582
564.777,1007.967,492.300,835.739,246.467,670.407,387.239,686.117
564.495,1007.879,491.777,835.690,246.626,670.309,386.881,685.742
564.896,1008.139,492.319,835.663,246.369,670.314,386.755,685.767
564.369,1007.567,491.984,836.137,246.472,670.672,386.949,685.954
564.701,1007.806,491.590,835.138,246.434,670.712,386.958,685.906
564.877,1008.673,491.701,835.735,246.374,670.640,386.989,685.969
564.973,1008.528,491.609,835.848,246.274,670.752,386.754,685.725
564.767,1008.126,491.896,835.580,247.138,669.823,387.076,686.145
564.766,1008.093,491.921,835.127,247.135,669.935,387.134,686.048
564.600,1008.015,491.816,835.437,246.911,670.276,386.998,685.807
564.815,1008.149,491.762,835.024,246.857,670.365,386.449,685.451
564.874,1008.574,491.824,835.035,246.962,670.410,386.874,685.872
564.789,1008.418,491.479,835.401,246.732,670.498,386.840,685.686
565.022,1008.580,491.836,835.106,246.924,670.547,386.842,685.780
564.964,1008.611,491.448,835.490,246.734,670.670,386.827,685.696
564.574,1007.940,491.290,835.332,246.798,670.358,387.490,686.465
564.822,1008.302,492.173,835.140,246.508,670.342,387.388,686.348
564.725,1008.059,491.670,835.349,246.768,670.512,387.359,686.339
564.711,1008.060,491.643,835.626,246.591,670.587,387.632,686.428
564.920,1008.007,491.955,835.342,246.330,670.667,387.386,686.351
564.971,1008.300,492.191,835.283,246.721,670.516,387.057,686.079
564.944,1008.149,492.021,835.317,246.770,670.502,386.875,685.947
564.693,1008.002,492.098,835.320,247.095,670.197,387.389,686.348
564.615,1008.062,492.348,835.115,247.052,670.366,386.710,685.880
565.086,1008.573,492.082,835.160,246.265,670.865,386.882,685.879
565.140,1008.742,492.105,835.364,246.403,670.807,386.715,685.814
564.872,1008.328,491.959,835.506,246.801,670.281,386.964,686.000
564.936,1008.209,491.659,835.174,246.688,670.297,386.959,685.989
565.058,1008.656,492.230,835.773,246.422,670.355,386.703,685.665
565.035,1008.291,491.868,835.167,246.419,670.399,386.866,685.632
564.836,1008.171,492.306,834.913,246.426,670.554,386.984,685.669
564.911,1008.654,491.801,835.211,246.369,670.461,387.180,686.038
564.976,1008.727,491.874,835.149,246.498,670.701,387.185,686.010
564.447,1007.985,491.816,835.055,246.872,670.468,386.634,685.788
564.652,1008.190,492.101,834.830,246.804,670.445,386.535,685.670
564.318,1007.730,491.836,835.028,246.448,670.423,386.485,685.786
564.432,1008.189,491.638,835.202,246.727,670.466,386.832,686.006
564.884,1008.549,491.889,835.547,246.859,670.501,386.807,685.941
564.772,1008.386,491.875,835.175,246.760,670.559,387.245,686.248
564.339,1007.718,491.710,835.223,246.638,670.120,387.560,686.335
564.757,1008.260,492.127,835.351,246.509,670.290,386.946,685.975
564.628,1008.274,492.296,835.087,246.731,670.398,386.980,685.862
564.432,1007.649,491.987,835.425,246.764,670.257,386.877,685.819
564.755,1008.079,491.800,835.009,246.801,670.250,387.314,686.330
564.652,1008.120,491.815,834.965,246.919,670.391,387.062,685.929
564.744,1008.175,491.908,835.026,246.819,670.375,386.756,685.774
564.610,1007.679,491.782,835.035,246.936,670.361,386.865,685.655
564.764,1007.994,491.998,834.930,246.773,670.423,386.914,685.785
564.826,1008.458,491.871,835.570,246.838,670.351,386.911,685.720
564.861,1008.296,491.438,835.300,246.752,670.485,386.887,685.691
564.619,1008.226,492.075,835.551,246.638,670.310,387.160,686.087
564.592,1007.862,492.246,835.455,246.544,670.252,386.895,685.739
564.458,1008.089,491.880,835.241,246.584,670.262,387.025,685.880
564.575,1008.031,491.723,835.957,246.547,670.225,386.999,685.883
564.779,1008.296,491.841,835.714,246.598,670.151,386.989,685.789
564.442,1008.068,492.093,835.447,246.544,670.123,386.916,685.852
564.696,1008.093,492.161,835.568,246.557,670.054,387.369,686.238
564.845,1008.252,491.950,835.483,246.922,670.288,386.892,685.968
564.880,1008.663,492.125,835.363,246.312,670.310,386.898,686.057
564.494,1008.184,491.985,835.713,246.664,670.333,386.633,685.801
564.637,1008.393,491.819,835.258,246.647,670.396,386.805,685.922
564.918,1008.407,492.113,834.959,246.400,670.360,386.556,685.487
564.963,1008.618,491.864,835.245,246.348,670.201,386.397,685.740
564.477,1007.930,492.149,834.973,246.390,670.270,387.175,686.158
564.610,1008.163,492.284,834.839,246.617,670.149,387.047,685.838
564.705,1008.243,492.202,834.933,246.446,669.940,387.299,686.501
564.535,1008.133,491.950,835.179,246.364,670.159,386.797,686.133
564.861,1008.098,491.827,835.238,246.319,670.228,386.774,685.728
564.760,1008.233,491.991,835.421,246.315,670.213,386.727,685.772
564.614,1008.318,492.093,834.801,246.546,670.567,386.561,685.504
564.316,1008.023,491.635,835.637,246.758,670.315,386.659,685.643
564.433,1007.996,491.895,835.457,246.853,670.265,386.641,685.486
564.952,1008.573,492.034,835.257,246.614,670.101,386.992,685.596
564.913,1008.599,491.995,835.020,246.622,670.389,386.794,685.612
564.639,1008.098,492.190,834.749,246.670,670.181,386.947,685.752
564.451,1008.060,491.842,835.120,246.688,670.123,386.606,685.578
564.211,1007.491,492.050,835.005,246.620,669.915,386.415,685.374
564.442,1007.879,491.696,835.229,246.587,669.959,386.400,685.407
564.249,1007.619,492.202,835.322,246.663,670.305,386.689,685.677
564.185,1007.572,491.734,835.237,246.510,670.193,386.658,685.557
564.417,1007.984,492.086,834.908,247.064,669.625,386.425,685.441
564.354,1007.853,492.050,835.591,246.781,670.093,386.614,685.700
564.458,1007.981,491.770,835.706,246.396,670.361,387.065,686.353
564.689,1007.853,491.668,835.565,246.850,670.276,386.913,685.778
564.558,1007.861,492.033,834.951,246.907,670.229,386.881,685.818
564.866,1008.409,492.078,835.275,246.542,670.550,386.757,685.799
564.421,1007.725,491.990,835.345,246.349,670.073,386.829,685.711
564.440,1007.948,492.291,835.180,246.758,670.138,386.676,685.563
564.466,1007.949,491.925,834.976,246.520,670.157,386.710,685.535
564.669,1007.984,492.470,835.183,246.814,669.879,386.982,685.879
564.465,1007.734,491.856,835.601,246.649,669.897,386.933,685.859
564.771,1008.179,491.943,835.022,246.677,669.915,387.116,685.750
564.411,1007.804,492.019,835.025,246.763,670.041,386.997,685.676
564.686,1008.283,492.235,834.775,246.749,669.995,386.803,685.598
564.551,1008.059,492.174,835.809,246.860,670.111,387.030,685.520
564.524,1007.879,492.005,835.516,246.751,670.528,387.012,686.171
564.586,1008.072,492.212,835.103,246.771,670.558,386.521,685.664
564.617,1008.231,492.361,835.390,246.706,670.562,386.583,685.772
564.309,1007.939,492.247,835.393,246.347,670.433,386.288,685.469
564.704,1008.215,492.339,835.118,246.308,670.508,386.670,685.723
564.616,1008.120,492.210,834.998,246.597,670.257,386.826,685.722
564.579,1008.096,492.256,835.089,246.456,670.446,386.805,685.718
564.807,1008.319,492.270,835.301,246.514,670.240,387.163,686.141
564.500,1007.920,492.193,835.001,246.563,670.273,387.154,686.222
564.860,1008.125,492.517,834.733,246.547,669.953,387.763,686.429
564.783,1008.186,492.518,834.762,246.441,670.187,387.642,686.404
564.632,1008.040,492.208,835.312,246.676,670.106,386.581,685.547
564.679,1008.182,491.888,835.154,246.680,669.960,387.060,685.881
564.668,1008.094,492.408,834.710,246.842,670.094,386.814,685.650
564.466,1007.832,492.053,834.805,246.448,670.131,386.879,685.903
564.651,1007.818,492.048,834.850,246.416,670.196,387.130,686.048
564.721,1008.126,492.145,835.322,246.441,670.530,387.633,686.527
564.731,1008.021,491.836,835.208,246.320,670.457,387.532,686.392
564.844,1008.171,492.674,835.422,246.817,670.124,387.527,686.262
564.584,1008.092,492.051,835.324,246.440,670.296,387.455,686.339
564.606,1008.098,492.111,835.518,246.699,670.172,386.805,685.806
564.450,1008.105,492.227,835.889,246.791,670.261,386.898,686.004
564.760,1008.347,491.991,835.533,246.459,670.264,386.495,685.412
564.836,1008.512,491.957,835.651,246.560,670.370,387.058,685.972
564.688,1008.316,491.825,835.268,246.432,670.268,386.996,685.949
564.173,1007.731,492.073,834.964,246.497,670.263,387.062,685.973
564.344,1007.785,492.035,835.634,246.487,670.406,386.937,685.787
564.322,1007.781,491.993,835.207,246.550,670.213,386.846,685.891
564.381,1007.810,492.159,835.706,246.613,670.195,386.767,685.710
564.415,1007.932,492.075,835.303,246.762,670.321,386.996,685.884
564.584,1008.131,492.134,835.260,246.619,670.272,386.810,685.868
564.608,1008.050,491.586,835.853,246.736,670.104,386.679,685.703
564.769,1008.016,491.865,835.880,246.795,670.113,386.892,686.368
564.371,1007.667,491.989,835.079,246.591,670.006,387.337,686.065
564.222,1007.665,492.046,835.029,246.791,670.185,387.092,686.126
564.411,1007.992,492.083,835.140,247.036,670.326,386.869,685.669
564.713,1008.130,492.466,834.849,246.816,670.060,386.963,685.890
564.592,1007.909,492.433,835.671,246.903,669.993,386.633,685.773
564.747,1008.221,492.390,835.317,246.592,670.312,386.974,685.918
564.853,1008.684,491.910,835.202,246.497,670.379,387.289,686.099
564.820,1008.200,492.329,835.243,246.615,670.447,386.508,685.921
564.819,1008.260,492.229,835.498,246.341,670.301,386.521,685.938
564.701,1008.047,492.174,834.885,246.408,670.472,386.587,685.662
564.229,1007.981,492.260,835.448,246.395,670.520,386.508,685.778
564.327,1008.065,491.687,835.344,246.366,670.698,387.237,686.122
564.123,1007.835,491.930,835.188,246.491,670.056,387.227,686.123
564.670,1008.437,492.268,835.454,246.326,670.335,386.924,685.880
564.397,1008.168,491.876,835.312,246.356,670.315,386.833,685.673
564.726,1008.155,491.884,835.286,246.889,670.272,387.073,685.961
564.612,1008.192,492.093,835.065,246.812,670.568,386.993,685.902
564.988,1008.565,492.357,835.031,246.815,670.209,387.389,686.027
564.822,1008.347,492.267,835.126,246.336,670.325,387.167,686.100
565.005,1008.104,492.605,835.329,246.425,670.036,386.609,685.982
564.305,1007.767,492.273,834.974,246.265,670.364,386.836,685.851
564.703,1008.135,492.598,835.177,246.385,670.378,386.784,685.805
564.740,1008.279,492.546,835.111,246.658,670.188,386.605,685.601
564.928,1008.270,492.304,834.911,246.708,669.977,387.016,685.959
564.742,1008.157,492.288,835.101,246.505,670.126,386.198,685.272
564.854,1008.059,492.260,834.995,246.311,670.256,386.736,685.553
564.765,1008.239,492.547,835.596,246.734,670.602,386.973,685.901
564.721,1008.233,492.615,835.482,246.927,670.350,386.509,685.487
564.865,1008.106,492.307,835.382,246.783,670.622,386.479,685.537
564.763,1008.184,492.225,835.394,246.790,670.603,386.358,685.462
564.965,1008.363,492.075,835.553,246.825,670.380,386.458,685.679
564.760,1008.335,492.190,835.810,246.433,670.329,386.425,685.653
565.104,1008.663,491.974,835.168,246.350,670.184,386.908,685.894
564.839,1008.482,492.252,834.938,246.365,670.504,387.015,685.969
564.792,1008.237,492.082,834.919,246.353,670.539,387.045,686.005
564.943,1008.442,492.389,834.859,246.689,670.427,386.800,685.671
564.876,1008.410,492.238,834.968,246.892,670.390,386.715,685.696
564.728,1008.246,492.386,835.107,246.835,670.320,386.659,685.631
564.791,1008.283,492.282,835.307,246.859,670.316,386.785,685.873
564.884,1008.329,492.196,834.862,246.489,670.332,387.037,685.763
564.954,1008.612,492.380,835.562,246.625,670.238,387.657,686.323
564.527,1008.184,492.186,834.926,246.789,670.103,386.991,685.911
564.681,1008.353,492.214,834.844,246.889,670.051,386.828,685.780
564.879,1008.232,492.183,834.737,246.655,670.322,387.058,685.880
564.583,1008.101,492.042,834.959,246.618,670.100,387.147,686.027
564.748,1008.487,492.070,835.375,246.579,670.220,386.783,685.820
564.685,1008.330,492.266,835.082,246.819,670.371,386.588,685.583
564.638,1008.319,492.320,834.781,246.525,670.166,386.632,685.609
564.731,1008.111,492.297,835.312,246.682,670.418,387.170,685.948
564.647,1008.062,492.266,835.292,246.828,670.309,386.658,685.576
564.715,1008.176,492.211,835.249,246.818,670.418,386.674,685.743
564.897,1008.288,492.405,835.223,246.871,670.262,386.618,685.612
564.664,1008.100,492.118,835.591,246.983,670.372,386.700,685.776
564.850,1008.404,492.210,835.303,246.850,670.309,386.917,686.013
564.555,1008.011,492.301,834.846,246.824,670.527,386.425,685.584
564.665,1008.172,492.131,834.991,246.528,670.769,386.855,685.975
564.734,1008.192,492.432,835.045,246.618,670.570,386.501,685.610
564.588,1007.935,492.253,835.080,246.460,670.180,386.668,685.706
564.484,1008.092,492.517,834.797,246.453,670.452,386.949,685.884
564.594,1008.305,492.266,835.515,246.531,670.334,387.010,685.814
564.515,1007.905,492.502,835.308,246.486,670.569,386.544,685.642
564.922,1008.372,492.089,836.020,246.445,670.648,386.994,685.955
564.512,1008.042,492.336,835.893,246.416,670.337,387.306,686.015
564.551,1007.923,492.096,835.099,246.927,670.153,386.752,685.761
564.712,1007.976,492.259,835.439,246.895,670.240,387.267,686.074
564.852,1008.206,492.309,835.382,246.936,670.401,386.941,685.875
564.995,1008.151,492.331,835.392,246.964,670.405,387.225,686.031
564.712,1008.493,492.273,834.973,246.988,670.268,387.096,686.356
564.861,1008.422,492.662,835.590,246.930,670.171,387.127,686.281
564.771,1008.125,492.005,835.482,246.232,670.421,387.222,686.246
564.609,1007.911,492.028,835.506,246.953,670.472,386.718,685.934
564.846,1007.946,491.895,835.670,246.403,670.307,387.001,685.894
564.870,1008.318,492.012,834.972,246.345,670.436,386.684,685.632
564.614,1008.071,491.861,835.282,246.340,670.412,386.770,685.688
564.712,1008.130,492.196,835.386,246.520,670.355,387.021,685.838
564.660,1008.291,492.122,834.917,246.557,670.331,387.062,685.937
564.773,1008.389,492.161,835.005,246.762,670.111,386.695,685.527
564.925,1008.353,492.064,835.388,246.777,670.208,386.649,685.456
564.351,1007.798,492.082,834.977,246.516,670.397,386.676,685.589
564.233,1007.749,492.152,834.887,246.922,670.501,386.529,685.568
564.877,1008.429,491.980,835.134,246.737,670.655,386.652,685.579
564.760,1008.312,491.964,835.197,246.633,670.335,386.714,685.661
564.344,1007.852,492.226,835.192,246.427,670.142,387.520,686.069
564.468,1008.023,492.050,835.238,246.272,670.007,387.265,685.956
564.727,1008.280,492.535,834.788,246.455,670.010,386.730,685.786
564.781,1008.000,492.662,835.623,246.959,670.259,386.465,685.512
564.595,1008.065,492.280,835.420,246.756,670.191,386.993,685.771
564.842,1008.427,492.094,834.997,246.749,670.085,387.071,685.756
565.061,1008.523,491.964,835.097,246.779,669.976,387.029,685.881
564.556,1008.369,492.695,835.002,246.647,669.950,386.939,685.839
564.717,1008.185,492.548,834.798,246.564,670.213,386.886,685.824
564.320,1007.793,492.455,835.337,246.778,669.997,386.572,685.618
564.946,1008.239,492.368,834.953,246.654,670.110,386.954,685.922
564.968,1008.588,492.245,835.312,246.728,669.979,386.580,685.452
565.140,1008.803,492.066,835.446,246.772,670.248,387.488,686.318
565.020,1008.728,492.212,834.916,246.508,670.019,386.573,685.519
564.974,1008.663,492.337,834.801,246.444,669.904,386.483,685.485
564.681,1007.871,492.175,834.974,246.730,670.241,387.162,685.965
564.675,1007.888,492.373,835.263,246.538,670.338,386.570,685.425
564.851,1008.074,492.076,834.906,246.642,670.339,386.837,685.539
564.952,1008.293,491.969,834.939,246.699,670.521,386.699,685.548
564.664,1008.279,492.028,834.764,246.748,670.342,386.558,685.351
564.625,1008.018,491.787,835.079,246.684,670.640,386.879,685.641
564.772,1008.004,491.749,835.133,246.632,670.728,386.824,685.686
564.411,1007.787,491.911,835.037,246.336,670.530,387.135,686.036
564.796,1008.122,492.399,835.255,246.300,670.489,387.068,685.892
564.574,1008.106,492.132,834.893,246.395,670.538,386.893,685.703
564.403,1007.920,492.174,834.952,246.285,670.625,387.034,685.753
564.451,1007.924,492.507,834.989,246.175,670.482,387.232,685.918
564.539,1007.956,492.349,834.834,246.064,670.186,387.002,685.819
564.534,1007.769,492.284,834.843,246.264,670.084,386.575,685.575
564.808,1008.338,492.406,834.769,246.488,670.406,386.549,685.567
564.762,1008.365,492.374,834.700,246.348,670.712,386.612,685.572
564.300,1007.708,492.218,835.129,246.872,670.188,387.495,686.280
564.600,1007.849,492.137,834.791,246.775,670.066,387.476,686.134
564.556,1007.892,492.326,834.887,246.771,670.454,386.495,685.571
564.458,1007.735,492.251,834.801,246.788,670.533,386.772,685.852
564.252,1007.715,491.946,835.148,247.092,670.328,386.871,685.698
564.454,1007.916,492.167,834.953,246.909,670.235,386.947,685.671
564.420,1007.806,492.130,834.937,246.800,670.090,386.764,685.573
564.512,1007.932,492.139,834.975,246.846,670.189,387.408,686.031
564.854,1008.203,492.435,834.639,246.314,670.450,387.070,686.092
564.836,1008.205,492.411,835.251,246.270,670.234,386.989,686.019
564.903,1008.331,492.310,835.226,246.191,670.305,387.641,686.505
564.641,1008.198,492.750,835.134,246.806,670.447,386.669,685.744
564.709,1008.204,492.435,834.697,246.689,670.451,386.494,685.555
564.634,1008.061,492.262,835.148,246.794,670.374,386.570,685.723
564.666,1008.015,492.156,834.732,246.792,670.282,387.190,686.117
564.482,1007.794,492.342,834.910,246.757,669.954,387.292,686.305
564.764,1008.073,492.514,834.737,246.756,670.324,386.787,686.031
564.750,1008.002,492.839,835.090,246.566,670.119,387.030,686.010
564.589,1007.994,492.497,835.363,246.850,670.245,386.930,685.802
564.518,1007.678,492.206,835.119,246.967,670.328,386.870,685.619
564.566,1007.971,492.475,834.847,246.834,670.393,386.834,685.545
564.941,1008.202,492.520,835.243,246.464,670.599,387.155,685.939
564.731,1008.146,492.691,835.220,246.685,670.277,387.793,686.377
564.950,1008.611,492.163,835.459,246.810,670.292,386.715,685.686
564.498,1007.791,492.579,835.070,246.565,670.578,386.682,685.660
564.762,1008.128,492.291,835.401,246.683,670.408,386.674,685.602
564.476,1007.877,492.017,835.005,246.513,669.980,387.250,686.009
564.408,1007.837,492.215,835.281,246.448,670.016,387.674,686.280
564.590,1008.240,491.902,835.177,246.744,670.322,387.519,686.416
564.683,1008.129,491.882,835.138,246.842,670.360,387.566,686.425
564.652,1008.444,492.068,835.306,246.459,670.404,387.072,685.863
564.505,1008.236,492.138,835.034,246.583,670.293,386.687,685.521
564.477,1007.985,492.282,835.088,246.976,670.008,387.270,686.251
564.522,1007.912,492.457,835.281,247.031,669.726,387.452,686.245
564.715,1008.332,492.366,835.175,246.821,669.988,386.853,685.773
564.599,1007.991,492.333,835.016,246.985,670.137,386.549,685.769
564.851,1008.381,492.099,834.879,246.467,670.073,386.887,685.868
564.889,1007.965,492.321,835.040,246.485,670.137,386.896,686.007
564.919,1008.274,492.116,834.780,246.389,670.254,386.999,685.902
564.968,1008.177,492.496,835.097,246.536,670.233,387.117,685.957
564.516,1007.664,492.109,834.878,246.457,670.283,387.226,685.843
564.990,1008.565,492.292,835.251,246.459,670.461,386.984,685.816
564.900,1008.587,492.479,835.166,246.520,670.336,387.021,685.869
564.798,1008.266,492.219,834.761,246.364,670.225,387.727,686.293
564.628,1008.030,492.188,834.842,246.363,670.207,387.325,685.978
564.559,1007.902,492.481,834.883,246.652,670.014,386.624,685.759
564.784,1008.132,492.396,834.882,246.628,670.212,386.978,685.718
564.848,1007.963,491.884,835.111,246.704,670.177,387.057,685.924
564.995,1008.339,491.789,835.170,246.497,670.073,387.201,686.213
564.833,1008.145,491.816,835.102,246.263,670.083,386.526,685.622
564.930,1008.257,492.327,834.866,246.330,670.240,387.517,686.031
564.801,1008.088,492.264,834.914,246.391,670.069,387.512,686.096
564.782,1007.916,492.034,834.922,246.639,670.271,387.276,686.206
564.907,1008.184,491.928,835.380,246.558,670.055,387.518,686.072
564.908,1008.081,491.953,835.485,246.389,670.227,387.049,685.809
564.859,1008.077,492.107,835.100,246.525,670.381,387.046,685.897
564.888,1008.357,492.247,834.700,246.371,670.296,386.793,685.703
564.655,1007.787,492.192,834.873,246.438,670.293,386.888,685.846
564.889,1008.000,492.075,834.956,246.469,670.234,387.549,686.319
564.708,1007.952,491.870,835.168,246.632,670.203,387.551,686.449
564.812,1008.004,491.975,835.045,246.619,670.318,387.213,686.047
564.940,1008.402,492.089,834.952,246.601,670.304,386.794,685.730
564.815,1008.098,491.729,835.273,246.860,670.172,387.625,686.409
564.523,1008.136,491.970,835.062,246.739,670.025,387.166,686.062
564.751,1008.076,491.994,835.588,246.524,669.883,387.299,686.029
564.801,1008.048,492.007,834.954,246.519,669.836,386.660,685.785
564.600,1007.974,492.146,835.453,246.847,669.835,386.474,685.863
564.849,1008.150,491.988,834.969,246.775,670.332,386.919,686.141
564.782,1008.036,492.008,834.842,246.857,670.151,387.073,686.149
564.866,1008.129,491.988,834.896,246.730,669.984,386.777,685.667
564.767,1008.226,491.967,834.933,246.252,670.243,386.608,685.540
564.797,1008.163,491.932,835.097,246.611,670.270,386.760,685.326
564.703,1008.014,491.869,835.097,246.342,669.935,386.589,685.363
564.811,1008.049,491.714,835.207,246.360,670.357,386.691,685.616
564.779,1008.177,492.155,835.287,246.264,670.283,386.621,685.511
564.535,1008.035,492.226,835.981,246.368,670.503,387.036,685.894
564.807,1008.275,492.105,835.378,246.505,670.362,387.341,686.485
564.326,1007.673,492.000,835.415,246.478,670.345,386.273,685.588
564.648,1007.878,492.259,835.310,246.591,670.039,386.643,685.564
564.975,1008.104,492.061,834.972,246.413,670.093,386.924,685.727
565.034,1008.553,491.917,835.105,246.405,670.082,386.852,685.597
564.853,1008.598,491.945,835.136,246.523,669.967,386.753,685.660
565.171,1008.632,492.233,835.222,246.564,669.839,387.411,686.220
565.033,1008.599,492.103,835.007,246.457,669.945,387.510,686.174
564.679,1008.104,492.423,835.587,246.604,670.097,387.758,686.089
564.759,1008.201,492.585,835.495,246.827,669.947,387.744,686.089
564.917,1008.112,492.366,835.687,246.663,669.713,387.001,685.565
564.862,1008.260,492.207,835.463,246.466,669.836,386.897,685.411
564.691,1007.949,491.922,835.446,246.843,670.212,387.029,685.540
564.551,1007.910,492.075,834.824,246.775,670.283,386.481,685.323
564.653,1008.116,492.139,834.953,246.883,670.225,386.736,685.453
564.893,1008.462,492.501,835.541,246.936,669.802,387.306,685.802
564.926,1008.508,492.365,835.264,246.627,669.718,387.134,685.687
564.713,1008.249,492.172,834.880,246.668,670.065,386.937,685.522
565.188,1008.652,492.204,835.374,246.752,669.990,387.006,685.619
564.635,1008.200,492.098,834.915,246.822,670.283,386.865,685.420
564.930,1008.621,492.281,835.090,247.026,670.057,386.868,685.404
564.779,1008.296,492.424,835.196,246.552,670.159,386.741,685.306
564.666,1008.338,492.199,834.775,246.854,669.905,386.543,685.284
565.000,1008.471,492.163,835.324,246.767,670.100,386.612,685.738
564.722,1008.352,491.840,835.320,246.718,670.187,387.059,685.706
564.849,1007.841,491.766,835.756,246.668,670.461,387.023,685.685
564.603,1007.797,491.880,835.147,246.975,670.238,386.930,685.772
564.781,1007.677,491.901,835.401,246.767,670.333,386.991,685.764
564.931,1008.274,492.059,835.171,246.776,670.460,386.686,685.921
564.572,1008.036,492.208,835.032,246.749,670.471,387.023,686.188
564.495,1007.832,491.961,835.248,246.964,670.248,386.960,685.755
564.737,1008.003,492.199,835.425,246.827,670.374,386.646,685.491
564.628,1007.935,491.908,835.713,246.622,670.425,386.483,685.719
564.541,1007.811,492.055,835.792,246.583,669.967,386.582,685.503
564.804,1008.405,492.294,835.088,246.529,670.430,386.508,685.357
564.777,1008.616,492.107,835.194,246.472,670.424,387.036,685.617
564.806,1008.500,491.968,835.174,246.321,670.231,386.549,685.272
564.902,1008.364,492.177,834.965,246.857,670.044,386.767,685.372
564.940,1008.544,492.214,834.953,246.855,670.100,387.182,685.946
564.631,1007.976,492.177,835.393,246.875,670.320,386.429,685.168
564.736,1008.081,492.173,834.979,246.830,670.052,386.587,685.283
564.555,1008.038,492.460,834.865,246.638,670.211,386.686,685.581
564.895,1008.413,492.390,834.831,246.556,670.249,386.660,685.488
564.628,1008.723,492.540,835.289,247.154,670.423,386.671,685.434
564.740,1008.913,492.607,834.788,246.834,670.595,386.790,685.549
564.948,1009.489,492.207,834.792,246.524,670.211,386.642,685.568
564.891,1009.322,492.521,835.298,246.430,670.222,386.625,685.531
564.932,1009.356,492.454,834.666,246.596,670.453,386.653,685.515
565.063,1009.288,492.345,834.703,246.739,670.338,386.880,685.773
564.946,1009.182,492.394,835.400,246.914,670.435,386.742,685.531
564.982,1009.167,492.609,835.172,246.682,670.234,386.637,685.140
564.846,1008.893,492.058,835.595,247.017,670.207,387.123,685.733
564.924,1008.854,492.384,835.291,246.733,670.302,386.672,685.586
564.788,1008.721,492.439,835.361,246.624,670.362,387.068,685.753
565.046,1009.060,492.460,835.692,246.394,670.201,386.627,685.399
565.025,1009.016,492.272,834.894,246.480,670.169,386.807,685.559
565.171,1009.142,492.267,834.871,246.251,670.155,386.965,685.684
565.129,1009.193,492.255,834.898,246.359,670.189,387.332,686.021
565.339,1009.063,491.875,835.543,246.363,670.344,386.293,685.495
564.774,1008.416,491.863,835.074,246.406,670.551,386.639,685.627
565.204,1009.151,491.905,835.092,246.481,670.589,386.634,685.701
565.213,1009.020,491.805,835.256,246.413,670.422,386.533,685.620
565.029,1009.169,492.393,835.031,246.320,670.352,386.720,685.474
565.083,1008.822,492.353,834.894,246.687,670.227,386.649,685.413
564.977,1008.777,492.738,835.437,246.644,670.549,386.929,685.789
564.962,1008.610,492.476,835.464,246.903,670.064,386.532,685.382
564.881,1008.479,492.335,835.278,247.078,670.070,386.555,685.473
564.916,1008.561,492.234,835.316,246.895,670.285,387.024,685.759
564.697,1008.568,492.186,835.939,246.924,670.275,387.515,686.131
564.752,1008.629,492.179,834.851,246.787,670.230,387.226,685.807
564.667,1008.696,492.004,835.940,246.772,670.318,387.737,686.248
564.847,1008.839,492.493,834.694,246.918,670.346,386.352,685.448
564.846,1008.759,492.235,835.410,246.797,670.391,386.503,685.621
564.921,1008.739,492.187,835.078,246.903,670.321,386.563,685.614
564.993,1008.853,492.460,834.904,246.866,670.085,386.869,685.786
565.126,1008.821,492.044,834.909,246.594,670.261,387.076,685.822
565.213,1009.105,492.147,835.390,246.518,670.396,386.882,685.626
565.182,1008.819,492.492,835.496,246.263,670.256,387.508,685.973
564.998,1008.532,492.105,835.527,246.394,670.415,387.159,685.919
564.702,1008.279,492.024,834.960,246.451,670.380,387.263,686.009
564.875,1008.443,492.315,834.870,246.314,670.370,386.888,685.499
565.017,1008.515,492.113,835.046,246.335,670.494,386.817,685.606
564.983,1008.481,492.369,834.926,246.429,670.118,386.677,685.731
565.033,1008.541,492.615,834.816,246.836,669.991,386.564,685.570
564.899,1008.597,492.707,835.101,246.554,670.164,386.931,685.512
564.716,1008.440,492.601,835.172,246.766,670.097,386.814,685.454
565.161,1008.723,492.838,835.036,246.655,670.256,386.451,685.237
564.997,1008.435,492.317,834.830,246.628,670.129,386.844,685.518
565.033,1008.420,492.269,834.687,246.235,670.320,386.559,685.326
564.918,1008.492,492.564,834.940,246.264,670.372,386.933,685.604
565.146,1008.728,492.580,835.213,246.444,670.132,387.153,685.664
565.065,1008.822,492.409,835.242,246.564,670.255,387.223,685.729
565.049,1008.862,492.588,835.041,246.431,670.435,387.327,685.734
565.121,1008.624,492.134,835.427,246.628,669.929,387.075,685.757
565.264,1008.930,491.831,835.020,246.604,670.137,387.136,685.796
565.078,1008.796,492.122,835.455,246.405,670.530,387.548,686.023
564.871,1008.394,492.449,835.118,246.830,670.513,387.534,686.141
564.941,1008.510,492.201,834.896,246.792,670.478,386.971,685.581
565.178,1008.788,492.182,834.871,246.445,670.448,387.095,685.662
565.209,1008.924,492.159,834.790,246.601,670.193,386.930,685.785
565.218,1008.792,492.143,834.879,246.530,670.160,386.929,685.756
565.011,1008.634,492.408,835.579,246.425,670.149,387.384,685.739
564.913,1008.599,492.324,834.737,246.719,670.113,387.449,685.916
564.638,1008.192,491.920,835.042,246.749,670.200,387.330,685.874
564.745,1008.418,492.384,834.718,246.929,670.519,386.719,685.379
565.066,1008.660,492.413,835.248,246.890,670.486,386.602,685.398
565.135,1008.770,492.321,834.834,246.832,670.211,386.450,685.296
565.111,1008.603,492.167,834.932,246.958,670.244,386.449,685.204
565.187,1008.662,492.486,834.721,246.873,670.000,386.491,685.204
565.133,1008.869,492.074,835.015,246.736,669.951,387.407,685.751
564.740,1008.176,492.403,834.699,246.711,670.555,386.524,685.239
564.947,1008.445,492.357,834.866,247.008,670.035,386.385,685.058
565.013,1008.264,492.484,834.613,246.403,670.195,386.458,685.173
565.107,1008.633,492.490,835.112,246.328,670.116,386.527,685.100
565.144,1008.421,492.503,835.145,246.604,670.236,386.809,685.663
564.973,1008.294,492.580,835.493,246.869,670.219,386.934,685.566
564.833,1008.162,492.056,835.446,246.431,670.076,387.191,685.710
564.918,1008.267,492.264,835.285,246.871,670.219,387.099,685.583
565.044,1008.618,492.315,835.323,246.605,670.274,387.112,685.709
564.716,1008.456,492.317,834.919,246.378,669.800,387.012,685.611
564.652,1008.291,492.296,835.340,246.713,669.864,387.116,685.787
565.243,1008.827,492.527,835.245,246.462,670.174,387.146,685.649
565.203,1008.702,492.164,835.082,246.479,670.306,386.830,685.385
564.897,1008.378,492.126,835.473,246.490,669.861,386.672,685.351
564.796,1008.399,492.026,835.220,246.470,669.949,387.572,685.988
565.121,1008.850,492.041,835.400,246.242,669.879,387.001,685.549
565.087,1008.655,492.198,835.235,246.391,670.013,386.865,685.346
564.929,1008.514,492.792,835.624,246.901,669.847,386.885,685.603
564.692,1008.427,492.763,835.693,246.400,669.916,386.791,685.524
565.330,1009.117,491.929,835.543,246.304,670.171,386.612,685.398
564.979,1008.430,491.996,835.367,246.947,670.058,386.783,685.632
564.981,1008.484,492.400,835.183,246.833,670.056,386.696,685.629
565.016,1008.550,492.384,835.471,246.871,670.142,386.506,685.409
564.971,1008.368,492.395,835.541,246.771,670.166,386.521,685.422
565.134,1008.560,492.551,835.417,246.464,669.889,386.460,685.306
565.202,1008.653,492.706,835.137,246.746,669.971,386.874,685.376
565.000,1008.534,492.635,835.251,246.771,670.001,386.817,685.421
565.095,1008.695,492.488,835.409,246.766,670.037,387.022,685.670
564.980,1008.701,492.757,835.049,246.698,670.340,386.916,685.417
565.225,1008.817,492.710,835.585,246.833,670.112,386.927,685.371
565.324,1008.943,492.541,834.826,246.361,669.900,387.457,685.932
565.052,1008.418,492.871,835.006,246.305,670.066,387.426,685.818
565.048,1008.439,492.485,835.568,246.349,670.063,387.214,685.710
565.093,1008.565,492.164,834.875,246.738,669.785,386.926,685.702
564.926,1008.359,492.407,835.509,246.713,669.892,386.827,685.574
565.141,1008.618,492.052,834.926,246.687,669.908,386.383,685.262
565.057,1008.430,491.997,834.954,246.535,669.945,386.625,685.156
564.955,1008.313,492.596,835.226,246.381,669.936,386.765,685.412
565.008,1008.459,492.728,835.266,246.470,669.915,386.831,685.506
565.206,1008.468,492.027,834.994,247.031,669.935,386.685,685.631
564.987,1008.499,492.258,834.784,246.865,669.921,386.513,685.419
565.340,1008.959,492.219,834.885,246.611,670.051,387.158,685.438
565.173,1008.785,492.303,834.767,246.614,670.136,387.500,685.820
565.273,1008.530,492.039,835.211,246.779,669.791,387.163,685.477
565.291,1008.557,492.418,835.074,246.944,670.005,387.302,685.819
565.229,1008.647,492.126,835.393,246.744,669.893,387.243,685.737
565.169,1008.716,492.029,835.026,246.482,670.252,386.484,685.151
565.337,1008.727,492.265,834.808,246.487,669.968,386.936,685.458
564.932,1008.538,492.274,834.878,246.527,669.922,386.941,685.601
565.143,1008.754,491.871,835.222,246.426,669.884,387.461,686.068
565.005,1008.722,492.020,835.468,246.727,669.698,386.731,685.379
564.846,1008.356,492.441,835.148,246.479,670.184,386.945,685.641
564.766,1008.311,492.244,834.956,246.549,669.842,387.058,685.619
564.734,1008.381,492.040,835.109,246.498,669.613,386.536,685.407
564.912,1008.398,492.243,835.388,246.468,670.002,386.997,685.669
564.742,1008.315,492.012,835.087,246.416,670.177,386.938,685.627
564.958,1008.450,492.165,834.823,246.885,669.898,386.863,685.499
564.874,1008.314,492.249,834.767,246.244,669.797,386.297,685.152
565.038,1008.383,491.952,835.644,246.562,669.909,386.980,685.579
565.023,1008.614,492.036,835.440,246.871,669.948,386.997,685.514
565.074,1008.808,492.333,835.489,246.943,669.889,387.014,685.500
565.100,1008.707,492.403,835.434,247.113,669.871,386.708,685.151
565.113,1008.721,492.702,835.146,246.687,670.009,386.622,685.192
565.002,1008.712,492.978,835.527,246.962,670.050,386.568,685.103
564.899,1008.401,492.602,834.805,246.871,669.798,386.585,685.197
565.063,1008.355,492.160,835.126,247.155,670.135,386.781,685.369
565.053,1008.601,492.405,834.840,246.925,670.001,386.374,684.978
564.852,1008.342,492.592,834.579,246.198,669.949,387.052,685.772
565.015,1008.477,492.437,834.669,246.477,669.940,387.003,685.634
564.773,1008.307,492.391,834.876,246.837,670.112,386.833,685.463
564.967,1008.445,492.346,834.835,246.981,670.001,387.564,685.961
564.825,1008.429,492.637,835.516,246.659,670.249,386.904,685.624
565.278,1008.804,492.927,835.260,246.611,670.315,386.987,685.727
564.909,1008.334,492.357,835.236,246.358,669.959,387.608,686.185
565.036,1008.590,492.189,834.828,247.032,670.271,386.926,685.609
565.030,1008.549,492.259,834.847,247.091,670.259,386.951,685.556
564.766,1008.555,492.199,834.804,246.469,670.280,387.427,685.968
564.817,1008.657,492.094,835.422,246.622,670.169,387.243,685.945
565.137,1008.643,492.099,835.162,246.620,669.891,386.778,685.512
565.158,1008.835,492.060,835.495,246.528,669.700,386.901,685.703
565.240,1008.964,492.597,835.494,246.978,669.899,386.872,685.398
565.394,1008.983,492.402,835.518,246.777,669.893,387.336,685.984
565.125,1008.658,492.299,835.205,246.718,670.139,386.560,685.346
565.232,1008.810,492.354,835.269,246.645,670.004,386.964,685.754
565.142,1008.613,492.306,835.296,246.651,670.163,387.073,685.722
564.885,1008.478,492.156,835.037,247.154,669.783,386.855,685.477
564.993,1008.786,492.214,835.730,246.821,670.316,386.671,685.225
565.059,1008.914,492.262,835.421,246.861,670.056,387.108,685.479
565.119,1008.844,492.557,835.046,246.808,670.167,386.994,685.380
565.361,1008.964,492.417,834.862,246.617,670.277,386.920,685.465
565.208,1008.710,492.020,835.173,246.896,670.142,387.515,685.914
564.973,1008.459,492.117,835.078,246.742,670.181,387.587,685.993
564.761,1008.205,492.405,835.333,246.681,670.228,387.595,686.032
565.185,1009.035,492.259,834.905,246.720,670.224,386.922,685.266
565.297,1008.775,492.213,835.059,246.716,670.201,387.089,685.402
565.360,1008.824,492.323,834.804,246.854,670.166,386.686,685.164
565.254,1008.699,492.381,834.641,246.648,670.263,386.467,685.276
565.125,1008.702,491.759,835.296,246.806,670.571,386.580,685.611
565.046,1008.345,492.247,835.744,247.005,670.229,386.447,685.352
565.232,1008.588,492.346,835.439,246.872,670.309,386.834,685.329
565.035,1008.439,492.686,835.040,247.004,670.271,387.559,685.964
564.888,1008.227,492.804,835.581,246.927,670.276,386.835,685.496
565.038,1008.407,492.224,834.898,246.524,670.011,386.492,685.346
565.108,1008.705,492.256,834.734,246.632,669.974,386.592,685.451
565.175,1008.584,492.243,834.934,246.633,670.045,386.657,685.464
565.129,1008.599,492.214,834.977,246.651,670.129,386.709,685.354
565.045,1008.379,492.321,835.081,246.465,670.304,386.556,685.242
565.246,1008.607,492.210,835.105,246.442,670.292,386.932,685.434
564.949,1008.234,492.194,834.987,246.762,670.355,386.734,685.316
564.914,1008.313,492.482,835.512,246.458,670.520,386.922,685.616
565.070,1008.396,492.386,835.084,246.703,670.018,386.775,685.686
565.046,1008.488,492.500,834.905,246.811,670.442,387.253,685.804
565.149,1008.572,492.244,835.343,246.728,670.342,387.174,685.910
565.383,1008.738,492.514,835.206,246.673,669.990,386.729,685.342
565.389,1008.577,492.385,835.378,246.426,670.215,387.013,685.670
565.233,1008.398,492.395,835.672,246.564,670.369,386.627,685.336
565.227,1008.549,492.390,835.546,246.697,670.062,386.871,685.362
565.091,1008.350,492.531,835.291,246.432,670.090,387.330,685.789
565.021,1008.345,492.673,835.302,246.606,670.058,387.038,685.398
564.942,1008.211,492.352,835.715,246.640,670.259,386.660,685.872
564.956,1008.350,491.990,835.610,246.559,670.042,386.962,685.982
565.085,1008.571,492.275,835.281,246.518,670.002,387.626,686.140
565.342,1008.770,492.284,835.578,246.727,670.071,387.613,686.111
565.345,1008.993,492.461,834.944,246.362,670.037,387.590,686.094
565.058,1008.721,492.400,835.372,246.233,670.343,387.501,685.894
565.241,1009.080,492.406,835.229,246.429,670.121,387.635,685.976
565.402,1009.069,492.243,835.015,246.457,670.370,387.635,686.127
565.451,1009.012,492.472,835.011,246.470,670.289,387.155,685.773
564.952,1008.503,492.557,834.971,246.504,670.091,387.533,685.984
565.134,1008.687,492.632,835.351,246.587,670.265,387.090,685.651
565.114,1008.698,492.497,835.235,246.361,669.944,387.668,685.999
565.305,1008.910,492.459,835.268,246.481,670.052,387.062,685.611
565.096,1008.776,492.387,834.878,246.462,670.129,386.760,685.497
565.094,1008.644,492.712,835.185,246.775,670.053,386.798,685.479
565.204,1008.628,492.455,834.857,246.478,670.110,386.765,685.308
565.124,1008.668,491.921,835.094,246.517,670.384,387.604,686.110
564.782,1008.271,491.978,835.520,246.640,670.205,386.831,685.221
565.013,1008.274,492.432,835.206,246.785,670.529,386.607,685.365
565.019,1008.323,492.486,835.105,246.424,670.571,386.570,685.284
565.116,1008.435,492.239,835.006,246.863,670.188,386.419,685.258
564.902,1008.217,492.228,835.101,246.809,670.092,386.575,685.245
564.822,1008.263,492.472,835.562,246.932,670.292,386.624,685.383
564.728,1008.187,492.365,835.313,247.051,670.279,387.051,685.647
564.944,1008.286,492.523,834.700,246.985,669.880,387.705,685.854
564.818,1008.142,492.660,835.124,246.946,669.984,386.959,685.396
565.234,1008.606,492.450,835.221,246.587,670.188,386.777,685.187
565.103,1008.463,492.362,835.411,246.724,670.162,386.805,685.370
565.112,1008.390,492.592,835.590,247.043,670.246,387.668,686.005
564.994,1008.333,492.311,834.850,246.899,669.877,387.225,685.576
565.160,1008.432,491.772,834.995,246.720,670.249,387.683,686.053
565.185,1008.708,492.148,835.440,246.949,670.376,388.028,686.207
565.011,1008.269,491.929,835.027,246.661,670.456,387.778,685.953
564.926,1008.057,491.819,835.428,246.741,670.348,387.131,685.671
565.085,1008.241,492.206,834.990,246.626,670.426,387.717,685.863
564.884,1008.209,492.291,834.982,246.803,670.230,387.852,686.164
565.007,1008.249,492.110,835.408,246.726,670.346,387.874,686.163
565.067,1008.520,492.179,834.855,246.736,670.233,387.954,686.283
564.957,1008.451,492.571,835.232,246.872,670.183,387.932,686.247
565.098,1008.533,492.437,835.556,246.965,670.422,387.195,685.776
564.777,1008.219,492.384,835.670,246.772,670.709,386.997,685.586
565.120,1008.488,492.049,835.475,246.558,670.400,386.962,685.533
565.071,1008.446,492.051,835.599,246.589,670.224,386.546,685.246
565.379,1008.975,491.854,835.758,246.664,670.435,386.796,685.461
565.374,1008.522,492.541,834.686,246.351,670.002,387.033,685.556
565.289,1008.600,492.124,834.989,246.323,670.056,387.455,685.727
565.435,1008.692,491.943,836.127,246.335,670.299,386.640,685.049
565.301,1008.593,491.488,836.029,246.544,670.382,387.067,685.503
565.272,1008.671,492.030,835.434,246.595,670.295,386.745,685.435
565.286,1008.694,491.762,835.439,246.741,670.157,386.822,685.271
565.243,1008.474,492.209,835.019,246.815,669.813,387.199,685.670
565.104,1008.345,492.222,835.777,246.930,670.159,387.641,686.146
565.301,1008.893,492.148,834.872,246.777,670.086,387.669,686.133
565.203,1008.679,492.098,835.082,246.939,670.177,387.552,685.985
565.151,1008.710,492.234,835.115,247.120,670.045,387.028,685.577
564.954,1008.585,492.379,834.786,246.798,669.978,387.100,685.782
564.881,1008.490,492.200,835.822,246.397,670.239,387.576,686.036
565.315,1008.495,492.206,835.901,246.585,670.394,387.220,685.753
565.152,1008.490,492.201,835.882,246.566,670.465,387.012,685.668
565.237,1008.628,492.322,835.710,246.540,670.322,386.708,685.314
565.073,1008.397,492.062,835.138,246.291,670.237,386.750,685.255
565.059,1008.443,492.475,835.423,247.093,670.114,387.106,685.614
565.004,1008.544,492.303,835.246,246.958,670.178,387.603,685.930
564.942,1008.543,492.535,835.488,246.727,670.345,387.359,685.693
565.246,1008.866,492.391,835.719,246.796,670.389,387.055,685.739
565.313,1008.682,491.952,835.485,246.898,670.172,387.202,685.479
565.196,1008.572,492.108,835.410,246.713,670.267,387.330,685.603
565.151,1008.428,492.034,835.181,246.828,670.301,387.226,685.666
565.035,1008.538,492.229,835.091,246.914,670.507,387.411,685.849
565.050,1008.415,491.992,835.183,246.795,670.187,387.524,685.768
565.258,1008.909,492.244,835.654,247.001,670.043,386.807,685.263
565.066,1008.308,492.025,835.727,246.901,670.053,386.782,685.563
565.140,1008.349,492.221,835.516,246.918,669.798,387.223,685.552
565.081,1008.322,492.099,835.647,246.984,670.113,387.500,685.787
565.266,1008.564,492.363,834.753,246.947,670.136,387.229,685.542
565.111,1008.586,492.425,835.243,246.944,670.117,387.206,685.539
564.649,1008.004,492.932,835.482,246.755,669.998,387.670,685.857
565.019,1008.177,492.583,835.248,246.752,670.151,387.712,686.007
564.902,1008.233,492.248,835.844,247.009,670.261,386.755,685.188
564.777,1008.195,492.189,835.541,246.330,670.439,386.686,685.147
565.327,1008.521,492.099,835.588,246.769,670.156,387.206,685.524
565.311,1008.572,492.146,835.504,246.726,670.277,386.914,685.178
565.226,1008.493,492.712,835.240,246.589,670.315,387.676,685.779
565.190,1008.378,492.319,835.277,246.580,670.010,387.068,685.365
565.306,1008.544,492.634,835.617,246.513,670.081,387.591,685.727
565.243,1008.393,492.432,834.815,246.781,670.147,387.586,685.884
565.180,1008.386,492.187,835.060,246.450,670.164,387.697,685.791
565.486,1008.896,492.295,835.209,246.733,670.122,387.607,685.596
565.408,1008.935,492.131,835.524,246.718,670.117,387.234,685.528
565.001,1008.193,492.037,835.541,246.763,670.175,386.704,685.291
565.253,1008.583,492.570,835.647,246.756,670.087,386.759,685.195
564.857,1008.490,492.048,835.826,246.987,669.802,386.821,685.137
565.298,1008.647,492.037,835.980,246.856,669.759,386.684,685.269
565.306,1009.013,492.067,835.976,246.784,669.794,387.568,685.869
565.344,1009.006,492.353,835.895,246.570,669.732,386.636,685.212
565.450,1008.891,492.326,835.426,246.264,670.040,387.523,685.862
565.259,1008.820,492.300,835.906,246.290,669.819,386.830,685.297
565.113,1008.379,492.366,835.959,246.885,669.800,387.383,685.763
565.133,1008.560,492.585,835.345,246.642,669.925,386.879,685.370
565.296,1008.457,492.596,835.659,246.786,670.069,387.237,685.918
565.238,1008.686,492.402,834.916,246.761,670.150,386.421,685.316
565.292,1009.068,492.463,834.884,246.831,670.149,387.282,685.669
565.390,1008.807,492.320,835.245,246.885,669.979,387.014,685.137
565.289,1008.788,492.188,835.354,247.176,669.908,386.319,685.114
564.941,1008.455,493.001,835.460,246.375,670.091,386.484,685.228
565.016,1008.530,492.670,835.712,246.761,670.090,387.128,685.399
564.998,1008.373,492.574,835.182,246.720,669.993,386.639,685.179
565.189,1008.579,492.830,835.050,246.745,670.010,386.582,685.170
565.478,1008.927,492.559,835.673,246.439,670.091,386.715,685.144
565.294,1008.725,492.486,835.422,246.688,669.938,386.820,685.521
565.270,1008.789,492.537,835.659,246.571,669.964,387.191,685.596
565.411,1008.971,492.504,835.100,246.541,669.983,386.768,685.284
565.340,1008.815,492.413,835.344,246.708,670.141,386.772,685.333
565.530,1008.922,492.266,835.103,247.010,670.186,387.409,685.648
565.394,1008.833,492.028,835.137,246.996,670.143,387.424,685.736
565.027,1008.507,492.286,835.463,246.638,669.990,386.844,685.417
565.221,1008.797,492.155,835.175,246.727,670.036,386.661,685.271
565.320,1008.713,492.244,835.006,246.869,669.957,387.087,685.435
565.257,1008.498,492.596,835.374,246.858,669.965,387.094,685.432
565.394,1008.745,492.295,835.305,246.392,670.236,386.702,685.188
565.140,1008.519,492.248,835.124,246.563,670.155,387.043,685.474
565.201,1008.482,492.489,835.722,246.402,670.211,386.982,685.615
565.390,1008.627,492.352,835.285,246.476,670.012,386.757,685.470
565.208,1008.526,492.572,835.043,246.536,669.913,386.875,685.672
565.209,1008.653,492.279,835.212,246.441,669.932,386.914,685.670
565.290,1008.773,491.831,835.495,246.458,669.921,386.988,685.652
564.978,1008.190,492.450,835.256,246.248,669.877,387.125,685.468
565.161,1008.962,492.137,835.450,246.617,669.707,387.154,685.567
564.898,1008.367,492.147,835.521,246.820,670.335,386.994,685.520
565.373,1008.955,492.208,835.458,246.622,670.318,387.074,685.598
564.946,1008.308,492.259,835.574,246.395,669.992,387.073,685.447
565.179,1008.707,492.168,835.316,246.705,669.751,386.949,685.338
565.208,1008.549,491.913,835.311,246.641,669.856,386.526,685.170
565.285,1008.683,492.116,835.777,246.671,670.105,386.632,685.521
565.294,1008.695,492.034,835.710,246.429,670.247,386.711,685.587
565.244,1008.517,492.430,835.790,246.553,670.444,386.939,685.432
565.431,1008.909,492.331,835.429,246.377,670.419,387.100,685.474
565.331,1008.717,492.361,835.358,246.505,670.082,386.973,685.479
565.259,1008.540,492.585,835.696,246.227,670.079,386.968,685.472
565.258,1008.693,492.216,835.121,246.384,670.242,386.690,685.111
565.301,1008.688,492.566,835.355,246.235,670.226,386.718,685.147
565.217,1008.663,492.670,835.272,246.589,670.203,386.545,685.027
565.167,1008.591,492.674,835.111,246.748,670.003,386.603,685.006
565.240,1008.846,492.680,835.015,246.405,669.962,386.994,685.585
565.233,1008.736,492.279,834.796,246.408,670.128,387.122,685.605
564.819,1008.265,492.344,835.862,246.651,669.982,386.744,685.405
565.310,1008.953,492.541,834.994,246.660,670.108,386.605,685.197
565.235,1008.809,492.865,835.482,246.612,669.984,386.924,685.341
565.189,1008.689,492.587,835.174,246.734,669.915,386.874,684.813
565.191,1008.840,492.631,835.166,246.596,669.988,386.927,684.947
565.365,1008.963,492.261,835.397,246.713,669.993,387.375,685.533
565.393,1008.827,492.424,835.296,246.890,669.803,387.210,685.430
565.275,1008.734,492.259,835.377,246.655,669.791,386.860,685.240
565.082,1008.571,492.059,835.561,246.700,669.753,386.891,685.240
565.140,1008.601,492.629,835.201,246.724,669.777,387.342,685.317
565.262,1008.838,491.998,835.513,246.741,669.768,387.257,685.454
565.225,1008.606,492.085,835.479,246.824,670.189,386.987,685.379
565.236,1008.360,492.336,835.425,246.825,669.868,387.629,685.724
565.372,1008.918,492.192,835.606,246.829,670.087,387.034,685.409
565.345,1009.029,492.482,835.394,246.595,670.169,387.062,685.684
565.170,1008.955,492.115,835.223,246.418,669.966,387.256,685.583
565.383,1008.897,492.223,835.016,246.768,669.989,388.136,686.051
565.508,1009.074,492.524,834.941,246.404,670.007,388.265,686.101
565.229,1008.799,492.034,835.076,246.801,670.007,387.568,685.395
565.353,1009.094,492.176,835.368,246.908,670.052,387.455,685.298
565.467,1008.972,492.450,835.225,246.538,669.974,387.696,686.170
565.436,1008.979,492.649,835.205,246.593,669.997,387.677,685.722
565.394,1008.860,492.238,834.863,246.528,670.020,387.409,685.561
565.553,1009.209,492.262,834.915,246.541,669.915,387.435,685.524
565.048,1008.688,492.422,834.999,246.624,670.143,388.103,686.458
565.444,1008.920,492.294,835.007,246.533,669.939,387.565,686.036
565.419,1008.825,492.209,835.074,246.447,670.114,388.060,686.564
565.472,1008.937,492.776,835.319,246.747,669.714,387.740,685.949
565.565,1009.113,492.383,834.961,246.593,669.792,387.409,685.908
564.978,1008.318,492.340,835.048,246.716,670.367,387.579,685.759
565.205,1008.525,492.458,835.377,246.682,670.262,387.612,685.666
565.168,1008.223,492.634,834.690,246.825,670.068,388.306,686.108
565.531,1008.958,492.593,834.720,246.687,669.881,388.179,686.025
565.077,1008.477,492.420,834.805,246.977,669.840,388.478,686.373
565.059,1008.417,492.708,835.111,246.776,669.938,388.354,686.273
565.408,1009.028,492.224,835.260,246.908,669.710,387.792,685.853
565.515,1009.117,492.375,835.049,246.799,669.841,387.815,685.952
565.230,1008.577,492.239,835.548,246.313,669.824,388.227,686.106
565.378,1008.757,492.284,835.379,246.489,669.799,387.843,685.857
565.466,1008.924,492.330,835.544,246.724,669.909,387.833,685.580
565.317,1008.547,492.117,835.215,246.453,670.477,387.902,685.838
564.810,1008.505,492.520,834.941,246.603,670.203,388.390,685.874
565.211,1008.599,491.968,835.239,246.609,670.384,388.233,686.150
565.148,1008.600,492.436,834.931,246.586,670.338,388.340,686.085
565.312,1008.727,492.371,834.937,246.845,670.203,387.884,685.748
565.321,1008.733,492.203,834.932,246.921,670.286,388.336,686.002
565.426,1008.801,492.271,835.797,246.427,670.034,388.475,686.250
565.459,1008.756,492.432,835.350,246.702,670.077,388.449,686.580
565.371,1008.724,491.944,835.322,246.739,670.052,388.221,686.014
565.328,1008.697,491.942,836.003,246.659,670.133,388.298,686.058
565.310,1008.581,492.143,834.887,246.865,670.299,387.132,685.264
565.367,1008.570,492.247,835.099,246.968,670.052,387.634,685.652
565.007,1008.283,492.304,835.131,246.826,669.702,387.234,685.349
564.922,1008.040,491.995,835.535,247.053,669.781,387.864,685.676
564.801,1008.255,492.153,835.091,246.951,669.983,387.758,685.873
565.425,1008.915,492.597,835.467,246.687,669.967,387.885,685.848
565.856,1009.490,492.368,835.180,246.915,670.104,387.906,685.676
566.059,1009.926,492.599,835.491,246.775,669.393,387.876,685.697
565.795,1009.866,492.480,834.984,246.428,669.852,387.888,685.862
566.062,1009.783,492.648,835.784,246.615,670.314,387.386,685.608
566.202,1009.942,492.750,835.702,246.818,669.857,387.344,685.574
565.999,1010.026,492.760,835.429,246.608,670.090,387.683,685.585
565.964,1009.688,492.673,835.195,246.357,670.094,387.303,685.387
565.806,1009.559,492.328,835.364,246.746,670.101,387.150,685.480
565.944,1009.784,492.176,835.174,246.913,669.766,387.108,685.411
565.881,1009.329,492.360,834.992,246.980,669.873,387.367,685.414
565.906,1009.260,492.267,835.000,246.818,669.932,388.207,686.144
566.052,1009.624,492.869,835.372,246.330,670.545,388.153,685.926
565.768,1009.558,492.807,834.783,246.419,670.457,387.685,685.838
565.810,1009.532,492.480,835.522,246.571,670.425,387.715,685.903
565.908,1009.665,492.625,835.451,246.589,670.562,387.884,685.880
565.916,1009.565,492.552,835.397,246.403,670.326,388.320,686.139
566.281,1010.018,492.672,835.367,246.346,669.952,387.772,685.794
566.096,1009.895,492.594,835.542,246.314,669.956,388.182,685.972
565.952,1009.828,492.666,835.537,246.287,670.164,387.541,685.633
566.076,1009.692,492.692,835.590,246.296,670.092,387.626,685.689
566.275,1010.137,492.479,835.274,246.393,670.499,387.484,685.690
566.339,1010.005,492.498,835.222,246.397,670.392,387.653,685.692
565.975,1009.587,492.691,835.417,246.587,670.109,387.754,685.873
565.943,1009.245,492.171,835.101,246.607,670.172,387.350,685.468
565.807,1009.066,492.452,835.645,246.647,670.138,387.397,685.426
565.765,1009.280,492.577,834.966,246.507,670.010,387.653,685.787
565.696,1009.022,492.712,835.273,246.401,670.187,387.119,685.277
565.802,1009.538,492.782,835.577,246.587,670.288,387.252,685.248
565.768,1009.468,492.837,835.160,246.366,669.974,387.255,685.385
566.022,1009.437,492.599,835.303,246.554,669.897,388.181,685.978
565.823,1009.323,492.773,835.211,246.956,670.052,388.281,686.099
565.720,1009.405,492.694,835.265,246.510,670.048,388.238,686.079
565.679,1008.881,492.813,835.103,246.492,669.737,388.291,686.122
565.374,1008.757,492.730,835.333,246.546,670.288,387.711,685.707
565.401,1008.627,492.830,835.667,246.661,670.211,387.771,685.871
565.661,1009.474,492.250,835.357,246.608,670.193,387.375,685.433
565.793,1009.377,492.779,835.711,246.653,670.223,386.945,685.174
565.821,1009.464,492.410,835.088,247.122,669.896,387.806,685.887
565.878,1009.502,492.190,835.341,246.653,670.231,387.258,685.407
566.002,1009.346,492.349,834.992,246.709,670.236,387.445,685.503
565.760,1009.426,492.155,835.461,246.764,669.936,387.614,685.686
565.647,1009.369,492.513,835.265,246.817,670.134,386.983,685.249
565.556,1008.829,492.141,835.639,246.402,670.064,387.402,685.265
565.907,1009.387,492.170,835.582,246.310,669.838,388.164,686.094
565.908,1009.345,492.406,835.542,246.540,670.341,387.438,685.418
565.862,1009.269,492.177,835.247,246.470,670.513,387.415,685.396
565.887,1009.319,492.529,834.902,246.764,670.024,387.852,685.873
565.928,1009.428,492.734,835.158,246.303,670.643,387.894,685.902
565.452,1008.572,492.265,836.092,246.294,669.995,388.034,685.981
565.834,1009.162,492.283,835.642,246.351,670.127,387.943,685.967
565.240,1008.422,492.288,835.306,246.441,670.078,388.306,685.962
565.547,1008.884,491.996,835.564,246.349,669.976,387.199,685.474
565.900,1009.021,492.213,835.372,246.341,669.868,388.076,686.022
565.709,1008.871,492.278,835.239,246.501,669.929,387.436,685.299
565.345,1008.695,492.437,834.777,246.364,670.029,387.909,685.726
565.651,1008.896,492.411,835.188,246.594,670.188,387.731,685.684
565.427,1008.736,492.328,835.282,246.933,670.137,387.670,685.625
565.462,1008.741,492.391,835.270,246.451,669.937,387.204,685.294
565.518,1008.804,492.438,835.079,246.394,669.959,387.356,685.342
565.509,1008.968,492.119,834.931,246.455,669.990,387.311,685.277
565.488,1008.721,492.130,834.743,246.507,669.931,387.225,685.268
565.936,1009.416,492.508,835.138,246.280,669.976,387.316,685.306
565.623,1008.859,492.341,835.108,246.266,670.072,387.232,685.248
565.783,1009.199,492.377,835.397,246.724,669.676,388.489,686.253
566.045,1009.317,492.277,835.944,246.516,669.963,387.665,685.545
565.978,1009.386,492.086,835.144,246.472,669.801,387.605,685.484
565.722,1009.499,492.245,835.115,246.943,669.908,388.109,685.867
565.682,1009.331,492.494,834.942,246.632,669.932,387.897,685.881
566.020,1009.598,492.441,834.964,247.109,670.010,387.532,685.563
565.749,1009.192,492.342,835.090,247.054,669.907,388.169,686.010
565.890,1009.407,491.873,835.486,246.635,670.124,388.429,685.985
565.905,1009.409,492.348,835.444,246.431,670.004,388.242,685.936
565.573,1008.866,492.249,835.175,246.303,670.063,388.133,686.006
565.666,1008.999,492.353,835.541,246.467,670.314,388.164,686.003
565.661,1009.210,492.430,835.514,246.759,669.927,388.246,686.031
565.764,1009.155,492.353,835.594,246.781,669.579,388.450,686.161
565.991,1009.601,491.907,835.488,246.582,669.520,388.294,686.071
565.718,1009.211,492.196,836.038,246.671,669.772,387.619,685.626
565.655,1009.254,492.034,835.657,246.743,669.953,388.279,685.998
565.926,1009.500,492.284,835.180,246.957,670.201,387.665,685.515
565.716,1009.272,492.404,835.357,246.769,670.237,387.742,685.580
565.788,1009.280,492.440,836.063,246.944,670.069,388.201,686.060
565.887,1009.152,492.884,835.752,246.845,670.078,388.145,685.978
565.902,1009.085,492.420,836.142,246.949,670.134,387.632,685.574
565.992,1009.292,492.549,836.054,246.925,669.966,387.579,685.431
565.520,1008.797,492.350,835.452,246.919,669.947,387.105,685.223
565.520,1008.783,492.314,835.925,246.938,669.933,387.472,685.532
565.861,1009.453,492.399,835.478,246.688,670.143,387.136,685.135
565.619,1009.105,492.034,835.763,247.342,669.758,387.146,685.013
565.715,1009.402,492.110,835.487,246.542,670.014,387.198,685.219
565.762,1009.348,492.156,835.321,246.855,670.088,387.148,685.274
565.672,1009.405,491.981,835.928,246.903,670.145,387.056,685.284
565.489,1009.191,492.151,836.185,246.764,670.030,387.902,685.629
565.690,1009.354,492.181,835.637,246.727,670.117,387.283,685.341
565.576,1009.295,492.049,835.709,246.468,670.340,388.117,685.680
565.527,1009.304,492.351,835.416,246.462,669.921,388.127,685.798
565.969,1009.804,491.941,835.828,246.852,669.902,387.955,686.131
565.891,1009.672,491.779,835.596,246.708,670.163,388.380,686.105
565.737,1009.189,492.723,835.401,246.790,669.761,387.733,685.615
565.818,1009.182,491.913,835.396,246.762,669.988,388.247,685.898
565.461,1008.964,492.646,835.840,246.639,670.274,388.082,685.737
565.594,1008.966,492.471,834.938,246.754,669.924,387.385,685.225
565.698,1008.879,492.132,835.296,246.872,670.078,388.178,685.739
565.870,1009.279,491.957,835.440,246.488,669.944,388.226,685.883
565.973,1009.441,491.844,835.271,246.446,670.086,388.217,685.912
565.454,1008.982,492.351,834.905,246.774,670.231,388.261,685.874
565.852,1009.416,492.226,835.121,246.872,670.051,388.194,685.883
565.879,1009.313,492.474,835.101,246.666,670.238,387.739,685.577
565.824,1009.263,492.373,835.982,246.643,670.287,387.513,685.462
565.528,1008.782,492.555,835.276,246.647,670.151,388.299,685.953
565.681,1008.903,492.728,835.536,246.800,669.899,387.862,685.663
565.448,1008.724,492.434,835.332,246.329,670.288,388.125,685.905
565.432,1008.706,492.276,835.550,246.502,670.361,387.525,685.509
565.591,1009.272,492.563,835.595,246.330,670.106,387.731,685.636
565.533,1008.857,492.639,835.740,246.450,669.896,387.395,685.452
565.893,1009.565,492.452,835.517,246.868,669.873,387.904,685.539
565.797,1009.322,492.646,835.267,246.682,670.416,387.812,685.577
565.752,1009.249,492.634,835.101,246.678,670.249,387.835,685.466
565.724,1009.168,492.229,835.431,246.669,669.772,387.824,685.607
565.746,1008.859,492.332,835.287,246.763,670.100,387.832,685.460
565.657,1009.012,492.673,835.208,246.764,670.100,387.342,685.334
565.749,1009.049,492.573,835.228,246.431,670.062,387.869,685.644
565.759,1009.254,492.286,835.222,246.541,670.149,387.454,685.251
565.802,1009.278,492.130,835.648,246.474,670.284,387.610,685.389
565.752,1009.328,491.995,836.144,246.357,670.097,387.654,685.194
565.951,1009.497,492.086,835.634,246.386,670.353,387.907,685.553
565.645,1008.945,492.220,835.479,246.412,670.109,387.801,685.410
565.648,1009.101,492.262,835.227,246.507,670.288,388.376,685.604
565.956,1009.308,492.219,835.188,247.294,669.679,388.339,685.578
565.868,1009.148,492.273,835.855,246.818,669.735,387.343,685.401
565.863,1009.300,492.061,835.779,246.872,669.801,387.800,685.690
565.744,1009.011,492.249,835.771,247.116,669.893,388.188,685.808
565.936,1009.170,492.364,835.601,246.653,670.005,388.132,685.798
565.848,1009.017,492.293,835.525,246.590,670.006,388.495,685.566
565.774,1009.090,492.257,835.556,246.515,669.911,388.764,685.758
565.907,1009.182,492.473,835.478,246.519,669.729,389.147,685.785
565.867,1009.478,492.139,835.782,246.448,669.674,389.297,685.617
566.049,1009.300,492.247,835.537,246.569,669.941,389.325,685.547
565.955,1009.454,491.996,835.619,246.997,669.682,388.617,685.176
565.678,1008.867,492.296,835.424,246.845,670.146,388.521,685.003
565.816,1009.180,492.573,835.687,246.989,670.049,388.133,684.887
565.570,1008.773,492.676,835.019,246.545,670.123,388.075,684.955
565.763,1009.142,492.658,835.383,246.577,670.375,388.591,685.133
565.845,1008.869,492.603,835.227,246.692,670.246,388.540,685.043
565.767,1009.120,492.707,835.605,246.447,670.200,388.861,685.265
565.639,1008.798,492.270,835.072,246.478,670.238,388.640,685.132
565.672,1008.862,492.254,835.077,246.651,669.924,389.698,685.610
565.670,1008.972,492.274,835.501,246.601,669.901,389.779,685.651
565.959,1009.315,492.513,835.292,246.922,669.774,389.327,685.566
565.298,1008.608,492.810,835.549,247.076,670.027,389.143,685.548
565.746,1009.310,492.197,835.643,246.804,669.917,389.076,685.381
565.249,1008.820,492.353,835.546,246.898,669.611,389.076,685.489
565.874,1009.469,492.770,835.276,246.534,669.723,388.784,685.105
565.848,1009.329,492.434,835.136,246.828,669.921,389.446,685.616
565.650,1009.191,492.344,835.013,246.525,670.092,388.521,685.226
565.851,1009.286,492.495,835.275,246.364,670.115,388.239,684.920
565.707,1009.103,492.590,835.199,246.421,670.206,388.637,685.366
565.926,1009.299,492.600,834.909,246.514,670.099,389.374,685.711
565.705,1009.123,492.582,834.955,246.331,670.191,389.575,685.793
565.937,1009.387,492.447,835.446,246.560,670.215,389.003,685.881
566.034,1009.579,492.510,835.340,246.522,670.219,389.241,686.334
565.957,1009.453,492.590,834.866,246.707,670.119,389.419,686.816
565.875,1009.351,492.669,835.265,246.510,670.364,389.555,686.986
565.729,1009.293,492.618,835.435,246.526,669.790,389.928,687.300
565.776,1009.232,492.640,835.584,246.689,670.072,389.618,687.414
565.917,1009.264,492.613,835.094,246.697,670.344,389.039,687.013
565.968,1009.335,492.141,835.622,246.617,669.995,389.023,687.045
566.109,1009.373,492.374,835.449,246.622,669.762,388.721,686.632
565.716,1009.018,492.258,835.270,246.745,669.648,388.793,686.547
565.612,1008.717,491.879,835.539,246.988,669.596,389.842,687.037
565.755,1008.950,492.602,835.207,246.546,669.757,388.834,686.219
565.810,1008.943,492.285,835.355,246.603,670.056,389.332,686.619
565.779,1008.895,492.661,835.875,246.602,669.936,389.599,686.756
565.813,1009.097,492.373,835.677,246.479,670.040,389.864,686.530
565.942,1009.280,492.420,835.146,246.720,670.259,389.945,686.609
565.848,1009.238,492.193,835.246,246.525,670.009,390.445,687.494
565.782,1009.289,492.300,835.529,246.412,670.280,389.897,686.914
565.933,1009.222,492.263,835.172,246.503,670.211,389.451,686.202
565.918,1009.197,492.578,835.574,246.309,670.214,388.815,685.488
565.972,1009.402,492.302,835.373,246.331,670.152,389.373,685.781
565.843,1009.174,492.329,835.421,246.924,670.203,388.585,685.492
565.753,1008.859,491.555,835.923,246.405,669.821,389.301,686.055
565.667,1009.109,492.368,835.480,246.347,669.932,389.314,686.081
565.737,1009.193,492.488,835.390,246.342,669.715,389.889,686.076
565.561,1009.034,492.300,835.476,246.766,669.674,389.574,686.055
565.293,1008.748,492.480,834.979,246.791,669.790,389.421,686.159
565.484,1008.953,492.411,835.507,246.595,669.886,389.105,685.921
565.690,1009.222,492.179,835.547,246.695,669.999,388.538,685.580
565.632,1009.124,492.248,835.468,246.628,670.246,389.400,686.100
565.503,1009.128,492.593,835.432,246.661,669.890,388.787,685.335
565.321,1008.723,492.224,836.132,246.589,670.043,388.917,685.518
565.539,1009.093,492.416,835.709,246.597,669.831,389.667,685.847
565.462,1009.033,492.336,835.133,246.679,669.784,389.658,685.857
565.506,1009.054,492.136,835.350,246.966,670.090,390.056,685.510
565.732,1009.098,492.284,835.945,246.746,670.062,389.922,685.226
565.646,1008.942,492.779,835.510,246.990,670.116,389.912,685.268
565.811,1008.963,492.484,835.778,246.852,670.136,389.473,684.904
565.926,1009.422,492.524,835.696,246.755,670.127,389.961,685.436
565.823,1009.336,492.587,835.266,246.971,670.195,389.318,684.952
565.712,1009.175,492.295,835.747,246.402,670.223,389.967,685.051
565.624,1009.093,492.994,835.270,246.785,669.983,390.269,684.906
565.796,1009.421,493.064,835.221,246.538,670.048,389.925,685.322
565.997,1009.703,492.721,835.583,246.661,669.628,389.424,685.720
565.912,1009.528,492.888,835.472,246.754,670.007,389.359,685.339
565.665,1009.110,492.598,835.304,246.592,669.647,389.489,684.641
565.764,1009.138,492.634,835.401,246.797,669.765,389.641,684.637
565.411,1008.660,492.177,835.599,246.910,669.762,389.768,684.572
565.536,1008.988,492.605,835.257,246.815,669.878,389.572,684.688
565.529,1009.076,492.371,835.719,246.960,669.732,389.417,684.657
565.510,1008.929,492.679,835.316,247.049,669.995,389.169,684.262
565.361,1008.709,492.693,835.271,246.893,670.063,389.230,684.347
565.624,1008.900,492.443,835.418,246.615,669.990,389.271,684.189
565.735,1008.947,492.606,835.202,246.725,669.812,389.962,684.617
565.610,1008.907,492.618,835.331,246.560,669.663,390.116,684.359
565.780,1009.091,492.662,835.540,246.751,669.639,390.406,684.469
565.661,1009.032,492.470,835.643,246.651,669.744,390.445,684.600
565.755,1009.185,492.566,836.085,246.668,669.948,390.575,684.381
566.008,1009.136,492.774,835.628,247.022,670.097,391.201,684.259
565.799,1009.307,492.184,835.656,246.934,669.832,390.987,683.841
565.744,1008.901,493.015,835.688,246.447,670.074,390.907,684.180
565.556,1009.159,493.028,835.299,246.765,669.652,390.428,684.150
565.614,1009.083,493.103,835.201,246.854,669.906,390.370,684.158
565.766,1008.986,492.813,835.799,246.638,669.608,389.695,683.776
565.677,1009.007,492.736,835.138,246.804,669.698,390.349,684.064
565.401,1008.726,492.793,835.845,246.733,670.178,390.376,684.014
565.479,1008.892,493.031,835.179,246.892,670.063,390.566,684.174
565.697,1009.079,492.545,835.148,246.759,670.196,391.111,684.486
565.820,1009.194,492.592,835.616,246.793,670.192,391.156,684.467
565.676,1009.023,492.679,835.555,246.870,669.877,391.315,684.506
565.754,1009.052,492.735,835.435,247.064,669.661,391.414,684.486
565.613,1008.810,492.742,835.175,246.820,669.675,391.437,684.201
565.572,1008.851,492.955,835.895,246.636,669.880,391.575,684.099
565.556,1008.778,492.562,835.600,246.654,669.931,391.843,684.392
565.801,1009.101,492.421,835.190,246.708,670.116,392.631,684.840
565.684,1009.215,492.777,834.862,246.499,669.869,394.084,685.795
565.707,1009.256,492.825,835.813,246.404,669.830,395.445,686.675
565.840,1009.381,493.070,835.616,246.145,670.010,395.602,686.737
565.650,1008.944,492.765,835.336,246.353,669.838,395.604,686.445
565.689,1009.091,492.884,835.322,246.233,669.977,396.156,686.410
565.654,1008.897,492.920,835.272,246.718,670.070,396.881,687.117
565.671,1009.151,492.890,835.391,246.780,669.664,398.756,687.965
565.741,1008.849,493.006,835.390,246.686,670.047,397.937,687.184
565.770,1009.084,492.725,835.467,246.726,669.993,398.377,687.168
565.422,1008.869,492.914,835.596,246.760,669.691,399.076,686.930
565.489,1008.849,492.867,835.543,246.631,669.847,399.010,686.295
565.293,1008.850,492.688,835.570,246.432,669.730,400.484,687.433
565.961,1009.356,492.926,835.992,246.858,669.692,400.589,687.247
565.797,1009.269,492.859,835.571,246.499,669.687,400.812,687.312
565.683,1009.113,492.662,835.625,246.225,669.535,401.148,687.380
565.705,1009.016,492.918,835.455,246.292,669.673,399.828,686.560
565.711,1009.293,492.876,835.522,246.608,669.785,401.922,687.760
565.867,1009.395,492.692,835.565,246.531,669.676,403.381,688.408
565.872,1009.326,492.900,836.008,246.321,670.143,404.099,688.905
565.988,1009.395,492.816,836.003,246.426,670.059,403.811,688.318
565.554,1008.891,492.819,835.618,246.870,670.092,403.747,688.892
565.724,1009.199,492.959,835.830,246.798,670.068,403.473,688.595
565.354,1008.661,492.735,835.264,246.652,670.165,403.623,688.588
565.640,1009.101,493.083,835.143,246.886,669.922,404.375,689.013
565.581,1009.181,493.048,835.411,246.609,670.152,404.696,689.129
565.307,1008.921,492.873,835.497,246.781,670.092,405.775,689.682
565.250,1008.919,492.821,835.558,246.652,669.768,405.772,689.011
565.429,1008.895,492.537,835.688,246.697,670.142,406.813,688.844
565.282,1008.781,492.751,835.901,246.737,670.057,408.101,689.514
565.777,1009.214,492.756,835.608,246.576,670.177,408.574,689.800
565.687,1009.183,492.817,835.623,246.424,670.134,408.888,690.256
565.454,1008.958,493.014,835.480,246.499,669.970,409.332,690.796
565.415,1009.042,493.011,835.104,246.387,670.048,409.414,690.687
565.581,1008.887,492.508,835.766,246.592,669.929,409.330,690.712
565.769,1009.260,493.042,835.514,246.546,669.970,409.185,690.476
566.076,1009.515,492.863,835.747,246.592,669.924,409.277,690.394
565.650,1009.129,493.009,835.546,246.416,670.087,409.754,690.212
565.789,1009.277,493.154,836.085,246.336,669.989,410.348,690.264
565.853,1009.253,492.800,835.776,246.514,670.096,410.918,690.360
565.750,1009.215,492.935,836.171,246.625,669.957,411.115,689.490
565.826,1009.168,492.771,836.369,246.707,669.591,411.119,688.393
565.798,1009.112,492.688,835.844,246.524,669.851,411.304,688.159
565.889,1009.291,492.652,836.164,246.565,669.792,411.908,687.451
565.999,1009.567,492.874,836.357,246.547,670.031,412.563,687.274
565.876,1009.331,493.167,836.126,246.652,670.022,412.208,687.133
565.629,1009.274,493.165,836.076,246.547,669.600,411.849,686.802
565.787,1009.309,493.006,836.313,246.980,669.743,411.233,686.276
565.830,1009.332,492.846,835.840,246.719,669.820,411.189,686.171
565.548,1008.809,492.708,835.866,246.339,669.907,410.929,686.157
565.819,1008.935,492.784,836.124,246.379,669.836,410.719,685.918
565.646,1008.756,492.721,835.651,246.434,669.865,410.273,685.775
565.653,1009.175,492.838,835.709,246.639,669.859,410.657,686.193
565.615,1009.009,493.137,835.937,246.605,669.787,411.210,687.107
565.886,1009.023,492.677,835.829,246.325,669.999,412.184,688.374
565.742,1009.059,492.684,835.768,246.170,670.043,412.632,689.250
565.752,1009.075,492.290,836.048,246.377,670.156,413.168,689.452
565.916,1009.278,492.620,835.747,246.517,670.211,413.618,689.413
565.555,1008.990,492.713,835.687,246.583,669.990,413.624,690.086
565.696,1009.138,492.713,835.716,246.514,669.931,413.712,690.397
565.894,1009.408,492.471,836.012,246.899,669.895,414.910,691.362
565.761,1009.140,492.421,836.006,246.831,669.812,415.093,691.294
565.917,1009.457,492.690,835.515,246.553,669.993,415.156,691.590
565.854,1009.420,492.903,835.527,246.948,670.123,415.208,691.458
565.720,1009.287,492.995,836.093,246.314,670.238,414.864,691.562
565.694,1009.169,492.774,835.784,246.310,670.256,415.223,692.001
565.922,1009.278,492.965,836.125,246.292,670.229,415.912,692.104
565.779,1009.168,492.409,836.048,246.450,670.206,416.257,692.429
565.787,1009.240,492.818,835.815,246.387,670.234,416.809,693.448
565.520,1008.900,492.786,835.944,246.431,670.225,417.110,694.777
565.603,1008.899,492.751,836.051,246.411,670.273,416.793,694.908
565.650,1009.137,492.750,836.045,246.502,670.218,415.852,693.645
565.507,1008.869,492.847,835.853,246.648,670.048,415.488,693.597
565.731,1009.082,492.638,836.135,246.746,670.011,416.111,694.376
565.840,1009.351,492.626,836.111,246.551,670.217,416.254,694.393
565.841,1008.930,492.642,836.223,246.853,669.859,416.114,694.182
565.714,1009.077,492.656,835.767,246.736,670.033,415.489,693.646
565.854,1009.041,492.726,835.798,246.449,670.201,416.292,694.677
565.856,1009.172,492.843,835.738,246.408,669.914,417.854,696.835
565.729,1009.075,492.677,835.478,246.518,670.108,418.421,696.947
565.596,1009.114,492.535,835.964,246.274,669.893,419.125,697.867
565.533,1008.864,493.619,835.552,246.333,669.916,419.853,698.384
565.801,1009.041,495.073,837.236,246.527,669.731,419.736,698.611
565.830,1009.356,496.142,837.539,246.638,669.846,419.010,697.924
565.756,1009.310,495.806,838.126,246.602,670.180,418.908,698.193
565.829,1009.372,495.969,838.003,246.802,669.769,418.841,697.862
565.775,1009.122,496.294,838.369,246.413,669.812,419.165,698.089
565.629,1008.867,496.462,839.596,246.433,669.731,419.264,697.915
565.811,1008.825,495.554,840.719,246.543,670.220,419.007,697.764
565.879,1009.045,494.755,841.217,246.571,670.210,419.190,697.670
565.728,1008.779,493.639,841.484,247.007,670.459,419.281,697.779
565.938,1009.378,492.751,842.083,246.359,669.924,419.455,697.932
565.860,1009.180,492.970,842.816,246.470,670.082,419.241,698.076
565.779,1009.045,492.661,843.191,246.285,669.782,419.142,697.834
565.805,1009.282,492.729,844.132,246.789,670.007,419.389,697.308
565.511,1008.545,492.386,845.135,246.622,670.250,419.364,696.948
565.623,1008.778,492.415,847.093,246.768,670.148,419.403,697.141
565.530,1008.721,494.002,848.412,246.256,669.884,419.198,697.169
565.542,1008.752,494.635,848.564,246.129,670.287,419.328,697.373
565.715,1009.100,496.861,847.558,246.268,670.186,419.201,697.032
565.497,1009.009,497.105,847.841,246.308,670.344,419.226,697.183
565.623,1008.954,496.268,848.250,246.638,670.356,419.116,696.976
565.539,1008.848,496.054,848.249,246.546,670.027,418.922,696.892
565.693,1009.063,495.383,847.759,246.265,670.428,419.480,697.243
565.745,1008.948,493.753,848.046,246.468,670.362,419.637,697.401
565.680,1008.961,491.290,848.718,246.389,670.324,419.200,696.940
565.861,1009.178,489.805,850.060,246.769,670.343,419.589,697.834
565.693,1008.974,489.502,850.365,246.726,670.425,419.519,697.671
565.521,1008.740,489.731,850.628,246.645,670.181,419.695,697.512
565.357,1008.628,489.669,850.712,246.697,670.345,419.654,697.736
565.406,1008.657,490.170,850.160,246.811,670.323,419.649,697.668
565.274,1008.790,490.026,850.013,246.686,670.010,419.557,697.782
565.440,1008.806,489.632,850.369,246.287,670.162,419.589,697.452
565.718,1009.034,490.048,850.505,246.311,670.294,419.653,697.464
565.920,1009.211,490.566,851.396,246.301,669.834,419.287,697.328
565.425,1008.709,490.584,852.034,246.327,669.747,419.898,697.536
565.904,1009.340,489.967,853.348,246.448,669.947,419.736,697.880
565.609,1008.896,488.702,853.947,246.833,670.000,419.856,697.856
565.813,1009.339,487.426,854.938,246.432,670.151,419.496,697.718
565.745,1009.172,485.923,856.782,246.408,670.119,419.122,697.218
565.796,1009.196,486.253,857.265,246.413,670.100,419.363,697.527
565.717,1008.907,486.608,857.228,246.521,669.996,419.659,697.483
565.841,1009.324,487.037,856.923,246.638,669.968,419.497,697.456
565.764,1009.209,487.215,856.316,246.604,670.052,419.031,697.239
565.685,1008.963,486.915,855.541,246.583,669.948,419.029,697.339
565.681,1008.881,487.073,855.923,246.630,669.862,419.279,696.820
565.520,1008.624,487.784,858.784,246.329,669.991,419.114,697.017
565.766,1009.167,489.538,860.749,246.877,669.846,419.256,697.367
565.868,1009.317,491.203,863.409,246.562,669.774,419.216,697.233
565.607,1009.144,491.598,864.937,246.962,670.151,419.341,697.424
565.408,1008.900,491.273,866.696,246.525,670.129,419.412,697.690
565.484,1009.079,490.358,868.182,246.757,670.005,419.039,697.323
565.970,1009.310,489.438,870.283,246.944,669.982,418.890,696.871
565.749,1009.095,487.814,871.600,247.113,669.971,419.193,696.901
565.781,1009.325,487.278,872.682,246.548,669.967,419.548,697.142
565.829,1009.016,487.658,873.652,246.623,670.006,419.655,697.375
565.411,1008.936,488.066,873.011,246.289,670.250,419.013,697.275
565.506,1008.829,487.592,871.844,246.535,670.240,419.088,697.182
565.715,1009.009,487.214,870.725,246.378,669.702,419.263,697.125
565.779,1009.208,487.460,870.362,246.252,669.773,419.613,697.425
565.638,1009.059,487.626,870.218,246.322,669.854,419.348,697.098
565.697,1009.215,488.501,870.610,246.376,669.777,419.604,697.478
565.659,1009.141,488.639,870.544,246.821,669.851,419.547,697.339
565.463,1008.696,490.685,872.306,246.718,669.841,419.237,697.068
565.584,1009.115,490.527,872.852,246.731,669.750,419.504,697.226
565.399,1008.550,492.306,876.645,246.522,669.722,419.384,697.293
565.228,1008.345,493.467,877.797,246.456,669.791,419.300,697.316
565.720,1009.174,495.351,877.700,246.350,669.788,419.776,697.363
565.759,1009.108,495.514,877.496,246.122,669.739,419.599,697.213
565.591,1009.072,494.849,876.933,246.338,669.667,419.567,697.288
565.679,1009.011,493.361,875.081,246.389,669.661,419.414,697.163
565.399,1008.418,492.028,874.534,246.470,669.698,419.238,697.130
565.624,1008.706,491.489,874.110,246.573,669.665,419.194,697.226
565.706,1009.123,490.559,874.275,247.001,669.829,419.664,697.447
565.405,1008.553,491.042,875.412,246.856,669.666,419.542,697.496
565.491,1008.659,490.398,875.130,247.045,669.639,419.611,697.487
565.716,1009.004,491.542,875.459,246.712,670.102,419.453,697.208
565.587,1008.844,491.097,874.498,246.494,669.924,419.084,697.060
565.504,1008.680,490.225,873.223,246.431,669.726,419.229,696.918
565.657,1008.996,490.204,872.450,246.401,669.795,419.040,697.051
565.554,1008.700,492.401,873.155,246.720,669.887,419.049,696.643
565.650,1009.024,493.265,874.174,246.477,669.550,419.202,696.900
565.646,1008.670,493.365,874.247,246.248,669.706,419.049,697.235
565.558,1008.715,494.324,874.206,246.305,669.613,419.355,697.409
565.593,1008.803,494.374,873.383,246.875,670.036,419.271,697.095
565.608,1008.812,495.262,872.914,246.792,670.048,419.230,697.180
565.321,1008.511,495.502,871.403,246.741,669.928,419.111,697.244
565.540,1008.979,496.176,870.217,246.345,670.192,419.759,697.592
565.363,1008.928,495.884,868.184,246.445,669.902,419.395,697.153
565.547,1008.992,495.193,866.988,246.272,670.009,419.658,697.618
565.670,1009.041,494.652,866.646,246.734,670.043,419.633,697.570
565.667,1009.031,492.990,865.670,246.452,669.815,419.231,697.393
565.349,1008.576,491.342,864.657,246.826,670.018,419.458,697.481
565.499,1008.838,490.418,864.581,246.987,669.668,419.556,697.573
565.541,1008.766,490.657,865.819,246.955,669.777,419.688,697.500
565.355,1008.780,490.633,865.880,246.507,669.792,419.421,697.464
565.553,1008.724,490.779,865.309,246.490,669.687,419.540,697.541
565.520,1008.718,490.223,863.888,246.487,670.141,419.697,697.444
565.442,1008.695,489.646,861.843,246.432,670.183,419.781,697.572
565.550,1008.779,489.451,862.410,246.394,670.205,419.832,697.468
565.528,1008.633,488.366,863.162,246.813,669.961,419.728,697.478
565.653,1009.339,486.533,863.099,246.480,670.282,419.642,697.573
565.528,1009.142,484.604,862.812,246.682,670.008,419.654,697.695
565.333,1008.684,482.872,862.476,246.744,670.067,420.036,697.464
565.593,1008.970,481.877,863.165,246.470,669.928,419.669,697.230
565.582,1009.033,482.259,864.432,246.355,669.947,419.355,697.112
565.541,1008.769,482.358,864.676,246.845,670.062,419.504,697.116
565.789,1009.281,482.780,864.799,246.923,670.073,419.648,697.315
565.316,1008.780,482.055,861.990,246.944,669.946,419.718,697.433
565.431,1008.816,481.225,860.477,246.665,670.110,419.572,697.293
565.526,1008.910,480.393,859.491,246.732,669.832,419.951,697.512
565.374,1009.139,479.954,858.807,246.737,669.767,419.843,697.401
565.331,1008.702,478.226,857.895,246.762,669.828,419.953,697.468
565.317,1008.804,476.947,857.574,246.900,669.792,419.468,697.185
565.589,1008.702,475.095,856.553,247.050,670.118,419.854,697.538
565.647,1009.176,474.156,856.188,246.875,670.204,419.877,697.482
565.564,1008.773,473.259,855.749,246.906,670.024,419.801,697.297
565.803,1009.187,474.211,855.988,246.964,670.172,419.722,695.753
565.640,1009.131,474.785,856.188,246.551,670.185,418.950,694.221
565.763,1008.989,474.149,856.488,246.821,670.217,419.087,694.119
565.768,1009.190,473.891,855.327,246.765,670.178,418.471,693.260
565.618,1008.701,474.081,854.539,246.608,670.052,418.098,692.388
565.582,1008.768,474.201,856.233,246.488,670.013,417.561,691.699
565.657,1009.141,473.806,857.649,247.058,670.130,417.151,690.988
565.634,1008.971,473.627,856.624,247.050,670.048,417.601,691.756
565.459,1008.761,475.145,861.092,246.368,669.805,417.936,691.739
565.476,1008.883,474.650,859.686,246.522,669.747,418.614,693.058
565.591,1009.049,474.154,857.379,246.436,669.733,418.356,692.285
565.384,1008.969,473.534,853.458,246.659,670.116,418.730,693.168
565.204,1008.640,472.904,855.954,246.531,669.784,418.640,693.076
565.411,1008.714,473.479,861.260,246.362,670.034,418.693,693.024
565.329,1008.607,471.848,860.985,246.314,669.836,419.591,693.989
565.244,1008.483,469.611,859.097,246.588,670.115,420.121,694.524
565.712,1009.088,467.343,856.708,246.495,669.833,420.024,694.682
565.515,1008.790,464.147,853.060,246.634,670.016,420.273,694.874
565.302,1008.553,462.042,849.367,246.642,669.859,420.452,695.638
565.163,1008.483,461.202,849.736,246.437,669.953,420.603,695.602
565.052,1008.291,459.799,852.587,246.282,669.820,420.345,695.555
565.261,1008.785,458.350,854.086,246.449,669.506,420.518,696.913
565.212,1008.529,457.101,852.433,246.567,669.540,420.640,696.409
565.311,1008.812,454.874,850.255,246.991,669.971,420.957,698.443
565.428,1008.875,451.123,848.179,246.933,670.106,421.759,699.971
565.410,1008.959,447.492,842.446,246.905,669.771,421.517,699.839
565.525,1009.149,445.772,836.801,246.629,669.897,421.711,699.994
565.551,1009.162,442.947,833.338,246.723,669.823,421.563,700.054
565.286,1008.995,439.592,830.849,246.922,670.019,421.352,700.137
565.292,1008.801,437.603,832.093,246.716,669.934,420.895,699.150
565.601,1009.117,434.076,831.810,246.861,669.974,421.059,700.294
565.621,1009.104,430.629,830.241,247.063,670.051,420.992,700.041
565.413,1009.020,427.049,827.890,246.777,670.030,420.803,700.645
565.374,1009.009,421.589,823.840,246.871,669.889,420.665,701.407
565.371,1009.001,415.276,821.613,246.652,669.743,420.800,700.704
565.444,1009.050,411.708,821.033,247.215,669.906,421.049,700.328
565.603,1009.199,411.076,821.596,246.749,669.832,420.907,698.994
565.295,1008.741,411.289,821.394,246.827,669.862,421.168,699.170
565.305,1008.711,409.145,822.542,246.810,669.929,421.115,700.895
565.357,1008.836,406.028,824.810,246.540,670.093,420.742,701.689
565.237,1008.596,402.574,826.614,246.384,670.115,420.597,702.265
565.543,1008.947,400.556,826.463,246.773,669.606,420.975,703.208
565.521,1008.956,398.154,825.191,247.098,669.730,421.223,703.756
565.311,1008.406,395.347,825.165,246.834,669.719,421.444,704.489
565.468,1008.550,393.276,824.490,246.816,669.720,420.986,704.899
565.385,1008.506,391.333,824.544,246.787,669.769,421.610,706.017
565.407,1008.692,388.466,824.570,246.940,669.996,421.378,706.303
565.642,1009.020,386.386,824.365,247.026,670.216,421.714,706.865
565.689,1009.102,385.263,824.289,246.992,670.172,421.622,707.890
565.717,1009.209,383.137,822.108,246.638,670.045,421.740,708.100
565.746,1009.214,382.374,819.102,247.071,670.059,422.284,708.316
565.854,1009.276,382.107,818.568,246.626,670.128,423.653,710.009
565.694,1009.067,380.695,818.374,246.706,670.116,424.323,710.945
565.767,1009.231,380.306,817.548,246.519,670.076,425.216,711.092
565.864,1009.347,378.685,815.827,246.675,669.780,426.758,712.356
565.620,1009.128,375.109,814.539,246.538,669.792,427.065,712.786
565.780,1009.150,371.924,813.877,246.648,669.754,427.451,713.022
565.667,1009.182,370.004,813.778,246.664,669.618,427.337,712.755
565.890,1009.360,369.147,814.938,246.919,670.010,427.227,713.211
565.910,1009.388,369.279,815.954,246.616,670.044,426.860,712.930
565.807,1009.262,369.457,816.103,246.482,670.208,426.719,713.573
565.798,1009.393,369.944,814.875,246.499,670.189,426.829,713.294
565.506,1009.004,370.154,813.420,246.380,669.935,427.170,713.870
565.550,1008.897,369.764,813.875,246.453,669.987,427.321,714.132
565.343,1008.593,368.846,814.719,247.041,670.220,427.787,714.654
565.556,1009.092,367.426,814.777,246.329,670.568,428.158,715.673
565.534,1008.892,365.973,814.633,246.860,670.412,428.464,715.686
565.491,1008.906,366.066,814.838,246.591,670.009,428.956,715.803
565.693,1009.053,365.650,814.515,246.677,670.059,429.236,715.683
565.458,1008.655,365.464,813.996,246.765,669.810,429.779,715.942
565.110,1008.581,366.352,814.528,246.914,670.235,429.619,715.849
565.661,1008.966,365.667,814.255,247.330,669.472,429.761,715.648
565.173,1008.796,366.140,813.653,247.176,669.954,429.763,715.108
565.497,1008.768,366.870,814.893,246.645,670.137,429.876,715.702
565.699,1008.937,366.107,814.816,246.614,670.113,430.322,716.263
565.726,1009.319,366.062,814.649,246.568,669.842,431.024,715.704
565.551,1008.854,366.112,814.818,246.487,669.820,431.033,715.956
565.401,1008.922,366.302,814.854,246.431,669.937,431.217,716.356
565.698,1009.019,366.262,814.185,246.969,669.560,430.959,716.352
565.698,1009.232,366.660,813.900,246.387,669.806,431.166,716.648
565.656,1008.993,366.893,814.729,246.424,669.597,431.152,717.961
565.656,1009.090,367.255,815.390,246.527,669.858,430.819,717.972
565.650,1008.980,367.610,815.707,246.660,670.326,430.773,717.482
565.662,1009.070,367.099,815.452,246.326,670.014,430.697,717.635
565.709,1009.158,366.559,815.167,246.257,670.120,430.953,718.310
565.762,1009.178,366.086,815.150,246.120,670.152,430.970,717.712
565.792,1009.271,365.782,815.031,246.664,670.233,430.987,718.067
565.584,1009.144,366.188,815.546,246.261,669.758,431.200,718.739
565.395,1008.846,365.642,815.443,246.339,670.035,431.138,719.202
565.208,1008.897,366.170,815.440,246.220,670.035,431.417,719.165
565.307,1008.815,365.834,813.963,246.224,670.018,431.627,719.980
565.496,1009.210,367.045,814.190,246.552,670.355,431.778,720.002
565.542,1009.026,367.177,813.998,246.447,670.250,431.537,720.500
565.631,1009.070,367.230,813.719,246.385,669.952,431.689,720.737
565.452,1008.796,367.259,813.509,246.416,669.809,431.909,720.867
565.420,1008.771,367.360,813.790,246.482,669.996,431.800,720.787
565.683,1008.932,367.065,813.656,246.566,669.914,431.170,720.584
565.623,1008.959,366.967,813.213,246.953,670.134,431.197,719.974
565.598,1008.690,367.005,812.782,246.909,670.113,431.127,719.932
565.730,1009.118,366.702,812.328,246.708,670.104,431.209,720.481
565.757,1008.984,366.672,812.188,246.810,670.076,431.306,720.269
565.626,1009.201,366.809,811.965,246.460,670.469,431.885,721.305
565.710,1009.157,367.350,811.981,246.477,670.190,431.609,720.406
565.659,1009.000,367.170,811.539,246.543,670.178,431.622,720.778
565.729,1008.963,366.872,811.245,246.687,670.034,431.506,720.684
565.559,1008.415,366.572,811.055,246.626,670.007,431.511,720.720
565.489,1008.685,366.732,811.018,246.750,670.091,431.814,721.082
565.341,1008.638,367.386,811.718,246.682,670.040,432.190,722.629
565.785,1009.134,367.174,812.072,246.626,670.208,432.339,724.260
565.571,1009.049,367.305,811.818,246.490,670.225,432.321,724.818
565.496,1008.964,367.168,811.611,246.879,670.112,432.344,725.065
565.393,1008.849,367.242,811.801,246.953,670.174,432.211,725.046
565.348,1008.614,367.027,811.455,246.581,670.194,432.403,725.001
565.289,1008.378,366.630,811.047,246.345,670.034,432.221,725.082
565.434,1008.662,366.977,811.521,246.363,670.026,432.153,725.595
565.314,1008.597,366.776,811.041,246.463,670.031,432.007,726.600
565.214,1008.522,367.098,811.187,246.295,670.116,431.330,726.497
565.432,1008.912,366.941,811.029,246.371,669.831,431.065,726.517
565.359,1008.904,366.950,811.113,246.501,670.132,430.917,726.588
565.483,1009.050,366.776,811.118,246.525,669.915,430.179,727.682
565.405,1008.890,366.903,811.113,246.528,669.911,430.081,728.934
565.498,1008.702,366.719,810.989,246.632,669.936,430.293,728.596
565.589,1008.964,366.869,811.109,246.421,669.772,430.043,729.726
565.605,1008.918,366.927,811.376,246.499,669.807,429.825,729.932
565.463,1008.884,366.726,811.172,246.444,669.924,429.622,730.256
565.593,1009.001,367.009,811.279,246.600,669.933,430.143,730.819
565.641,1008.972,366.811,811.322,246.823,670.079,430.507,731.479
565.579,1008.877,366.929,811.250,246.607,670.010,430.795,732.459
565.741,1008.977,366.523,811.024,246.618,670.008,430.571,733.397
565.530,1008.813,367.127,811.098,246.605,669.996,430.236,733.620
565.529,1008.810,367.038,811.190,246.411,670.010,430.119,733.064
565.263,1008.499,366.705,811.076,246.700,669.984,430.048,732.656
565.340,1008.513,366.978,811.268,246.669,669.558,429.736,732.622
565.259,1008.458,366.626,811.147,246.700,669.841,429.852,732.975
565.222,1008.510,366.540,811.056,246.492,670.016,429.675,733.730
565.360,1008.543,366.355,810.977,246.476,669.695,429.765,734.398
565.301,1008.508,366.741,811.111,246.385,670.037,429.823,734.713
565.477,1008.639,366.828,811.016,246.404,669.813,429.578,735.372
565.431,1008.525,366.407,810.997,246.594,669.988,429.335,736.683
565.510,1009.027,366.663,811.202,246.415,670.120,429.289,738.074
565.677,1008.939,366.757,811.174,246.354,670.112,429.160,739.485
565.670,1009.027,366.803,811.229,246.438,670.221,429.475,742.182
565.536,1008.936,366.701,811.185,246.365,670.218,429.139,740.843
565.557,1008.828,366.927,811.057,246.514,670.085,428.448,740.983
565.405,1008.789,366.636,811.276,246.447,670.133,428.646,740.722
565.600,1009.053,366.618,811.014,246.629,670.078,428.720,740.894
565.478,1008.663,366.660,811.213,246.626,670.069,428.611,741.410
565.445,1008.790,366.835,811.171,247.042,669.718,428.382,741.014
565.533,1008.913,367.013,811.325,247.053,669.807,428.376,740.974
565.625,1008.935,366.580,811.188,247.183,669.903,428.598,740.795
565.622,1009.163,366.934,811.360,247.040,669.748,428.858,741.559
565.672,1009.062,366.830,811.256,246.890,670.024,429.857,743.686
565.576,1009.185,367.002,811.387,246.625,670.040,429.618,743.385
565.511,1008.874,366.680,810.895,246.950,669.810,429.357,743.904
565.439,1008.969,366.779,811.143,246.596,669.970,429.590,744.698
565.703,1009.105,366.790,811.170,246.589,669.931,429.696,744.698
565.572,1009.117,366.673,811.326,246.649,670.303,429.975,744.680
565.486,1008.905,366.613,811.243,246.598,670.281,430.393,744.629
565.430,1008.781,366.600,811.227,246.654,670.051,430.630,744.918
565.506,1009.026,366.289,811.079,246.667,670.064,430.827,744.549
565.366,1008.941,366.269,811.276,246.591,669.725,430.865,743.975
565.334,1008.844,366.479,811.378,246.828,669.463,431.142,744.827
565.737,1009.380,366.942,811.309,247.070,670.071,431.559,744.559
565.830,1009.287,367.207,811.372,247.257,669.726,431.465,744.363
565.413,1008.669,366.816,811.343,246.668,669.934,431.780,745.053
565.427,1008.743,367.020,811.502,246.947,669.950,431.404,744.752
565.529,1009.092,366.477,811.296,246.611,670.021,432.104,745.353
565.729,1009.399,366.867,811.343,246.775,670.063,431.619,745.093
565.631,1009.302,366.615,811.171,246.748,669.905,431.751,745.791
565.715,1009.210,366.708,811.155,246.459,669.679,431.123,745.504
565.735,1009.267,366.704,811.263,246.527,669.550,430.817,746.499
565.651,1009.099,366.805,811.064,246.696,669.909,431.345,745.430
565.618,1008.978,366.731,810.973,246.732,670.174,432.522,746.161
565.725,1009.443,366.850,810.920,246.660,669.800,434.410,746.282
565.584,1009.095,366.369,811.059,246.468,669.916,434.042,746.150
565.678,1009.000,366.886,811.034,246.890,670.022,433.505,746.587
565.618,1008.965,366.824,811.140,246.893,670.031,434.687,747.641
565.715,1009.147,366.622,811.152,246.875,669.771,435.119,745.024
565.665,1009.050,366.945,811.190,246.767,669.674,434.526,746.139
565.503,1008.859,366.910,811.353,246.875,669.850,435.291,745.616
565.294,1008.667,367.046,811.277,246.853,669.805,433.446,744.900
565.513,1008.964,367.116,811.282,246.834,669.783,433.250,744.211
565.788,1009.286,366.751,811.209,246.572,669.549,434.447,744.159
565.656,1009.171,366.980,811.393,246.679,669.770,435.204,743.004
565.657,1009.049,366.566,810.869,246.684,669.852,437.131,744.545
565.804,1009.021,366.444,810.967,246.816,669.580,437.784,743.959
565.792,1009.381,367.075,811.344,246.695,669.626,438.215,743.320
565.708,1009.125,366.907,811.447,246.348,669.747,437.950,743.754
565.715,1009.228,366.935,811.323,246.485,669.989,438.282,743.822
565.754,1009.256,366.837,811.185,246.373,669.873,437.866,743.509
565.536,1009.104,366.924,811.022,246.194,670.077,437.384,745.089
565.740,1009.342,366.905,810.935,246.313,670.200,436.577,745.230
565.495,1009.091,367.134,811.297,246.465,669.867,436.934,745.155
565.626,1009.067,366.919,811.352,246.227,670.134,436.732,745.093
565.573,1008.966,367.237,811.388,246.461,669.855,437.090,745.233
565.574,1008.937,367.116,811.365,247.181,670.238,437.447,745.782
565.706,1009.096,366.990,811.397,247.162,670.154,437.231,745.558
565.430,1008.746,367.222,811.185,246.583,669.764,437.501,745.907
565.595,1008.890,366.759,811.216,246.393,669.761,437.413,746.065
565.620,1009.062,366.819,811.004,246.781,669.691,437.217,745.556
565.656,1009.498,366.672,810.980,246.813,669.672,437.010,745.304
565.491,1008.846,366.764,811.272,246.543,670.182,437.046,745.644
565.708,1009.073,366.829,811.255,246.578,670.116,437.093,745.572
565.710,1009.257,366.829,811.305,246.804,670.134,436.500,745.425
565.677,1009.211,366.577,811.222,246.439,669.983,436.769,745.642
565.545,1009.008,366.539,811.164,246.539,669.946,436.772,745.353
565.433,1008.799,367.124,811.190,247.076,669.739,436.858,745.601
565.373,1008.976,367.152,811.219,247.042,669.643,436.772,745.537
565.482,1008.902,366.764,810.980,246.607,669.493,436.696,745.396
565.471,1009.020,366.692,810.902,246.556,669.688,436.718,745.645
565.469,1008.965,367.057,811.250,246.607,669.693,436.378,745.546
565.525,1008.831,367.150,811.235,246.546,669.705,436.471,745.452
565.714,1009.045,367.095,811.203,246.787,670.273,436.635,745.406
565.472,1008.892,367.168,811.141,246.527,670.154,437.284,746.084
565.558,1008.762,366.746,811.040,246.858,670.073,437.140,745.804
565.542,1008.806,366.859,811.120,246.865,670.026,437.282,745.945
565.475,1008.900,367.284,811.227,246.953,669.886,436.924,745.561
565.674,1009.349,367.077,811.058,246.657,669.693,436.984,745.634
565.527,1008.969,366.999,811.156,246.827,670.082,437.024,746.022
565.691,1009.168,367.106,811.208,247.060,669.970,436.818,745.656
565.651,1009.195,366.763,811.089,246.901,670.081,436.739,745.771
565.629,1009.010,367.232,811.125,247.133,669.967,436.605,745.481
565.423,1008.761,367.291,811.152,247.095,670.015,436.685,745.527
565.479,1009.079,367.094,811.270,246.886,669.708,436.851,745.812
565.561,1008.982,367.252,811.294,246.667,669.674,436.998,746.122
565.687,1009.148,367.171,811.237,246.886,669.632,437.066,746.081
565.731,1009.086,367.092,811.257,246.842,669.666,437.219,746.741
565.558,1009.061,367.095,811.329,246.788,669.869,437.388,746.310
565.554,1009.197,367.376,811.231,246.764,669.985,437.015,745.746
565.390,1009.061,367.265,811.226,246.767,670.044,437.849,746.534
565.310,1008.986,367.219,811.304,246.623,669.861,438.308,746.824
565.464,1008.927,367.215,811.357,246.625,669.922,438.188,746.795
565.481,1008.837,367.295,811.304,246.406,669.620,437.400,746.001
565.459,1008.633,367.273,811.325,246.425,669.669,437.553,745.578
565.438,1008.746,367.069,811.083,246.755,669.925,437.739,746.137
565.603,1008.985,367.100,811.227,246.587,669.834,437.562,746.161
565.284,1008.779,367.105,811.093,246.542,670.230,437.226,746.342
565.399,1008.664,367.005,811.227,246.663,670.145,436.987,746.141
565.251,1008.585,367.191,811.226,246.675,669.794,437.106,746.045
565.277,1008.656,367.338,811.319,246.538,669.958,437.128,746.249
565.442,1008.541,367.235,811.212,246.550,670.209,436.694,745.876
565.659,1008.933,367.050,811.144,246.611,670.203,436.561,745.705
565.713,1009.149,366.891,811.058,246.558,670.042,436.588,746.333
565.484,1009.076,366.788,810.998,246.445,670.299,436.700,746.556
565.632,1009.183,366.744,811.167,246.939,669.970,436.753,746.476
565.827,1009.263,366.592,810.882,246.952,669.765,436.607,745.568
565.638,1009.051,366.843,810.883,246.976,669.996,436.893,745.840
565.595,1009.173,367.130,811.245,246.684,669.948,436.412,745.326
565.952,1009.464,367.011,811.219,246.888,669.857,436.598,745.749
565.664,1008.991,366.675,811.038,246.804,669.849,436.602,745.701
565.896,1009.324,366.764,811.159,246.546,670.190,436.914,746.567
565.580,1008.861,366.653,811.113,246.953,669.688,436.613,745.710
565.889,1009.364,366.773,811.095,246.806,669.893,436.838,745.818
565.529,1008.646,366.928,811.025,246.974,669.979,436.660,745.834
565.704,1008.916,366.888,811.131,246.598,669.932,436.753,746.262
565.347,1008.637,366.733,810.924,246.473,669.654,436.472,745.936
565.570,1008.881,366.836,811.170,246.434,669.667,437.074,746.606
565.660,1009.068,366.971,811.254,246.347,669.704,436.761,746.484
565.756,1009.194,366.761,811.395,246.525,669.700,436.642,746.201
565.637,1009.004,366.918,811.436,246.565,669.747,436.487,745.804
565.585,1009.494,366.962,811.373,246.522,669.794,436.703,746.337
565.433,1009.405,367.155,811.390,246.542,669.855,436.667,746.011
565.463,1009.649,366.979,811.085,246.390,669.920,436.275,745.622
565.198,1009.516,366.765,811.160,246.414,669.805,436.475,745.807
565.594,1009.756,367.123,811.343,246.526,669.897,437.193,745.996
565.765,1009.451,366.999,811.330,246.574,669.592,437.219,746.105
565.568,1010.323,366.791,811.027,247.030,669.629,437.510,746.420
565.534,1009.955,366.642,810.904,247.135,669.540,437.323,746.238
565.758,1010.168,367.328,811.331,246.514,669.891,437.157,746.151
565.586,1009.934,366.975,811.087,246.437,669.982,436.554,746.217
565.619,1010.228,366.811,811.175,246.528,669.967,436.475,745.931
565.844,1009.906,367.307,811.175,246.279,669.640,436.563,745.913
565.708,1010.127,367.142,811.072,246.509,670.012,436.863,746.194
565.968,1010.184,367.041,811.186,246.486,669.888,437.139,746.273
566.061,1010.422,367.055,811.287,246.439,669.773,437.186,746.392
565.695,1010.169,366.592,811.028,247.111,669.890,437.226,746.934
565.663,1010.156,366.619,811.089,247.147,669.847,437.232,746.908
565.408,1009.634,366.698,811.209,247.013,669.991,437.160,746.814
565.505,1009.709,367.107,810.876,247.080,669.993,437.026,746.686
565.959,1010.195,366.926,811.298,246.924,670.272,437.206,746.768
565.614,1009.907,366.915,811.281,246.982,670.139,437.242,746.644
566.161,1010.425,367.290,811.121,246.292,670.087,437.214,746.481
566.221,1010.287,367.146,811.148,246.496,670.245,437.375,747.116
566.388,1010.547,366.820,811.017,246.576,670.469,437.307,746.688
566.455,1010.576,366.767,810.860,246.886,670.390,437.261,746.836
566.767,1010.794,366.635,810.906,246.631,670.468,436.825,746.961
566.822,1010.865,367.182,810.863,246.921,670.272,437.067,746.902
566.587,1010.720,366.635,810.770,246.966,670.206,436.957,746.778
566.716,1010.780,366.999,810.774,246.922,670.292,436.622,746.431
566.711,1010.771,366.893,810.806,246.922,670.224,436.667,746.379
566.717,1010.539,367.107,811.265,246.818,669.836,436.626,746.630
566.615,1010.636,367.043,811.212,246.658,669.854,436.634,746.874
566.589,1010.802,366.975,810.963,246.521,670.017,436.847,747.049
566.697,1010.786,366.874,810.951,246.495,670.009,436.983,747.037
566.676,1010.630,367.056,811.069,246.635,669.855,437.151,747.409
566.595,1010.594,367.117,811.148,246.707,669.992,437.035,747.417
566.634,1010.490,367.082,811.121,246.450,669.774,436.805,747.447
566.631,1010.427,367.244,811.243,246.508,669.945,436.852,747.141
566.559,1010.580,366.887,810.901,246.462,669.941,436.928,746.989
566.563,1010.146,367.083,811.079,246.558,669.886,437.194,747.291
566.526,1010.525,367.316,810.960,246.579,669.940,437.205,747.505
566.420,1010.614,367.237,810.974,246.872,669.740,437.202,747.113
565.921,1010.150,367.446,811.309,246.789,669.682,437.025,746.910
566.472,1010.635,367.213,811.196,246.488,669.762,436.739,746.723
566.266,1010.540,367.228,811.164,246.892,669.832,437.009,747.095
566.333,1010.743,366.784,811.049,246.372,669.897,436.926,747.032
566.276,1010.709,367.006,811.118,246.372,670.038,437.101,747.240
566.444,1010.468,367.251,811.232,246.401,670.106,437.303,747.332
566.480,1010.244,366.864,811.121,246.446,669.922,437.410,747.327
566.364,1010.309,366.743,811.134,246.562,670.023,437.204,747.172
566.436,1010.574,367.242,811.023,246.698,670.245,436.969,746.807
566.469,1010.528,367.232,811.234,246.724,670.296,437.142,747.214
566.376,1010.413,366.933,811.077,246.511,669.958,437.247,747.280
566.484,1010.659,366.945,811.092,246.603,669.895,437.060,746.963
566.392,1010.412,366.831,810.931,246.970,670.158,437.023,746.833
566.422,1010.459,367.241,811.086,246.995,669.654,437.443,747.907
566.339,1010.311,367.030,811.141,247.122,670.004,436.861,746.805
566.309,1010.124,367.014,811.142,246.783,669.724,436.607,746.372
566.250,1010.194,366.844,811.086,246.476,670.086,436.811,746.496
566.266,1010.432,366.961,811.090,246.520,669.895,436.916,746.767
566.183,1010.344,367.002,811.036,246.757,669.653,437.055,746.936
566.293,1010.346,366.952,811.126,246.736,669.735,436.752,746.556
566.290,1010.473,367.339,811.046,246.646,670.087,436.735,746.888
566.511,1010.753,367.072,811.165,246.878,670.012,436.489,746.961
566.290,1010.661,367.131,811.082,246.885,670.036,436.540,746.568
566.329,1010.579,367.101,811.171,246.805,669.628,437.182,747.160
566.290,1010.480,366.949,811.178,246.759,669.719,436.826,747.128
566.090,1010.323,367.297,811.178,246.831,669.958,436.975,747.287
566.271,1010.580,367.193,811.190,246.699,669.941,436.860,747.210
566.426,1010.432,367.162,811.197,246.628,670.123,437.018,747.602
566.330,1010.495,367.249,811.178,246.667,670.145,437.207,747.632
566.204,1010.508,366.981,811.091,246.502,669.592,436.837,747.312
566.092,1010.388,367.104,811.178,246.452,669.965,436.793,747.283
566.163,1010.587,367.050,811.111,246.410,669.657,436.786,747.239
566.354,1010.648,366.925,811.112,246.509,669.869,436.845,747.259
566.400,1010.464,366.780,811.000,246.737,669.778,436.984,747.522
566.449,1010.655,366.832,810.855,246.759,670.057,436.598,747.157
566.304,1010.546,366.813,811.003,246.697,669.961,436.411,747.124
566.468,1010.323,367.007,811.055,246.888,669.518,436.918,747.147
566.516,1010.406,366.961,810.922,246.816,669.647,436.789,747.337
566.301,1010.574,366.894,811.049,246.994,669.416,436.791,747.255
566.297,1010.209,366.785,811.042,246.523,669.762,436.868,747.071
566.386,1010.480,367.168,811.078,246.567,669.583,436.859,747.522
566.470,1010.763,367.105,811.054,246.498,669.640,437.049,747.526
566.372,1010.183,367.158,811.185,246.543,669.970,437.209,748.215
566.366,1010.197,367.133,811.067,246.515,670.031,436.934,747.668
566.408,1010.471,367.121,811.171,246.274,670.500,436.919,747.226
566.255,1010.468,367.053,810.881,246.566,670.072,436.762,746.939
566.267,1010.533,366.885,810.911,246.519,670.107,436.569,746.792
566.347,1010.631,366.882,811.316,246.500,670.148,436.609,747.595
566.219,1010.345,367.089,811.147,246.751,670.111,436.652,747.178
566.359,1010.623,367.252,810.988,246.905,670.013,436.585,746.957
566.308,1010.481,367.118,811.126,246.624,670.078,436.721,747.171
566.243,1010.217,366.783,811.081,246.956,670.039,437.164,747.592
566.294,1010.416,366.993,811.074,246.944,670.338,436.907,747.302
566.367,1010.534,367.002,811.211,246.129,669.680,436.811,747.238
566.548,1010.540,366.852,811.399,246.431,670.069,436.863,747.576
566.614,1010.685,367.241,811.325,246.325,670.045,436.651,747.339
566.505,1010.588,367.303,811.115,246.430,669.948,436.465,747.117
566.458,1010.653,367.036,810.949,246.948,670.055,436.797,747.289
566.502,1010.592,367.175,811.126,246.938,670.189,436.717,747.550
566.461,1010.232,367.196,811.045,246.616,670.019,436.607,747.176
566.473,1010.433,367.231,810.851,246.509,670.057,437.108,747.324
566.429,1010.247,367.140,810.893,246.540,670.037,436.955,747.336
566.407,1010.386,367.007,810.927,246.452,670.091,436.822,747.262
566.498,1010.377,367.165,811.167,246.524,669.969,436.829,747.317
566.525,1010.432,366.974,811.149,246.781,669.938,436.778,747.301
566.425,1010.205,366.946,811.119,246.714,670.036,436.546,747.123
566.465,1010.166,367.173,810.951,246.999,669.537,437.149,747.611
566.444,1010.406,366.977,811.091,246.809,669.845,437.380,747.776
566.321,1010.404,366.880,811.139,246.924,669.869,437.208,747.744
566.490,1010.256,366.493,811.185,246.946,669.785,437.338,747.699
566.530,1010.653,366.821,810.882,246.644,670.283,437.145,747.523
566.429,1010.582,366.664,810.917,246.613,670.101,436.740,747.738
566.608,1010.600,366.632,810.880,246.514,670.250,436.881,747.325
566.466,1010.553,366.939,810.959,246.693,670.022,436.691,747.306
566.551,1010.591,366.865,810.984,246.688,669.951,436.646,747.317
566.524,1010.249,366.836,810.978,246.837,670.076,436.538,747.462
566.525,1010.303,366.764,810.858,246.699,669.697,436.511,747.218
566.266,1010.228,366.735,810.881,246.527,669.843,436.518,747.275
566.275,1010.296,366.816,810.967,246.989,669.944,436.834,747.447
566.498,1010.151,367.366,811.086,246.585,669.759,437.074,747.743
566.577,1010.245,367.061,811.098,246.709,669.747,436.793,747.157
566.543,1010.676,366.830,811.227,246.909,669.723,437.050,747.577
566.346,1010.263,366.868,811.139,246.573,670.076,437.307,748.158
566.272,1010.253,366.824,810.991,246.489,669.949,437.118,747.544
566.297,1010.142,366.837,810.947,246.446,670.104,436.976,747.284
566.465,1010.365,367.196,811.158,246.361,670.107,436.995,747.272
566.429,1010.268,367.160,811.174,246.406,669.484,437.015,747.001
566.481,1010.381,367.201,811.270,246.662,669.407,437.432,747.307
566.538,1010.740,367.060,811.047,246.584,669.794,437.392,747.698
566.513,1010.350,367.123,811.076,246.504,669.971,437.403,748.159
566.428,1010.557,367.009,811.215,246.745,669.594,436.665,747.293
566.329,1010.428,367.039,811.194,246.905,669.702,436.425,747.129
566.581,1010.294,367.119,811.162,246.675,669.946,436.614,747.201
566.450,1010.541,367.155,811.154,246.729,670.035,436.422,747.046
566.383,1010.475,367.004,810.913,246.999,669.940,436.607,747.375
566.283,1010.050,367.140,811.094,246.823,670.099,436.821,747.353
566.500,1010.528,367.061,811.043,246.725,669.709,436.626,747.020
566.537,1010.310,366.830,811.148,246.944,669.609,436.739,747.382
566.513,1010.739,367.392,811.191,246.928,669.758,436.793,747.289
566.556,1010.834,367.469,811.182,246.682,670.004,436.494,746.896
566.567,1010.901,367.006,811.089,246.584,670.085,436.568,747.049
566.492,1010.631,367.268,811.187,246.820,669.905,436.464,747.189
566.405,1010.283,367.330,811.226,246.901,670.052,436.430,747.198
566.450,1010.441,367.076,811.150,246.440,669.811,436.736,747.496
566.321,1010.234,367.043,811.158,246.470,669.817,436.858,747.494
566.432,1010.216,367.042,811.305,246.920,669.727,436.663,747.506
566.325,1010.374,367.169,811.304,246.392,669.767,436.603,747.223
566.341,1010.181,367.134,811.274,246.818,670.106,436.749,747.477
566.374,1010.299,367.121,811.266,246.777,669.826,436.889,747.379
566.339,1010.581,367.336,811.166,246.503,670.020,436.747,747.182
566.284,1010.224,367.341,811.229,246.606,670.109,436.853,747.181
566.318,1010.492,366.983,811.089,246.399,669.764,436.826,747.240
566.284,1010.177,367.120,811.184,246.428,670.071,437.380,748.001
566.498,1010.353,367.083,811.253,246.288,670.137,436.621,747.182
566.274,1009.899,366.863,810.952,246.824,669.504,436.647,747.099
566.315,1010.012,367.147,810.997,246.307,669.610,436.512,747.011
566.502,1010.348,367.112,811.051,246.213,669.866,437.110,747.625
566.396,1010.172,367.085,811.006,246.258,669.813,436.430,747.388
566.484,1010.163,367.317,811.245,246.874,669.633,436.261,747.358
566.226,1010.029,366.876,810.965,246.692,669.772,435.994,747.597
566.366,1010.431,367.366,811.106,246.926,669.544,436.222,747.624
566.388,1010.287,367.068,811.079,246.982,669.649,436.750,747.801
566.395,1010.492,366.887,810.812,246.850,669.802,436.537,747.558
566.315,1010.240,366.930,811.228,246.691,669.837,436.299,747.669
566.253,1010.243,367.037,811.103,246.430,669.757,436.564,747.642
566.418,1010.628,367.022,811.009,246.881,669.786,436.330,747.608
566.376,1010.452,367.285,810.987,246.520,669.911,436.380,747.580
566.399,1010.294,367.233,811.241,246.361,669.598,436.288,747.627
566.300,1010.375,367.000,811.262,246.491,669.859,436.440,748.042
566.126,1010.074,367.033,811.231,246.407,669.912,436.697,748.167
566.238,1010.148,366.931,811.244,246.517,669.915,436.557,747.748
566.121,1009.946,366.823,810.903,246.839,670.005,436.337,747.523
566.287,1010.053,367.190,811.039,246.900,670.006,436.580,747.794
565.927,1010.006,366.865,811.065,246.310,669.936,436.251,747.677
566.188,1010.022,366.906,810.943,246.657,669.921,436.440,748.078
566.468,1010.156,367.328,811.191,246.498,670.004,436.460,748.037
566.414,1010.061,367.187,811.197,246.492,670.156,436.503,747.794
566.308,1010.231,367.022,811.138,246.632,670.010,436.646,748.072
566.263,1009.938,367.177,811.045,246.837,669.349,436.355,747.477
566.357,1010.120,367.176,811.096,246.466,669.480,436.301,747.381
566.240,1010.360,366.964,811.133,246.367,669.450,436.154,747.649
566.117,1010.003,366.960,811.075,246.324,669.603,436.659,747.727
566.324,1010.225,366.865,811.120,246.632,670.109,436.810,747.972
566.234,1009.885,366.783,811.174,246.573,669.909,436.823,747.990
566.326,1010.100,366.922,811.146,246.758,669.830,436.688,747.619
566.126,1009.903,367.075,811.170,246.838,669.849,436.857,748.015
566.325,1010.214,367.046,811.094,246.616,669.930,436.531,747.508
566.347,1010.434,366.974,811.296,246.760,670.011,437.019,748.008
566.441,1010.455,367.159,811.052,246.730,670.044,436.283,747.574
566.399,1010.297,367.248,811.052,246.494,669.826,436.348,748.067
566.051,1010.119,367.389,810.950,246.760,669.625,436.306,747.715
566.287,1010.319,367.131,811.012,246.978,669.823,436.062,747.460
566.331,1010.233,367.369,811.077,246.592,669.922,436.550,748.363
566.303,1010.038,367.455,811.040,246.405,670.117,436.466,748.256
566.269,1009.973,367.258,811.096,246.412,670.307,436.576,748.278
566.400,1010.146,367.459,811.163,246.339,669.788,436.410,747.850
566.364,1010.181,367.440,811.253,246.437,669.735,436.541,747.963
566.428,1010.293,367.041,811.210,246.456,669.960,436.507,748.239
566.362,1010.393,367.306,811.316,246.355,670.101,436.423,747.910
566.450,1010.349,367.108,811.311,246.333,669.547,436.242,747.825
566.364,1010.088,367.050,811.267,246.593,669.770,436.339,747.912
566.416,1010.149,367.368,811.047,246.597,669.977,436.589,747.952
566.413,1010.219,367.394,811.531,246.499,669.818,436.367,747.754
566.313,1010.550,367.140,811.156,246.594,669.960,436.703,748.558
566.324,1010.034,367.227,811.321,246.536,669.892,436.319,748.137
566.386,1010.293,367.173,811.247,246.415,669.665,436.357,747.736
566.293,1010.080,367.066,811.136,246.598,669.930,436.987,748.106
566.207,1010.347,367.027,811.309,246.396,669.702,437.058,748.853
566.365,1010.190,367.162,811.028,246.476,669.734,436.960,748.316
566.364,1010.044,367.039,811.115,246.528,669.674,436.747,747.154
566.418,1010.281,367.257,811.114,246.720,670.121,436.757,747.169
566.547,1010.491,367.046,810.987,246.491,669.869,436.860,747.527
566.422,1010.041,367.135,811.131,246.629,669.864,436.427,747.366
566.349,1010.104,367.045,811.206,246.633,669.938,436.490,747.815
566.549,1010.449,367.245,811.001,246.581,670.036,436.723,748.112
566.325,1009.811,366.990,811.154,246.539,669.996,436.627,747.418
566.305,1010.068,366.757,811.187,246.542,669.836,436.842,747.654
566.491,1010.193,367.133,810.919,246.504,669.703,436.369,747.530
566.471,1010.534,366.887,811.111,246.869,669.589,436.570,747.579
566.327,1010.302,367.147,811.084,246.592,669.989,437.036,748.135
566.361,1010.438,366.971,811.272,246.587,669.953,436.860,747.717
566.514,1010.268,366.977,811.271,246.642,669.939,436.695,747.619
566.404,1010.195,366.950,811.336,246.650,669.947,436.542,747.955
566.297,1010.355,367.085,811.155,246.662,669.970,436.711,748.138
566.351,1010.507,367.301,811.341,246.806,669.863,436.419,747.628
566.316,1009.991,366.760,811.243,246.526,669.679,436.843,747.901
566.419,1010.163,367.634,811.287,246.662,669.665,436.649,748.254
566.396,1010.232,367.622,811.301,246.517,669.671,436.752,748.160
566.430,1010.172,367.450,811.283,246.418,669.715,436.910,748.080
566.558,1010.175,367.398,811.191,246.610,669.834,436.722,747.494
566.354,1010.221,367.498,811.227,246.886,669.707,436.525,747.345
566.296,1010.377,367.521,811.339,246.881,669.739,436.596,747.471
566.313,1010.331,367.205,811.374,246.638,669.711,436.540,747.699
566.400,1010.471,367.064,811.137,246.600,669.642,436.813,747.841
566.478,1010.444,367.339,810.984,246.616,670.131,436.561,747.411
566.366,1010.389,367.196,810.996,246.446,669.973,436.614,747.729
566.387,1010.238,367.097,811.016,246.885,670.217,436.690,747.737
566.431,1010.117,367.114,810.950,246.945,669.773,436.620,747.673
566.228,1010.053,367.082,810.973,246.555,669.792,437.042,748.276
566.061,1009.914,367.154,810.975,246.614,669.731,437.058,747.924
566.281,1010.150,367.314,811.016,246.626,670.243,437.244,748.200
566.127,1009.939,367.112,810.867,246.629,670.079,436.708,748.039
566.508,1010.038,367.300,810.858,246.602,669.787,436.472,747.629
566.308,1010.483,367.279,811.046,246.528,670.416,436.411,747.678
566.579,1010.372,367.365,811.085,246.509,670.203,436.057,746.883
566.452,1010.305,367.407,811.067,246.478,670.069,435.820,747.356
566.464,1010.384,367.231,811.046,246.558,670.448,435.566,747.401
566.084,1010.235,367.027,811.015,246.647,670.209,436.486,747.887
566.292,1010.062,367.357,810.971,246.706,669.934,436.765,747.943
566.358,1010.276,367.120,810.992,246.544,670.159,437.369,748.132
566.374,1010.092,367.167,810.996,246.446,670.201,437.323,747.651
566.486,1010.323,366.965,811.052,246.719,670.217,436.758,746.740
566.448,1010.196,367.128,811.003,246.731,670.165,437.076,747.151
566.310,1010.101,367.381,811.025,246.944,669.924,437.333,747.378
566.270,1010.117,366.959,810.894,246.596,669.880,437.198,747.291
566.540,1010.113,367.471,811.111,246.555,669.941,437.020,747.325
566.445,1010.241,367.395,811.078,247.052,670.085,436.930,747.061
566.611,1010.085,367.050,811.121,246.890,670.250,436.839,746.963
566.509,1010.614,366.908,811.489,246.780,669.938,436.747,747.210
566.456,1010.089,367.163,811.318,246.634,670.149,436.645,747.256
566.492,1010.329,366.894,811.215,246.477,670.110,436.796,747.197
566.416,1010.230,366.975,811.293,246.612,669.848,436.551,747.142
566.367,1010.207,367.101,811.266,246.522,669.847,436.538,747.497
566.519,1010.357,367.429,811.387,246.500,670.047,436.384,747.429
566.437,1010.228,366.932,811.127,246.766,670.003,436.314,747.164
566.543,1010.477,367.016,811.169,246.766,670.024,436.418,747.566
566.264,1010.085,367.076,811.211,246.508,669.995,436.408,747.549
566.364,1010.269,367.145,811.324,246.997,670.069,436.135,746.864
566.172,1010.099,367.249,811.283,246.690,669.894,436.393,747.335
566.212,1009.867,367.198,811.268,246.558,669.968,436.622,747.958
566.138,1010.076,367.172,811.218,246.588,669.905,436.418,747.826
566.272,1010.011,367.337,811.017,246.338,669.718,436.061,747.135
566.341,1010.008,367.425,810.989,246.318,669.752,436.210,747.497
565.999,1009.919,367.123,811.060,246.265,669.890,436.367,747.211
566.432,1010.168,367.180,811.178,246.502,669.989,436.606,747.336
566.337,1010.168,367.232,811.247,246.715,670.351,436.802,747.714
566.221,1010.106,367.220,811.371,246.538,670.034,436.786,747.606
566.369,1010.287,367.058,811.100,246.378,669.868,436.661,747.272
566.382,1010.071,367.194,811.195,246.391,670.008,436.646,747.164
566.306,1010.234,367.014,811.137,246.710,670.150,436.347,746.888
566.234,1010.042,367.330,811.113,246.603,670.095,436.422,747.202
566.433,1010.596,367.092,811.271,246.683,670.028,436.818,747.204
566.485,1010.297,367.286,811.150,247.034,669.984,437.000,747.081
566.446,1010.453,367.066,811.151,246.531,670.139,437.002,747.109
566.521,1010.435,366.928,810.996,246.313,670.244,436.690,747.081
566.409,1010.075,367.024,811.133,246.368,670.062,437.024,747.319
566.521,1010.449,367.001,811.171,246.502,669.902,436.853,747.771
566.404,1010.207,367.181,811.040,246.345,670.005,436.629,747.320
566.361,1010.249,366.985,810.977,246.290,669.953,436.521,746.908
566.338,1010.054,367.381,811.207,246.424,669.943,436.635,747.362
566.334,1010.127,367.527,811.143,246.838,669.864,436.496,747.408
566.281,1010.040,367.438,811.067,246.817,669.856,436.406,747.579
566.361,1010.123,367.354,810.955,246.251,670.078,436.755,747.340
566.397,1010.429,367.214,811.108,246.138,669.854,436.684,747.257
566.518,1010.349,367.151,811.127,246.438,670.025,436.453,746.913
566.269,1010.340,366.943,811.062,246.618,669.791,436.548,747.260
566.275,1010.342,367.054,811.129,246.459,669.867,436.563,747.476
566.292,1010.020,367.190,811.298,246.401,669.953,436.923,747.141
566.231,1010.438,366.990,811.325,246.595,669.967,436.604,747.029
566.418,1010.244,366.649,811.263,246.871,670.029,436.927,746.992
566.319,1010.186,366.926,810.972,246.712,670.018,436.803,746.751
566.262,1010.059,367.060,810.944,246.843,670.311,437.216,747.275
566.271,1010.047,367.032,811.079,246.836,670.197,437.332,746.760
566.193,1010.093,367.178,811.363,246.822,669.851,437.648,746.739
566.495,1010.235,367.117,811.117,246.775,669.931,437.310,747.126
566.207,1009.917,367.137,811.064,246.388,670.046,436.881,747.338
566.275,1010.141,367.222,811.083,246.321,670.328,436.715,747.032
566.236,1010.189,367.199,811.073,246.414,669.721,436.770,746.833
566.244,1010.171,367.070,811.004,246.536,670.025,436.914,747.209
566.255,1010.089,366.952,811.158,246.323,670.252,437.048,747.301
566.391,1010.387,367.524,811.238,246.428,669.712,436.976,747.246
566.351,1010.213,367.135,811.243,246.325,669.649,437.188,747.094
566.328,1010.168,366.780,810.945,246.352,669.789,437.399,746.999
566.271,1010.179,367.195,810.876,246.349,670.156,436.840,746.656
566.382,1010.585,367.444,811.376,246.340,669.783,437.019,747.074
566.471,1010.382,367.410,811.346,246.353,669.804,437.036,746.919
566.348,1010.093,367.217,811.089,246.457,669.736,437.025,747.174
566.429,1010.426,367.035,811.032,246.424,669.878,437.141,747.210
566.340,1010.463,367.253,811.238,246.471,669.947,437.341,746.785
566.417,1010.531,367.524,811.190,246.597,669.764,437.361,746.073
566.439,1010.316,367.236,811.249,246.286,670.337,436.753,746.677
566.324,1010.294,367.264,811.155,246.302,670.116,436.704,745.639
566.281,1010.170,366.854,811.041,246.434,670.138,436.673,745.921
566.337,1010.318,367.158,811.131,246.405,670.209,436.694,745.743
566.385,1010.308,367.110,811.056,246.193,670.082,436.883,746.093
566.367,1010.419,367.352,811.195,246.314,670.019,436.823,745.376
566.400,1010.237,367.503,811.163,246.306,670.021,436.771,745.100
566.528,1010.412,367.209,811.186,246.660,669.711,436.691,745.291
566.578,1010.592,367.252,811.143,246.273,669.815,436.682,745.520
566.315,1010.265,366.877,811.033,246.501,669.807,436.956,745.967
566.384,1010.372,367.346,811.142,246.280,669.761,436.910,745.916
566.434,1010.248,367.053,811.130,246.630,669.911,436.790,746.566
566.388,1010.327,367.498,811.146,246.397,670.281,436.717,746.752
566.392,1010.111,367.374,811.276,246.411,669.974,436.457,746.850
566.261,1009.964,367.631,811.188,246.693,670.038,436.536,746.831
566.324,1010.087,367.481,811.150,246.674,669.718,436.653,746.830
566.343,1010.241,367.159,811.376,246.703,670.170,436.473,747.389
566.377,1010.060,367.083,811.067,246.809,670.064,436.518,747.299
566.431,1010.565,366.965,811.193,246.504,669.929,436.782,747.085
566.435,1010.171,367.370,811.129,246.696,670.178,437.063,747.596
566.340,1010.278,367.218,811.048,246.391,669.946,436.718,747.790
566.427,1010.217,367.403,811.148,246.511,670.023,436.673,747.709
566.440,1010.389,367.327,811.279,246.566,669.949,436.660,747.692
566.192,1009.944,367.379,811.179,246.720,669.914,436.471,747.550
566.397,1010.283,367.412,810.797,246.849,669.666,437.051,748.018
566.524,1010.433,367.512,810.941,246.478,669.641,436.896,747.651
566.370,1010.371,367.428,810.902,246.412,669.591,437.175,747.925
566.471,1010.560,367.432,811.048,246.583,669.991,436.875,747.786
566.353,1010.260,367.547,811.060,246.486,670.021,436.922,748.105
566.314,1010.072,367.312,811.052,246.385,669.698,436.673,747.423
566.361,1010.108,367.256,810.988,246.467,669.760,436.911,747.670
566.172,1010.029,367.137,811.322,246.433,670.114,436.861,747.541
566.133,1009.786,367.222,811.383,246.395,670.178,436.969,747.629
566.265,1010.110,366.935,811.374,246.231,669.762,437.026,747.647
566.449,1010.590,367.242,811.371,246.208,669.795,437.183,748.133
566.242,1010.365,367.223,811.208,246.277,669.667,437.087,748.042
566.276,1010.389,367.296,811.294,246.302,669.721,436.701,747.335
566.267,1010.646,367.505,811.122,246.278,670.019,436.706,747.133
566.393,1010.309,367.583,811.296,246.214,670.010,436.681,747.184
566.484,1010.593,367.625,811.424,247.070,670.000,436.886,747.075
566.303,1010.434,367.605,811.150,246.568,670.031,437.019,747.510
566.316,1010.492,366.925,811.344,246.639,669.984,436.883,747.383
566.437,1010.479,367.309,811.466,246.934,669.623,436.809,747.219
566.346,1010.339,367.520,811.343,246.543,669.689,436.872,747.310
566.483,1010.717,366.919,811.265,246.743,670.034,436.834,747.165
566.260,1009.949,367.427,811.223,246.749,670.142,436.461,746.777
566.467,1010.550,367.760,811.063,246.634,669.895,436.827,747.589
566.523,1010.459,367.524,811.139,246.837,669.802,436.810,747.660
566.509,1010.551,367.687,811.034,246.626,669.535,436.444,747.898
566.486,1010.221,367.664,810.972,246.331,669.635,436.169,747.890
566.426,1010.623,367.423,811.096,246.736,669.601,436.075,747.533
566.298,1010.323,367.443,811.180,246.537,669.961,436.059,746.994
566.470,1010.361,367.368,811.156,246.919,669.578,436.190,747.350
566.393,1010.176,367.259,811.071,246.944,669.913,436.325,747.395
566.307,1010.079,367.371,811.054,246.682,669.840,436.312,747.415
566.514,1010.348,367.167,810.938,246.782,669.783,436.567,747.801
566.467,1010.232,367.367,811.088,246.783,669.768,436.318,747.284
566.324,1010.004,367.033,811.251,246.682,669.725,435.984,747.283
566.424,1010.258,367.178,811.193,246.771,669.896,436.159,747.314
566.522,1010.473,366.824,811.220,246.940,669.656,436.335,747.265
566.404,1010.201,367.561,811.059,247.052,669.754,436.406,747.375
566.503,1010.257,367.596,811.035,246.540,669.832,436.500,747.708
566.579,1010.334,367.302,811.357,246.382,669.965,436.711,747.958
566.555,1010.403,367.317,811.077,246.366,669.846,436.620,747.607
566.486,1010.398,367.449,811.242,246.384,669.705,436.715,747.776
566.670,1010.727,367.337,811.106,246.712,669.638,436.570,747.429
566.353,1010.132,367.224,811.192,246.236,669.726,436.440,747.373
566.480,1010.337,367.110,811.088,246.264,669.846,436.574,747.709
566.303,1010.191,367.085,811.192,246.308,669.682,436.658,747.827
566.294,1010.250,367.168,811.329,246.395,669.871,436.518,747.550
566.372,1010.632,366.874,810.967,246.515,669.688,436.365,747.267
566.265,1010.518,367.090,811.107,246.444,669.417,436.039,747.402
566.118,1010.077,366.898,810.880,246.445,670.073,436.542,747.779
566.233,1010.081,367.155,811.105,246.299,669.851,436.685,747.525
566.326,1009.897,367.111,811.067,246.785,669.877,436.698,747.600
566.300,1010.165,366.920,811.334,246.904,669.794,436.679,747.810
566.209,1010.054,367.307,811.059,246.909,669.654,436.948,747.617
566.294,1010.015,367.030,811.082,246.772,669.531,437.360,748.268
566.198,1010.129,367.302,811.215,246.431,669.556,437.863,748.760
566.320,1010.083,367.230,811.144,246.443,669.603,436.363,748.037
566.343,1010.190,367.316,811.203,246.586,669.412,436.327,748.379
566.212,1010.059,367.134,811.103,246.168,669.624,436.034,748.333
566.285,1009.984,367.308,811.115,246.239,669.525,435.935,748.069
566.133,1009.684,367.237,810.976,246.654,669.916,435.825,748.047
566.166,1009.819,367.336,811.107,246.642,669.973,436.372,748.904
566.170,1010.012,367.368,811.094,246.263,669.645,436.400,748.285
566.226,1010.060,367.329,811.120,246.596,669.878,436.818,748.513
566.190,1009.892,367.230,810.939,246.502,669.707,437.013,749.086
566.359,1009.913,367.295,811.028,246.520,669.645,436.816,748.809
566.307,1010.098,367.313,810.980,246.578,669.797,436.725,748.800
566.059,1010.126,367.120,811.076,246.247,670.175,436.531,748.705
566.403,1010.404,367.480,810.988,246.792,669.865,436.637,748.670
566.279,1010.032,367.441,810.994,246.809,670.176,436.392,748.553
566.238,1010.256,367.187,811.018,246.990,669.851,437.214,749.073
566.295,1010.294,367.249,811.031,246.838,669.941,437.699,749.365
566.533,1010.517,367.533,811.105,246.348,670.070,437.236,749.067
566.366,1010.475,367.245,811.162,246.240,669.887,436.752,748.603
566.452,1010.419,367.320,811.128,246.430,669.637,436.918,748.557
566.437,1010.338,367.452,811.060,246.697,669.638,436.711,747.767
566.409,1010.204,367.382,811.042,246.803,669.587,437.251,748.134
566.293,1010.109,367.373,811.132,246.576,669.949,436.914,748.275
566.307,1010.492,367.329,811.084,246.869,669.852,436.571,748.170
566.278,1010.391,367.510,811.177,246.747,669.699,436.684,748.708
566.221,1010.107,367.190,811.147,246.561,669.920,436.104,748.446
566.319,1010.371,367.534,811.240,246.460,669.679,436.489,748.607
566.385,1010.330,367.446,811.154,246.352,670.063,436.239,748.319
566.360,1010.201,367.484,811.321,246.460,670.067,436.298,748.283
566.380,1010.047,367.628,811.126,246.262,669.927,437.433,749.042
566.278,1010.099,367.627,811.186,246.317,669.897,437.277,749.010
566.220,1010.187,367.582,811.056,246.497,669.703,437.586,749.212
566.259,1010.259,367.504,811.048,246.387,670.122,437.271,749.328
566.064,1010.053,367.136,811.003,246.277,670.242,436.949,748.528
566.144,1010.245,367.219,811.058,246.361,670.164,436.618,748.818
566.317,1010.523,367.109,811.082,246.547,669.707,436.163,748.200
566.299,1010.213,366.971,811.051,246.505,669.597,436.783,748.670
566.335,1010.168,366.964,811.095,246.466,669.528,436.357,749.664
566.352,1010.530,367.038,811.001,246.295,669.665,436.301,750.177
566.483,1010.140,367.185,811.016,246.377,669.512,436.021,748.351
566.353,1010.433,367.120,811.106,247.145,669.698,436.386,747.881
566.372,1010.246,367.365,811.202,246.896,669.893,436.847,748.197
566.515,1010.316,367.484,811.162,246.662,669.888,436.571,748.404
566.322,1010.205,367.417,811.114,246.571,669.862,436.758,749.318
566.292,1010.245,367.513,811.119,246.436,669.875,436.862,749.572
566.427,1010.492,367.436,811.060,246.560,669.827,436.789,749.590
566.224,1010.611,367.517,810.979,246.352,670.039,436.373,748.707
566.265,1010.122,367.483,810.989,246.432,670.001,436.431,748.831
566.303,1010.208,367.516,811.117,246.636,669.556,437.249,749.874
566.397,1010.277,367.560,811.149,246.589,669.534,436.753,749.260
566.343,1010.376,367.329,811.109,246.634,669.762,436.223,749.106
566.333,1010.498,367.102,811.236,246.468,669.653,436.744,749.991
566.150,1010.005,367.205,811.152,246.832,669.823,436.595,750.027
566.301,1010.315,367.744,811.420,246.364,670.247,436.274,749.169
566.275,1010.407,367.687,811.435,246.877,670.163,436.536,748.972
566.453,1010.266,367.342,811.255,246.454,670.060,436.994,748.791
566.340,1010.124,367.627,811.262,246.828,670.024,436.845,747.962
566.407,1010.150,367.391,811.135,246.304,669.704,436.837,747.339
566.465,1010.271,367.473,811.295,246.632,669.724,437.013,747.587
566.256,1009.818,367.263,811.378,246.428,669.929,436.739,747.439
566.468,1010.095,367.661,811.227,246.320,669.938,436.462,747.566
566.176,1009.831,367.121,811.209,246.347,669.799,436.738,746.974
566.137,1009.892,367.172,811.103,246.603,669.758,437.500,747.517
566.204,1009.978,367.211,810.982,246.846,669.929,437.419,746.961
566.214,1010.014,367.239,811.086,246.813,669.978,437.868,747.585
566.227,1010.030,367.319,811.138,246.725,669.853,437.130,748.036
566.361,1010.254,367.503,810.980,246.415,669.796,436.332,746.827
566.295,1010.151,367.232,811.050,246.683,669.563,437.794,745.632
566.508,1010.261,367.180,811.123,246.492,669.635,437.701,745.766
566.387,1010.179,367.225,811.143,246.500,669.565,436.651,746.224
566.262,1010.009,367.233,811.103,246.805,669.797,436.744,746.291
566.362,1010.161,367.491,811.181,246.576,669.574,436.518,746.497
566.377,1010.115,367.456,811.228,246.731,669.757,436.534,746.456
566.342,1010.247,367.339,811.103,246.733,669.550,437.517,746.537
566.214,1010.139,366.913,811.201,246.719,669.586,437.747,746.462
566.200,1010.077,367.012,811.037,246.842,669.443,437.495,746.840
566.153,1009.866,367.400,811.184,246.264,670.046,436.900,746.733
566.226,1010.027,367.460,810.951,246.451,669.795,437.134,746.210
566.321,1009.858,367.471,811.154,246.557,670.202,436.904,746.559
566.222,1010.420,367.211,811.197,246.595,669.914,436.963,746.063
566.393,1010.050,367.457,811.151,246.737,670.248,436.984,746.329
566.189,1010.152,367.139,811.063,246.627,669.654,436.778,746.089
566.282,1010.049,367.235,811.088,246.821,670.161,436.683,746.320
566.397,1010.234,367.176,811.059,246.734,669.714,436.567,746.735
566.129,1009.893,367.160,811.015,246.644,669.712,436.736,746.540
566.221,1010.099,367.185,811.182,246.888,670.042,437.117,746.921
566.297,1010.146,367.164,811.118,246.831,669.797,436.620,747.022
566.291,1010.101,367.301,811.002,246.808,669.787,436.859,747.024
566.324,1010.107,367.287,811.192,246.929,670.168,437.127,747.571
565.955,1010.063,367.043,811.375,247.004,669.825,436.843,747.595
566.365,1010.117,366.919,811.020,246.917,669.538,436.392,747.277
566.292,1010.300,367.208,811.360,246.384,669.791,437.168,747.974
565.966,1010.014,367.352,811.287,246.785,669.659,436.730,747.721
565.974,1010.243,367.598,811.223,246.255,669.906,436.139,747.147
566.120,1010.023,367.187,811.163,246.586,669.778,436.914,747.004
566.124,1010.249,367.460,811.072,246.734,669.791,436.492,746.779
566.217,1010.251,367.155,811.107,246.816,669.724,437.033,747.392
566.377,1010.342,367.372,811.213,246.784,669.812,436.937,746.897
566.421,1010.276,367.246,811.086,246.765,669.653,437.342,747.646
566.298,1010.472,367.314,811.189,246.842,669.617,437.317,748.335
566.362,1010.110,367.542,811.036,246.657,669.547,436.987,748.417
566.150,1009.934,367.570,811.166,246.611,669.710,437.654,748.748
566.298,1010.144,367.425,810.929,246.690,669.795,436.614,747.840
566.322,1010.038,367.357,810.985,246.814,669.612,436.901,747.266
566.214,1010.404,367.240,811.161,246.514,669.987,436.487,746.866
566.332,1010.043,367.238,811.368,246.552,669.755,436.826,747.045
566.374,1010.049,367.181,811.333,246.384,669.995,436.531,746.930
566.333,1010.179,367.335,811.408,246.547,670.029,436.310,746.546
566.360,1010.059,367.343,811.414,246.906,669.802,436.884,746.775
566.308,1010.099,367.274,811.342,246.396,669.804,436.411,746.625
566.445,1010.120,367.174,811.382,246.442,669.842,436.660,746.829
566.435,1010.480,367.093,811.258,246.316,669.684,436.498,746.850
566.384,1010.103,366.991,811.238,246.217,669.689,436.532,746.461
566.339,1010.158,367.274,811.443,246.287,669.965,436.133,746.136
566.289,1010.270,367.260,811.363,246.509,669.937,436.740,746.705
566.354,1010.509,367.391,811.358,246.526,669.844,436.471,746.551
566.178,1010.325,367.360,811.426,246.286,670.098,436.527,746.722
566.325,1009.885,367.325,811.269,246.504,669.908,436.775,746.923
566.347,1010.238,367.300,811.304,246.510,669.615,436.888,746.900
566.405,1010.522,367.506,811.342,246.416,669.757,436.550,746.708
566.337,1010.197,367.538,811.249,246.255,669.621,437.230,746.947
566.361,1010.229,367.526,811.310,246.232,669.719,437.288,747.265
566.503,1010.312,367.789,811.363,246.336,669.711,436.500,747.178
566.460,1010.286,367.529,811.096,246.428,669.863,436.022,747.671
566.330,1010.098,367.509,811.305,246.257,669.850,436.772,747.550
566.386,1010.139,367.598,811.303,246.442,670.117,436.508,747.148
566.482,1010.051,367.452,811.194,246.587,669.940,436.343,746.588
566.464,1010.143,367.292,811.250,246.335,669.937,436.933,747.137
566.324,1010.194,367.463,811.031,246.203,669.717,436.823,747.374
566.302,1010.222,367.012,811.208,246.237,669.763,436.642,747.594
566.462,1010.266,367.348,811.192,246.549,669.899,435.890,747.585
566.343,1010.267,367.388,811.209,246.402,669.613,436.202,747.381
566.290,1010.301,367.149,811.205,246.587,669.531,436.295,747.356
566.382,1010.029,367.462,811.212,246.378,669.599,435.936,746.857
566.222,1009.983,367.331,811.308,246.349,669.666,436.406,746.988
566.368,1010.241,367.082,811.085,246.321,669.715,436.646,747.952
566.314,1009.907,366.981,811.048,246.447,669.569,436.543,747.214
566.337,1010.227,367.122,811.096,246.847,670.028,436.195,747.075
566.500,1010.227,367.265,811.284,246.367,669.961,436.351,746.745
566.512,1010.516,367.220,811.324,246.850,670.095,436.481,746.664
566.552,1010.688,367.217,811.481,246.588,669.974,436.587,746.665
566.239,1010.026,367.226,811.408,246.905,670.009,436.530,746.749
566.228,1010.246,367.078,811.248,246.873,669.946,436.447,746.768
566.381,1010.456,367.149,811.130,246.466,669.799,436.263,746.673
566.439,1010.289,367.557,811.121,246.538,670.004,436.206,746.707
566.277,1010.017,367.641,811.241,246.699,670.073,436.316,746.689
566.364,1010.174,367.623,811.061,246.414,669.558,436.562,746.835
566.302,1010.308,367.543,811.198,246.356,669.892,437.230,747.440
566.299,1010.148,367.895,811.345,246.619,669.714,436.738,746.531
566.466,1010.325,367.661,811.193,246.488,669.754,436.624,746.687
566.421,1010.676,367.728,811.242,246.534,670.058,436.693,747.391
566.444,1010.324,367.675,811.215,246.425,669.650,436.630,747.763
566.485,1010.504,367.251,811.219,246.380,669.966,436.612,748.300
566.484,1010.585,367.219,811.151,246.466,669.953,436.434,748.834
566.352,1010.449,367.315,811.278,246.173,669.799,436.723,748.523
566.472,1010.202,367.280,811.360,246.429,670.109,437.313,749.067
566.306,1010.082,366.774,811.302,246.699,670.075,436.539,748.217
566.253,1010.399,367.161,811.178,246.746,669.965,436.623,747.924
566.311,1010.266,366.676,811.277,246.808,669.965,436.888,747.845
566.132,1010.519,367.326,811.249,246.837,670.137,437.264,748.724
566.227,1010.200,366.947,811.365,246.668,669.754,436.424,748.031
566.310,1010.410,367.151,811.084,246.425,670.043,436.698,747.811
566.263,1010.457,367.096,811.078,246.928,670.062,437.402,748.906
566.213,1010.155,367.050,810.974,246.683,670.316,437.559,749.754
566.347,1010.356,367.064,811.012,246.631,670.251,437.193,748.659
566.527,1010.654,367.432,810.944,246.435,670.321,436.510,747.612
566.391,1010.405,367.004,810.827,246.329,670.359,436.371,747.400
566.384,1010.451,367.407,810.938,246.439,669.947,436.982,748.379
566.266,1010.348,367.291,811.007,246.415,669.947,436.681,747.896
566.365,1010.491,366.986,811.086,247.126,669.680,436.658,747.678
566.313,1010.374,367.000,811.138,246.796,669.431,436.496,747.594
566.361,1010.203,366.828,811.357,246.969,669.822,436.204,747.806
566.388,1010.286,367.152,811.290,246.492,670.039,435.962,747.553
566.369,1010.047,366.807,811.368,246.584,669.837,435.909,747.062
566.436,1010.462,367.425,811.047,246.395,669.903,436.150,747.429
566.428,1010.442,367.401,811.006,246.791,669.805,436.168,747.471
566.273,1009.922,367.468,811.100,246.569,669.916,436.069,747.315
566.133,1009.917,367.057,811.112,246.286,669.631,436.440,747.009
566.447,1010.125,367.334,811.176,246.932,669.869,436.006,746.814
566.401,1010.079,367.405,811.175,246.394,669.772,436.343,747.069
566.327,1010.272,367.499,811.135,247.000,670.179,436.418,747.424
566.275,1010.378,367.753,811.302,246.931,669.820,436.145,747.534
566.429,1010.197,367.539,811.202,246.848,669.856,436.026,747.847
566.330,1009.972,367.529,811.265,246.736,669.829,435.920,747.719
566.188,1010.259,367.319,811.147,246.697,669.761,436.237,747.772
566.238,1010.249,367.203,811.125,246.597,669.946,436.693,748.229
566.303,1010.289,367.176,811.091,246.486,669.786,436.475,748.242
566.375,1010.571,367.310,811.058,246.737,669.564,436.512,747.975
566.359,1010.532,367.175,811.019,246.496,669.576,436.587,747.808
566.458,1010.551,367.524,811.041,246.244,669.999,436.731,748.125
566.387,1010.426,367.551,811.129,246.350,669.623,436.291,747.804
566.546,1010.535,367.443,811.112,246.482,669.909,436.162,747.998
566.523,1010.420,367.477,811.210,246.288,669.675,436.650,748.326
566.336,1010.269,367.505,811.086,246.844,669.923,436.934,748.499
566.365,1010.403,367.565,811.138,246.993,669.658,436.733,748.395
566.377,1010.381,367.632,811.118,246.943,669.940,436.962,748.568
566.336,1010.275,367.477,811.178,246.623,670.002,437.086,748.727
566.316,1010.406,367.288,811.211,246.528,670.105,437.034,748.495
566.315,1010.338,367.392,811.305,246.659,669.917,436.246,748.026
566.260,1010.206,367.388,811.121,246.608,669.950,437.013,748.109
566.331,1010.098,367.652,811.083,246.416,669.500,436.764,748.126
566.448,1010.181,367.580,811.019,246.525,669.912,437.041,747.819
566.125,1010.037,367.632,811.379,246.566,669.778,436.944,747.805
566.261,1010.170,367.559,811.318,246.698,669.685,437.080,747.677
566.163,1010.101,367.607,811.153,246.843,669.656,437.014,748.263
566.125,1009.686,367.459,811.124,246.800,669.944,436.921,748.763
566.001,1009.907,367.574,811.164,246.607,669.446,436.870,748.744
566.085,1010.108,367.229,811.217,246.573,669.486,436.692,747.216
566.232,1010.134,367.261,811.104,246.816,669.853,436.888,747.402
566.440,1010.526,367.123,811.239,246.416,669.962,436.842,747.161
566.154,1010.061,367.210,811.170,246.441,670.031,437.102,747.240
566.228,1010.146,367.583,811.316,246.870,669.893,436.746,747.526
566.211,1010.292,367.482,811.305,246.903,669.778,436.480,747.184
566.176,1010.124,367.363,811.260,246.429,669.965,436.649,747.503
566.313,1010.472,367.606,811.301,246.468,670.010,436.946,747.733
566.231,1010.143,367.532,811.121,246.526,669.791,436.407,748.216
566.251,1010.168,367.688,811.290,246.497,669.856,436.753,747.893
566.145,1010.075,367.836,811.154,246.924,669.809,436.346,746.750
566.014,1009.566,367.705,811.442,246.892,669.692,437.215,746.239
565.974,1009.752,367.169,811.251,246.462,669.924,438.117,746.064
566.077,1009.846,367.170,811.126,246.757,669.680,436.568,746.921
566.239,1009.969,367.071,811.144,246.230,670.066,436.506,745.423
566.275,1010.415,367.246,811.285,246.529,669.829,436.999,742.652
566.162,1009.933,367.139,811.249,246.438,669.488,438.723,745.838
566.372,1010.302,367.381,811.211,246.440,669.821,438.180,745.867
566.441,1010.167,367.124,811.091,246.282,669.589,437.842,746.213
566.411,1010.135,367.115,811.091,246.570,669.892,436.810,746.089
566.525,1010.176,367.067,811.137,246.442,669.913,437.446,745.842
566.244,1010.141,367.590,811.141,246.332,669.786,437.863,745.828
566.262,1010.054,367.576,811.137,246.412,669.799,437.309,747.102
566.263,1010.239,367.543,811.073,246.491,669.991,437.304,746.548
566.201,1009.894,367.468,811.180,246.354,669.656,437.452,745.873
566.231,1009.951,367.242,811.357,246.613,669.861,435.979,745.994
566.284,1010.019,367.117,811.500,246.602,669.682,435.903,746.545
566.285,1009.998,367.297,811.341,246.543,669.675,435.648,746.161
566.255,1010.059,367.102,811.356,246.660,669.507,435.913,746.268
566.299,1010.338,367.285,811.259,246.712,669.826,436.181,746.170
566.176,1010.222,367.143,811.462,246.446,669.470,436.020,746.176
566.190,1010.360,367.091,811.343,246.688,669.752,435.968,746.202
566.325,1010.030,367.089,811.438,246.680,669.746,435.912,746.298
566.263,1009.896,367.206,811.627,246.649,669.627,435.952,746.350
566.262,1010.266,367.443,811.261,246.445,669.856,435.692,746.232
566.168,1009.768,367.213,811.353,246.721,669.641,435.780,746.443
566.350,1010.323,367.460,811.341,246.731,669.559,436.636,747.994
566.364,1010.383,367.585,811.268,246.600,669.668,435.774,746.594
566.220,1010.247,367.640,811.277,246.530,669.591,435.888,746.245
566.389,1010.310,367.507,811.405,246.362,669.857,435.977,745.935
566.403,1010.021,367.486,811.380,246.641,670.038,436.284,745.177
566.300,1010.075,367.218,811.167,246.756,669.709,435.841,746.457
566.343,1010.128,367.397,811.178,246.376,669.571,435.528,746.811
566.300,1009.842,366.819,811.323,246.516,669.812,435.482,746.525
566.194,1009.870,367.187,811.171,246.620,669.770,435.757,746.699
566.296,1010.239,366.748,811.197,246.623,669.954,435.903,746.547
566.340,1010.374,367.495,811.208,246.527,669.809,435.898,746.633
566.424,1010.311,367.242,811.080,246.415,669.798,436.462,746.231
566.225,1010.010,367.207,811.097,246.349,669.911,436.158,745.689
566.445,1010.196,367.235,811.277,246.548,669.807,436.541,746.445
566.316,1010.030,367.242,811.121,246.353,669.632,436.628,747.669
566.165,1009.871,367.158,811.347,246.635,669.736,436.610,746.952
566.367,1010.185,367.516,811.288,246.208,669.708,436.473,745.760
566.334,1009.876,367.095,811.195,246.748,669.611,435.983,745.571
566.449,1009.917,367.315,811.193,246.867,669.209,436.348,745.602
566.527,1010.008,367.375,811.211,246.714,669.801,436.262,745.818
566.330,1009.995,367.691,811.162,246.755,669.741,436.239,745.531
566.294,1010.072,367.449,811.180,246.813,669.631,436.233,745.593
566.410,1010.187,367.380,811.065,246.535,669.739,435.685,744.969
566.380,1010.187,367.390,811.207,246.517,669.492,436.102,745.270
566.183,1010.031,367.144,811.053,246.594,669.812,435.831,744.767
566.286,1010.090,367.577,811.080,246.271,669.577,436.027,745.206
566.470,1010.071,367.676,811.178,246.438,669.603,435.555,746.139
566.305,1009.998,367.529,811.101,246.444,669.596,435.337,746.129
566.455,1010.309,367.600,811.182,246.346,669.892,435.771,746.134
566.466,1010.072,367.484,810.934,246.412,669.937,436.640,746.456
566.245,1010.178,367.598,811.218,246.410,669.881,436.813,747.098
566.379,1010.189,366.989,811.078,246.374,669.689,436.439,747.573
566.357,1010.049,367.404,811.083,246.704,669.562,436.794,747.331
566.265,1010.041,367.139,811.366,246.119,669.703,436.088,746.622
566.193,1009.973,367.259,811.374,246.296,669.474,435.869,746.303
566.359,1010.122,367.582,811.160,246.765,669.621,436.500,747.087
566.322,1010.228,367.070,811.235,246.862,669.490,436.527,746.869
566.283,1010.129,367.497,811.220,246.727,669.566,436.792,747.310
566.300,1010.150,367.201,811.300,246.516,669.488,436.684,747.333
566.275,1010.079,367.942,811.262,246.271,669.590,436.734,747.680
566.282,1009.818,367.271,811.091,246.276,669.344,436.024,746.633
566.387,1010.112,367.459,811.299,246.406,669.646,436.485,747.225
566.216,1010.007,367.826,811.225,246.337,669.882,436.901,747.631
566.223,1010.040,367.269,811.259,246.462,669.757,436.633,747.060
566.287,1010.144,367.496,811.261,246.344,669.634,437.056,747.213
566.377,1010.218,367.494,811.233,246.581,669.674,436.683,747.099
566.227,1010.029,367.529,811.330,246.890,669.998,437.068,747.452
566.217,1009.930,367.662,811.372,246.946,669.937,437.000,747.611
566.487,1010.454,367.570,811.122,246.858,669.628,436.686,746.609
566.482,1010.135,367.250,811.239,246.464,669.929,437.035,747.410
566.355,1009.999,367.655,811.255,246.443,669.786,437.422,747.846
566.462,1010.135,367.740,811.182,246.469,669.810,437.418,747.484
566.489,1010.120,367.448,811.190,246.417,669.932,437.355,748.034
566.532,1010.170,367.479,811.079,246.431,669.802,437.917,748.308
566.509,1010.054,367.694,811.115,246.695,669.769,436.566,747.329
566.394,1010.424,367.574,810.860,246.362,669.919,437.339,747.963
566.477,1010.378,367.592,811.077,246.608,669.706,436.786,747.588
566.363,1010.189,367.749,811.225,246.350,669.856,437.184,747.609
566.211,1010.083,367.904,811.284,246.478,669.969,437.370,748.785
566.358,1010.069,367.873,811.135,246.819,669.859,437.611,751.353
566.561,1010.551,367.655,811.228,246.380,669.840,437.822,751.370
566.556,1010.304,367.785,811.136,246.385,669.679,437.565,751.176
566.539,1010.235,367.678,811.081,246.748,669.631,437.900,750.879
566.468,1010.133,367.417,810.997,246.394,669.862,437.918,750.003
566.360,1010.011,367.449,811.125,246.574,669.627,438.046,751.882
566.266,1010.212,367.902,811.211,246.511,669.787,437.786,751.492
566.371,1010.261,367.677,811.246,246.804,669.667,437.521,749.364
566.116,1009.700,367.270,811.101,246.669,669.992,437.811,749.917
566.255,1010.008,367.817,811.258,246.267,669.593,437.740,749.619
566.123,1009.868,367.873,811.242,246.225,669.560,438.212,749.410
566.321,1010.403,367.634,811.368,246.496,669.909,438.040,748.696
566.338,1010.124,367.642,811.338,246.518,669.886,439.065,750.336
566.505,1010.202,367.719,811.145,246.472,669.617,438.205,749.756
566.438,1010.175,367.281,811.138,246.404,669.463,438.503,749.782
566.318,1010.002,367.922,811.466,246.268,670.034,437.813,749.481
566.460,1010.272,367.860,811.426,246.382,670.026,438.184,749.507
566.391,1010.109,367.190,811.132,246.410,669.855,438.751,750.175
566.471,1010.197,367.320,811.119,246.272,669.958,437.906,750.539
566.459,1010.126,367.537,811.360,246.819,669.901,437.676,749.935
566.467,1010.141,367.302,811.199,246.962,669.787,438.389,750.471
566.340,1010.101,367.246,811.128,246.984,669.793,438.232,750.545
566.200,1010.101,367.640,811.175,246.455,669.756,437.425,749.210
566.530,1010.244,367.500,811.084,246.361,669.989,438.317,750.490
566.435,1010.207,367.733,811.281,246.127,669.892,438.288,750.349
566.368,1010.047,367.593,811.221,246.617,669.992,438.216,749.792
566.293,1010.170,367.615,811.286,246.270,669.667,437.818,749.727
566.324,1010.234,367.200,811.201,246.288,670.158,437.087,749.424
566.307,1009.956,367.276,811.166,246.057,669.610,438.491,751.194
566.163,1010.133,367.714,811.177,246.358,669.569,438.519,750.886
566.435,1010.407,367.335,811.281,246.223,669.585,438.339,750.159
566.413,1010.170,367.812,811.114,245.979,669.659,437.527,749.738
566.499,1010.367,367.107,811.048,245.975,669.661,438.347,750.842
566.417,1010.505,367.331,811.158,246.057,669.749,438.275,750.959
566.350,1010.267,367.516,810.835,246.192,669.446,437.396,749.762
566.455,1010.481,367.426,811.142,246.340,669.635,437.638,750.151
566.285,1009.966,367.399,811.160,246.131,669.645,437.711,750.632
566.261,1010.330,367.240,811.231,246.538,670.005,435.980,748.801
566.236,1010.180,367.344,811.231,246.274,669.809,437.466,750.970
566.337,1010.369,367.210,811.299,246.342,669.850,437.827,751.484
566.245,1010.376,367.338,811.358,246.435,669.817,437.710,750.862
566.265,1009.887,367.128,811.132,246.348,669.638,437.029,750.233
566.202,1009.731,367.331,811.102,246.289,669.587,437.952,751.600
566.340,1010.177,367.513,811.254,246.397,669.733,437.641,750.737
566.363,1010.204,367.393,810.994,246.284,669.572,437.800,751.242
566.282,1010.197,367.403,811.365,246.282,670.025,438.423,751.500
566.030,1009.795,367.478,811.286,246.215,669.616,438.474,751.195
566.399,1010.187,367.003,811.561,246.309,669.830,437.783,749.509
566.476,1010.330,367.628,811.273,246.432,669.751,438.570,750.317
566.392,1010.032,367.708,811.218,246.755,669.804,437.618,749.094
566.486,1010.416,367.583,811.019,245.993,669.572,437.197,748.784
566.331,1010.401,367.658,811.158,246.280,669.796,436.890,748.988
566.406,1010.204,367.439,811.525,246.650,669.804,438.529,751.184
566.319,1010.211,367.313,811.473,246.317,669.552,437.407,750.247
566.248,1010.261,367.642,811.241,246.347,669.928,438.041,751.620
566.257,1009.879,367.421,811.521,246.405,670.000,437.848,750.884
566.076,1009.915,367.276,811.401,246.455,670.060,438.047,750.643
566.054,1009.869,367.616,811.403,246.524,669.665,437.787,750.535
566.159,1009.903,367.601,811.124,246.403,670.045,437.853,749.995
566.171,1010.014,367.391,811.165,246.302,669.924,437.415,749.640
566.188,1009.755,367.474,811.192,246.421,670.060,437.322,748.968
566.177,1009.889,367.529,811.096,246.512,670.085,437.501,749.628
566.169,1009.993,367.341,811.387,246.476,670.053,437.196,749.060
566.022,1009.583,367.287,811.306,246.482,669.900,437.464,749.406
566.186,1009.818,367.443,811.330,246.607,669.883,438.170,749.789
566.218,1009.922,367.738,811.263,246.726,669.788,438.461,750.845
566.326,1010.171,367.935,811.485,246.542,669.899,438.192,750.132
566.280,1010.373,367.699,811.168,246.687,669.857,438.589,749.998
566.130,1010.025,367.775,811.270,246.634,669.822,437.735,750.053
566.143,1010.003,367.532,810.957,247.130,669.562,437.296,748.742
566.344,1010.222,367.459,811.146,247.065,669.475,438.355,749.944
566.230,1009.986,367.226,811.044,246.663,669.719,437.623,748.676
566.289,1010.084,367.469,811.134,246.780,669.765,438.013,749.440
566.067,1009.686,367.415,811.040,246.690,670.053,438.122,750.195
566.156,1010.036,367.546,811.047,246.955,669.914,438.182,750.257
566.223,1009.736,367.422,811.247,246.746,670.086,437.807,749.306
566.248,1010.029,367.685,811.191,246.956,669.722,438.402,750.317
566.469,1010.179,367.355,811.042,246.446,669.858,437.694,749.363
566.364,1009.882,367.217,811.001,246.592,669.885,437.236,748.611
566.230,1009.966,367.386,811.084,246.659,669.855,438.326,750.133
566.279,1010.047,367.414,811.200,247.031,670.013,438.794,750.647
566.247,1010.284,367.485,811.155,246.902,669.931,437.385,748.638
566.372,1010.267,367.174,811.028,246.514,669.848,437.417,748.965
566.368,1010.076,366.966,811.274,246.450,669.968,438.209,750.074
566.386,1010.280,367.668,811.130,246.663,669.825,438.766,751.851
566.263,1010.077,367.575,811.039,246.737,669.985,438.753,751.603
566.059,1009.862,367.575,811.119,246.812,669.846,437.661,749.739
566.305,1009.928,367.794,811.229,246.490,669.998,436.986,749.396
566.396,1010.019,367.645,811.257,246.598,669.883,438.356,751.076
566.214,1010.001,367.578,811.133,246.472,669.858,437.637,750.080
566.376,1010.043,367.667,811.060,246.460,669.888,437.655,750.119
566.288,1010.470,367.878,811.013,246.569,669.869,438.062,750.634
566.329,1010.001,367.875,811.344,246.462,669.988,436.837,749.186
566.364,1010.193,367.580,811.100,246.471,669.850,437.441,749.399
566.062,1009.745,367.612,811.048,246.483,669.834,437.774,749.781
566.212,1010.088,367.260,811.187,246.419,670.290,438.186,750.759
566.121,1009.775,367.725,811.245,246.603,670.179,438.527,751.375
566.144,1010.146,367.433,811.150,246.252,669.931,438.079,751.115
566.128,1009.989,367.520,811.224,246.546,669.728,438.161,751.878
566.138,1009.889,367.629,811.179,246.776,669.823,438.583,752.264
566.343,1010.198,367.096,811.189,246.719,669.774,438.137,752.189
566.082,1010.137,367.669,811.112,246.636,669.865,438.536,752.473
566.143,1010.192,367.519,811.228,246.761,669.904,439.030,754.791
565.992,1009.887,367.873,811.173,246.747,669.937,438.143,752.802
566.165,1010.135,367.838,811.144,246.977,669.866,437.861,753.105
566.202,1010.172,367.782,811.061,247.046,669.871,437.758,753.054
566.187,1009.765,367.715,811.221,247.017,669.793,437.924,753.036
566.377,1009.991,367.863,811.184,247.064,669.912,437.499,751.232
566.193,1010.123,367.670,811.254,246.654,669.914,436.906,752.131
566.203,1009.753,367.546,811.250,246.562,669.927,437.736,752.882
566.394,1010.169,367.659,811.331,246.507,669.897,438.083,753.359
566.246,1010.136,367.718,811.317,246.561,669.872,437.914,753.021
566.095,1009.754,367.497,811.183,246.441,670.177,437.674,751.749
566.163,1010.020,367.903,811.098,246.412,669.974,438.138,753.402
566.317,1010.029,367.916,811.125,246.911,670.272,438.174,753.153
566.280,1010.091,367.796,811.195,246.581,669.876,437.775,752.224
566.168,1009.921,367.372,811.163,246.675,669.902,437.720,752.063
566.137,1010.071,367.382,811.203,246.680,670.120,436.937,751.883
566.217,1010.047,367.603,811.280,246.847,669.916,437.894,753.156
566.266,1010.225,367.573,811.377,247.009,669.644,437.982,751.898
566.192,1009.981,367.510,811.266,246.924,669.574,438.276,753.239
566.115,1009.748,367.630,811.326,246.945,669.888,437.365,751.908
566.120,1009.921,367.501,811.131,246.578,669.679,436.429,751.092
566.216,1010.092,367.612,811.373,246.618,669.715,437.239,751.448
566.317,1009.969,367.472,811.286,246.769,669.769,437.526,752.359
566.077,1009.824,367.569,811.187,246.578,669.833,437.448,752.383
566.145,1009.929,367.544,811.292,246.663,669.764,436.665,751.207
565.933,1009.612,367.541,811.361,246.673,669.991,436.412,751.069
565.805,1009.530,367.420,811.166,246.688,670.148,437.070,751.899
565.903,1009.710,367.245,811.272,246.698,670.051,436.905,751.913
566.076,1010.089,367.168,811.175,246.653,670.069,436.666,751.992
566.061,1009.853,367.522,811.415,246.555,670.128,437.106,752.547
566.130,1009.880,367.879,811.415,246.619,670.014,437.040,752.283
566.185,1009.963,367.459,811.316,246.772,669.937,436.781,751.999
566.429,1010.202,367.816,811.418,246.973,669.806,436.455,751.103
566.319,1010.086,367.929,811.198,246.642,669.870,436.414,750.872
566.395,1010.428,367.322,811.315,246.757,669.980,435.938,749.617
566.302,1010.182,367.472,811.412,246.819,669.874,436.169,749.579
566.364,1010.040,367.502,811.261,246.694,669.947,435.862,749.564
566.328,1009.966,367.145,811.217,246.916,669.921,435.919,749.377
566.581,1010.245,367.610,811.624,246.368,670.039,436.186,749.860
566.109,1009.948,367.484,811.380,246.533,670.082,436.398,750.564
566.274,1009.988,367.714,811.509,246.601,670.051,436.560,750.237
566.420,1010.037,367.914,811.287,246.505,669.826,436.460,750.355
566.445,1009.963,367.508,811.491,246.522,669.829,436.288,749.756
566.278,1010.062,367.316,811.289,246.370,669.707,436.163,750.160
566.262,1010.202,367.457,811.073,246.405,669.718,436.646,750.935
566.478,1010.474,367.867,811.249,246.582,669.807,436.690,750.960
566.305,1010.249,367.621,811.171,246.649,669.834,436.895,751.228
566.399,1010.025,367.520,811.051,246.904,669.804,436.808,751.214
566.357,1010.139,367.540,811.080,246.791,670.013,436.860,751.176
566.288,1010.030,367.469,810.778,246.615,669.826,436.951,751.659
566.435,1010.592,367.692,811.296,246.670,669.800,436.663,751.258
566.282,1010.149,367.694,811.370,246.698,669.829,436.787,750.621
566.188,1009.923,367.295,811.168,246.601,669.861,436.517,750.777
566.195,1010.036,367.758,811.139,246.572,669.794,436.733,751.116
566.276,1010.029,367.633,811.127,246.650,669.955,435.956,750.180
566.418,1010.552,367.678,811.158,246.688,669.830,436.417,750.896
566.173,1010.187,367.900,811.447,246.417,669.818,436.011,750.107
566.242,1010.088,367.889,811.417,246.451,669.827,435.956,749.837
566.353,1010.225,367.507,811.367,246.614,669.922,435.960,749.960
566.215,1010.222,367.842,811.279,246.467,669.907,436.655,750.921
566.286,1010.057,368.165,811.391,246.719,669.666,436.713,750.795
566.433,1010.354,368.002,811.230,246.391,669.795,436.886,751.130
566.327,1010.509,368.074,811.385,246.863,669.978,437.064,751.532
566.340,1010.326,367.846,811.218,246.477,669.913,436.611,751.186
566.198,1010.100,367.744,811.325,246.605,669.702,436.347,750.130
566.284,1010.105,367.551,811.524,246.568,669.606,436.745,751.006
566.382,1010.081,367.503,811.307,246.431,669.806,436.712,751.020
566.280,1010.158,367.723,811.229,246.578,669.671,436.846,751.280
566.328,1009.919,367.774,811.302,246.513,669.717,436.917,751.379
566.220,1010.608,367.835,811.252,246.474,670.028,436.771,751.131
566.129,1010.176,367.970,811.352,246.267,669.896,436.837,751.305
565.983,1010.021,367.397,811.288,246.342,669.883,436.959,751.416
566.236,1010.143,367.980,811.261,246.681,670.000,436.930,751.464
566.043,1010.162,367.851,811.421,246.630,669.956,436.879,751.631
566.224,1010.381,367.583,811.628,246.603,669.934,436.700,750.613
566.294,1010.163,367.772,811.245,246.428,669.980,436.920,751.414
566.260,1010.427,367.698,811.128,246.665,669.905,436.917,751.611
566.306,1010.070,367.316,811.274,246.522,670.089,436.926,751.620
566.439,1010.200,367.244,811.342,246.128,669.773,436.945,751.382
566.270,1010.136,367.425,811.351,246.178,669.697,436.978,751.210
566.262,1010.021,367.468,811.428,246.628,669.620,437.020,751.470
566.274,1009.882,367.590,811.370,246.557,669.925,436.856,751.258
566.467,1010.328,367.729,811.321,246.948,669.880,436.946,751.384
566.399,1010.307,367.467,811.407,246.781,669.905,436.914,751.181
566.254,1010.424,367.315,811.277,246.509,669.808,436.989,751.446
566.403,1010.654,367.337,811.234,246.276,669.890,436.916,750.972
566.331,1010.282,367.442,811.345,246.455,669.768,436.949,751.290
566.137,1010.020,367.419,811.373,246.342,669.874,436.865,750.639
566.249,1010.165,367.756,811.299,246.444,670.293,436.951,751.232
566.280,1010.066,367.458,811.340,246.414,669.974,437.007,751.165
566.307,1010.095,367.617,811.313,246.366,669.857,436.961,750.609
566.328,1010.004,367.789,811.186,246.792,670.028,437.362,751.411
566.377,1010.189,367.769,811.268,246.712,669.986,437.089,751.222
566.362,1010.074,367.449,811.379,246.780,669.830,437.099,751.250
566.416,1010.198,367.543,811.403,246.805,669.775,437.155,750.691
566.345,1010.171,367.297,811.636,246.648,669.962,437.407,751.283
566.261,1009.931,367.429,811.770,246.624,669.745,437.239,751.251
566.270,1010.420,367.414,811.548,246.681,670.063,436.977,750.689
566.256,1010.319,367.456,811.422,246.650,670.041,436.998,750.286
566.355,1010.481,367.634,811.437,246.867,669.700,437.104,750.283
566.163,1009.997,367.582,811.391,246.861,669.719,437.041,750.197
566.262,1010.063,367.671,811.554,246.405,669.984,436.972,750.827
566.327,1010.186,367.469,811.237,246.440,669.988,436.889,750.478
566.236,1010.165,367.489,811.344,246.257,669.989,437.089,750.729
566.132,1009.961,367.543,811.530,246.369,669.919,436.977,750.774
566.422,1010.521,367.578,811.193,246.435,669.852,436.931,750.734
566.276,1009.986,367.572,811.194,246.352,669.925,436.986,750.976
566.287,1010.217,367.912,811.169,246.430,669.805,436.978,750.990
566.126,1009.826,367.882,811.161,246.343,669.906,436.952,751.002
566.169,1010.083,367.830,811.152,246.464,669.747,436.057,749.473
566.223,1010.167,367.521,811.300,246.375,669.703,436.184,749.576
566.400,1010.271,367.263,811.166,246.446,669.794,436.243,749.504
566.304,1010.310,367.474,811.463,246.623,669.913,435.933,749.248
566.310,1010.293,367.954,811.440,246.565,669.861,436.166,749.667
566.230,1010.180,368.012,811.364,246.390,669.712,436.358,749.824
566.306,1009.972,367.536,811.386,246.311,669.879,436.513,750.000
566.475,1010.323,367.620,811.557,246.291,669.843,436.390,749.472
566.279,1010.330,367.883,811.298,246.923,669.608,436.444,749.491
566.446,1010.440,368.057,811.540,246.501,669.761,436.564,749.733
566.234,1010.414,367.780,811.415,246.354,669.630,436.827,749.676
566.235,1010.424,367.634,811.631,246.546,669.809,437.656,749.631
566.307,1010.339,368.068,811.350,246.730,669.787,436.758,749.493
566.237,1010.153,367.861,811.199,246.639,669.797,437.038,748.101
566.224,1010.096,367.738,811.280,246.453,669.844,437.565,748.590
566.305,1010.430,367.742,811.274,246.538,669.835,437.742,748.799
566.215,1009.888,367.861,811.227,246.402,669.751,437.756,748.956
566.231,1009.897,367.823,811.144,246.477,669.650,437.286,748.524
566.196,1010.084,367.733,811.533,246.749,669.581,436.831,748.221
566.389,1010.033,367.779,811.389,246.730,669.811,437.135,748.571
566.131,1009.746,368.055,811.317,246.632,669.738,436.712,749.611
566.140,1010.322,368.097,811.456,246.556,669.840,436.484,749.033
566.111,1010.219,368.100,811.460,246.634,669.655,436.102,749.412
566.269,1009.911,367.672,811.298,246.834,669.683,435.836,747.440
566.368,1010.125,367.768,811.366,246.925,669.505,436.313,748.471
566.268,1010.296,367.971,811.289,246.943,669.698,435.363,747.777
566.455,1010.443,367.885,811.345,246.877,669.674,434.702,748.058
566.247,1009.904,367.416,811.413,246.841,669.667,434.961,747.934
566.288,1010.125,367.814,811.353,246.800,669.956,435.263,747.869
566.495,1010.128,367.654,811.311,246.682,669.626,435.290,747.999
566.321,1009.950,367.601,811.292,246.888,669.797,435.072,747.918
566.311,1010.096,367.909,811.226,246.859,669.636,434.836,748.171
566.273,1010.069,367.741,811.088,246.795,669.672,434.713,748.110
566.427,1010.209,367.675,811.262,246.620,669.699,434.876,748.363
566.243,1010.000,367.249,811.190,246.681,669.585,434.251,748.014
566.342,1010.117,367.714,811.242,246.690,669.561,433.273,747.707
566.205,1010.077,367.856,811.151,246.152,670.023,433.315,747.166
566.370,1010.116,368.025,811.173,246.276,669.908,432.783,747.042
566.193,1010.060,367.663,811.343,246.187,669.876,432.683,747.611
566.151,1010.056,367.371,811.386,246.319,669.923,432.533,747.984
566.376,1010.167,367.404,811.180,246.530,669.696,432.729,747.744
566.279,1010.011,367.382,811.174,246.344,669.815,432.517,747.857
565.988,1009.873,367.929,811.307,246.422,669.740,432.222,747.678
565.963,1010.045,367.836,811.204,246.323,669.769,432.024,746.833
566.220,1009.798,367.628,811.479,246.312,669.982,431.383,745.253
566.359,1010.041,367.350,811.281,246.156,669.896,432.025,746.492
566.292,1010.410,367.333,811.316,246.317,669.896,432.105,747.311
566.350,1010.117,367.189,811.696,246.351,669.817,431.712,745.906
566.203,1009.954,367.214,811.547,246.423,669.877,432.033,746.446
566.463,1010.110,367.745,811.515,246.164,669.993,432.185,747.868
566.373,1010.000,367.742,811.424,246.266,669.878,432.160,747.903
566.398,1010.121,367.448,811.243,246.241,669.962,432.260,747.741
566.513,1010.302,367.707,811.211,246.368,669.948,432.269,747.927
566.185,1010.091,367.258,811.228,246.422,669.904,431.848,746.575
566.290,1010.020,367.309,811.312,246.457,669.941,432.151,747.490
566.283,1010.017,367.721,811.110,246.374,669.950,432.293,747.570
566.398,1010.093,367.740,811.192,246.196,670.118,432.193,748.019
566.436,1010.312,367.017,811.370,246.253,670.023,432.148,747.981
566.524,1010.526,367.391,811.292,246.312,669.821,432.194,747.772
566.430,1010.202,367.589,811.331,246.549,670.002,432.264,747.742
566.127,1009.968,367.376,811.298,246.706,669.883,432.035,747.883
566.195,1010.111,367.265,811.154,246.832,669.791,432.167,747.826
566.257,1010.112,367.512,811.084,246.411,670.042,431.924,747.707
566.191,1010.052,367.380,811.000,246.692,669.918,432.011,747.627
566.393,1010.303,367.713,811.272,246.340,669.767,432.216,747.575
566.244,1010.071,367.973,811.193,246.669,669.510,432.096,747.955
566.291,1010.413,367.704,811.342,246.266,669.920,431.885,747.717
566.154,1010.032,367.707,811.430,246.431,669.710,432.131,748.127
566.378,1010.263,367.143,811.388,246.459,669.662,432.091,747.721
566.139,1009.861,366.995,811.275,246.518,669.662,432.267,748.084
566.137,1010.002,367.169,810.878,246.355,669.648,432.097,748.016
565.952,1009.738,367.326,811.222,246.257,669.580,431.804,746.924
566.064,1010.218,367.109,811.060,246.403,670.088,431.744,746.349
566.438,1010.281,367.916,811.130,246.677,669.841,431.987,747.765
566.450,1010.306,367.892,811.133,246.299,669.984,431.920,747.674
566.012,1009.652,367.297,811.329,246.220,669.858,432.059,746.843
566.148,1009.826,367.483,811.087,246.382,669.816,432.147,747.889
566.344,1010.339,367.773,811.071,246.636,669.743,432.111,747.610
566.488,1010.576,367.828,811.070,246.541,669.706,431.842,746.512
566.328,1010.338,367.356,811.113,246.396,669.935,432.198,747.622
566.133,1009.860,367.971,810.982,246.428,669.950,432.226,748.269
566.447,1010.049,367.944,811.140,246.464,669.991,431.910,747.929
566.182,1010.111,367.764,811.009,246.453,669.942,432.035,747.811
566.309,1010.207,367.497,811.040,246.392,669.969,432.021,748.005
566.292,1010.454,367.291,810.964,246.443,670.074,431.928,747.867
566.435,1010.125,367.224,810.997,246.437,669.612,431.989,748.026
566.383,1010.194,367.402,811.074,246.854,669.716,432.000,747.913
566.390,1010.174,367.574,811.079,246.394,669.909,431.981,748.045
566.136,1010.043,367.844,811.289,246.407,669.776,431.869,748.057
566.254,1010.181,367.713,811.047,246.679,669.873,431.872,748.218
566.252,1010.220,367.752,811.206,246.039,670.006,432.183,748.302
566.276,1010.222,367.934,811.180,246.074,670.123,431.890,748.225
565.984,1010.067,367.410,811.182,246.158,669.798,432.030,748.707
566.086,1009.771,367.952,811.134,246.104,669.755,432.054,748.632
566.156,1009.757,367.809,811.063,246.089,669.495,432.065,748.728
566.231,1010.267,367.444,811.129,246.065,669.719,432.200,748.924
566.458,1010.501,367.265,811.052,246.594,669.726,432.069,748.498
566.320,1010.360,367.866,810.897,246.385,669.810,432.019,748.411
566.413,1010.383,367.354,811.003,246.562,669.869,431.983,748.422
566.492,1010.507,367.561,811.198,246.616,669.874,432.012,748.693
566.363,1010.196,367.499,811.157,246.737,669.707,431.924,748.066
566.227,1009.899,367.384,811.121,246.735,669.762,431.849,748.013
566.357,1010.403,367.488,811.161,246.903,669.718,432.052,748.578
566.183,1009.981,367.451,810.972,246.386,669.728,432.339,748.924
566.211,1009.716,367.395,811.044,246.331,669.776,432.103,748.815
566.450,1010.296,367.368,811.069,246.294,669.960,432.080,748.625
566.393,1010.273,367.427,811.182,246.258,669.877,431.963,748.257
566.457,1010.598,367.437,811.160,246.293,669.943,431.917,748.369
566.531,1010.208,367.516,811.214,246.280,670.006,432.124,748.683
566.516,1010.693,367.317,811.130,246.464,669.761,432.214,748.486
566.398,1010.075,367.441,811.149,246.521,669.874,431.513,748.174
566.294,1010.162,367.172,810.981,246.445,669.786,431.843,748.216
566.321,1010.484,367.296,811.050,246.268,669.821,432.436,748.349
566.421,1010.328,367.121,810.949,246.219,669.711,432.565,748.008
566.220,1010.311,367.192,811.002,246.318,669.297,432.213,748.680
566.256,1010.066,367.216,811.125,246.374,669.305,432.192,748.481
566.337,1010.169,367.244,811.015,246.586,669.416,432.027,748.205
566.368,1010.082,367.263,810.949,246.531,669.606,432.207,748.473
566.342,1010.244,367.138,810.933,246.652,669.782,432.507,748.383
566.290,1009.990,367.060,811.111,246.383,669.877,432.343,748.389
566.332,1010.277,367.180,810.947,246.425,669.739,432.315,748.846
566.219,1010.280,367.122,811.103,246.992,669.656,432.447,748.286
566.440,1010.304,367.681,810.947,246.402,669.765,432.605,748.511
566.251,1010.019,367.109,810.940,246.360,669.828,432.637,748.261
566.397,1010.460,367.083,811.028,246.377,669.882,432.645,747.695
566.429,1010.396,367.151,811.079,246.708,669.637,432.876,748.172
566.306,1010.422,367.185,811.070,246.614,669.727,432.578,748.474
566.334,1010.301,367.235,811.009,246.176,669.980,432.626,748.680
566.429,1010.303,367.388,811.187,246.536,669.969,432.672,748.574
566.381,1010.200,367.316,810.918,247.002,669.357,432.824,748.331
566.258,1010.186,367.333,810.927,246.712,669.721,432.577,748.663
566.324,1010.343,367.424,810.942,246.430,669.767,432.529,748.394
566.100,1010.519,367.328,811.006,246.334,669.835,432.502,748.252
565.991,1009.942,367.091,810.885,246.350,669.791,432.447,749.150
566.190,1010.058,367.230,810.996,246.325,669.775,432.268,748.259
566.274,1010.116,367.619,811.044,246.212,669.976,432.279,748.532
566.134,1010.205,367.197,811.047,246.543,669.745,431.801,746.891
566.271,1010.497,367.539,810.914,246.350,669.816,432.406,748.442
566.332,1010.219,367.600,810.873,246.354,669.794,432.409,748.089
566.272,1010.176,367.641,811.022,246.344,669.749,432.137,748.209
566.452,1010.657,367.732,811.312,246.287,669.740,432.109,748.323
566.526,1010.445,367.531,811.324,246.401,669.744,431.993,747.835
566.259,1010.196,367.437,811.269,246.228,669.916,432.061,748.245
566.372,1010.244,367.508,811.327,246.175,669.803,432.079,748.558
566.408,1010.313,367.271,811.046,246.493,669.766,432.021,747.824
566.437,1010.458,367.042,811.144,246.480,669.848,432.175,748.077
566.419,1010.561,367.187,810.965,246.556,669.640,432.147,748.072
566.367,1010.590,367.575,810.935,246.489,669.719,432.029,748.185
566.281,1010.264,367.356,811.100,246.369,669.850,432.303,747.913
566.230,1010.149,367.346,810.802,246.339,669.841,432.114,748.119
566.420,1010.142,367.188,811.145,246.438,670.041,432.202,748.299
566.352,1010.519,367.248,811.243,246.116,670.049,432.012,748.376
566.296,1010.447,367.395,811.043,246.120,669.829,432.030,748.096
566.354,1010.301,367.354,811.155,246.232,670.007,432.137,748.397
566.326,1010.395,367.233,811.101,246.301,669.797,432.107,747.744
566.323,1010.214,367.487,811.141,246.546,669.877,431.888,747.644
566.210,1009.976,367.352,811.010,246.610,670.013,431.905,748.365
566.243,1010.056,367.269,811.110,246.542,669.690,432.054,748.771
566.273,1010.100,367.375,811.165,246.476,669.894,431.947,748.854
566.443,1010.453,367.851,810.923,246.307,669.745,431.963,748.836
566.366,1010.270,367.784,811.007,246.235,669.884,431.927,748.659
566.103,1010.297,367.022,811.060,246.342,669.902,432.107,748.991
566.161,1009.956,367.349,811.029,246.078,669.676,432.513,749.439
566.250,1010.158,367.536,811.026,246.484,669.846,432.694,749.096
566.184,1010.446,367.409,811.016,246.209,669.818,432.740,748.751
566.211,1010.474,367.369,811.007,246.191,669.924,432.869,748.642
566.038,1011.166,367.660,811.026,246.586,669.902,432.837,749.149
566.102,1011.322,367.911,810.969,246.632,669.883,432.704,749.667
566.015,1010.937,367.375,811.074,246.570,669.830,432.953,749.116
565.988,1011.113,367.451,811.021,246.594,669.917,433.010,748.522
566.281,1011.027,367.500,810.770,246.405,669.740,432.760,748.306
566.706,1011.376,367.480,810.858,246.334,669.614,432.538,748.659
566.763,1011.443,367.306,810.858,246.315,669.862,432.383,748.578
566.763,1011.774,367.290,811.055,246.185,670.181,432.383,748.806
566.817,1011.821,367.147,810.900,246.954,669.669,432.451,748.597
566.809,1012.068,367.076,811.033,246.878,669.544,432.510,748.874
566.820,1012.148,367.546,810.937,246.377,669.902,432.305,748.524
566.802,1012.080,367.444,810.820,246.550,669.966,432.708,748.968
566.748,1012.141,367.714,810.844,246.676,670.031,432.390,748.916
566.606,1012.161,367.659,810.956,246.460,669.991,432.408,749.517
566.831,1012.294,367.516,810.833,246.495,669.914,432.612,749.499
566.812,1012.188,367.818,810.981,246.437,669.962,432.579,750.343
566.890,1012.248,367.706,810.938,246.185,669.910,432.468,749.412
566.697,1012.018,367.661,810.981,246.458,669.939,432.190,749.896
566.598,1011.934,367.715,811.072,246.424,669.844,432.169,749.715
566.763,1012.397,367.160,811.139,246.398,669.828,432.442,749.613
566.560,1012.075,367.181,810.895,246.427,669.838,432.905,749.650
566.719,1012.106,367.605,810.978,246.256,669.902,432.721,749.697
566.637,1012.115,367.081,810.950,246.260,669.881,432.877,749.939
566.441,1012.050,367.160,810.899,246.359,669.687,432.701,749.632
566.564,1011.998,367.276,811.021,246.440,669.578,432.501,749.137
566.694,1012.085,367.301,811.069,246.461,669.556,432.602,748.351
566.972,1012.478,367.278,810.857,246.388,669.929,431.735,746.953
566.709,1012.779,367.200,810.870,246.512,669.808,432.398,748.451
566.682,1012.367,366.960,810.920,246.292,670.003,432.504,748.346
566.548,1012.318,367.174,810.919,246.292,669.926,432.638,748.648
566.203,1012.173,367.312,811.019,246.249,670.054,432.194,747.945
566.471,1011.950,367.247,811.071,246.367,669.846,432.075,748.053
566.772,1012.708,367.390,811.008,246.363,669.744,432.119,748.416
567.051,1012.877,367.401,811.092,246.464,669.982,432.272,747.886
566.836,1012.665,367.265,810.953,246.496,669.892,432.335,748.865
566.849,1012.557,367.633,810.960,246.552,669.757,432.011,748.723
567.273,1013.022,367.601,810.841,246.333,669.827,432.313,748.861
567.324,1012.909,367.615,810.890,246.610,669.870,432.351,748.700
567.333,1012.953,367.699,810.883,246.727,669.835,432.264,749.006
567.532,1012.955,367.606,810.875,246.722,669.838,432.445,749.313
567.566,1013.036,367.438,810.888,246.507,669.850,432.228,748.766
567.524,1013.110,367.394,810.886,246.187,669.851,431.934,748.046
567.469,1012.921,367.438,810.905,246.147,669.553,432.387,748.379
567.620,1012.872,367.407,811.108,246.323,669.916,431.811,748.194
567.573,1012.800,367.767,810.936,246.482,669.719,432.092,749.185
567.521,1012.879,367.405,810.967,246.609,669.856,432.141,749.337
567.351,1012.788,367.370,810.995,246.340,669.918,432.175,749.035
567.768,1013.058,367.629,811.027,246.368,669.868,432.201,748.906
567.704,1012.990,367.518,810.974,246.461,669.882,432.024,749.484
567.894,1013.184,367.416,810.642,246.401,669.711,432.131,749.566
568.147,1013.378,367.413,810.730,246.795,669.643,432.126,749.265
568.136,1013.534,367.536,810.903,246.641,669.689,432.152,748.508
568.346,1013.828,367.467,810.807,246.724,669.661,432.166,749.376
568.828,1014.490,367.655,810.982,246.579,669.816,432.039,749.010
569.429,1014.874,367.436,810.910,246.666,670.062,432.433,748.537
569.980,1015.216,367.577,810.866,246.571,669.794,432.508,748.270
569.980,1015.217,367.745,811.034,246.764,669.719,432.767,747.883
570.113,1015.277,367.587,810.803,246.758,669.696,432.347,749.153
570.160,1015.162,367.730,810.922,246.475,669.814,432.695,749.621
570.144,1015.174,367.794,810.873,246.301,669.843,433.062,749.468
570.146,1015.272,367.820,810.866,246.411,669.839,432.725,748.766
569.954,1015.065,367.896,810.926,246.541,669.941,432.798,749.213
570.075,1015.135,367.767,811.028,246.341,670.011,432.915,750.051
570.031,1015.089,367.756,810.950,246.670,670.199,432.806,749.662
569.867,1015.057,367.682,810.852,246.611,670.043,432.592,749.867
570.068,1015.098,367.537,811.156,246.179,669.896,433.273,750.410
569.951,1014.973,367.378,811.120,246.211,669.960,433.256,750.391
570.054,1014.926,367.080,811.064,246.546,669.830,433.181,749.948
569.998,1015.115,366.998,811.146,246.404,669.948,433.312,750.460
570.207,1015.116,367.273,810.928,246.947,669.885,433.139,750.172
570.110,1015.085,367.191,810.975,246.429,669.872,432.495,749.736
570.089,1015.099,367.409,810.889,246.321,669.944,431.921,749.253
570.217,1015.320,367.488,810.737,246.289,670.045,432.731,750.090
570.090,1015.377,367.575,810.748,246.641,669.955,433.180,750.209
569.886,1015.247,367.389,810.630,246.568,669.979,432.827,750.141
569.810,1015.441,367.713,810.929,246.565,670.040,432.327,749.424
569.616,1015.481,367.747,811.068,246.495,669.942,432.983,750.079
569.855,1015.618,367.750,811.006,246.655,669.852,432.779,749.699
569.698,1015.524,367.950,810.942,246.618,669.747,432.732,750.082
569.734,1015.692,367.866,810.877,246.602,669.818,432.856,750.012
569.817,1015.559,367.355,810.942,246.788,669.649,432.906,749.737
569.858,1015.576,367.386,811.002,246.171,669.833,433.349,750.690
569.733,1015.534,367.286,810.964,246.249,669.924,433.188,750.401
569.314,1015.451,367.245,810.935,246.436,669.723,432.493,749.774
568.171,1014.906,367.109,810.919,246.421,669.883,433.696,751.383
567.408,1014.854,367.195,811.025,246.508,669.993,433.119,749.699
566.801,1014.308,367.662,810.850,246.630,669.883,433.449,750.103
566.562,1013.672,367.654,810.956,246.614,669.850,433.078,750.259
565.674,1013.818,367.502,810.861,246.242,669.732,433.027,749.632
565.443,1013.268,367.189,810.875,246.607,669.355,433.796,751.280
565.474,1013.650,367.068,810.901,246.428,669.399,432.955,749.917
565.293,1013.516,367.639,810.886,246.311,669.650,434.004,751.387
565.759,1013.753,367.573,810.871,246.389,669.699,433.713,750.990
564.772,1013.394,367.645,810.908,246.429,669.925,433.063,750.077
564.473,1012.896,367.611,810.894,246.431,669.914,432.756,749.727
564.097,1012.179,367.917,810.992,246.577,669.778,433.065,749.888
564.750,1013.056,367.626,811.107,246.525,669.901,432.958,750.098
564.281,1012.470,367.293,810.858,246.140,669.911,433.503,751.124
564.492,1012.795,367.311,811.022,246.287,669.914,434.054,751.572
564.658,1012.323,367.459,810.935,246.525,669.551,433.997,750.188
564.631,1012.282,367.028,810.853,246.564,669.783,433.653,750.872
564.063,1011.767,367.068,810.772,246.525,669.836,433.074,749.473
562.518,1010.434,367.107,810.841,246.698,669.689,433.120,750.353
561.326,1009.732,367.194,810.786,246.572,669.652,433.849,750.139
561.675,1009.771,367.618,810.663,246.598,669.448,433.520,750.657
560.606,1009.112,367.714,810.792,246.346,669.766,433.843,751.166
560.469,1009.393,367.448,810.889,246.461,669.570,433.862,751.472
559.755,1008.798,367.629,810.944,246.114,669.597,434.159,751.477
560.348,1009.670,367.453,810.927,245.986,669.874,433.796,749.790
560.138,1009.601,367.358,810.804,245.832,669.619,432.816,750.582
560.302,1009.494,367.586,810.867,246.282,669.793,433.939,749.923
559.889,1009.119,367.655,810.950,246.196,669.720,433.899,749.857
559.955,1009.444,367.534,810.886,246.425,669.596,433.842,750.266
560.153,1009.080,367.279,810.901,246.368,669.701,434.027,750.358
560.221,1009.428,367.485,810.910,246.686,669.977,434.148,751.895
559.919,1008.715,367.723,810.957,246.646,669.641,434.208,749.712
560.070,1008.829,367.683,810.798,246.212,669.748,434.171,749.900
559.688,1008.546,367.619,810.823,246.555,669.691,433.585,750.393
559.737,1008.152,367.491,810.794,246.553,669.550,433.760,749.696
559.356,1008.003,367.222,810.964,246.686,669.786,433.812,751.563
558.693,1007.739,367.540,811.168,246.669,669.659,433.463,751.625
557.834,1006.952,367.418,811.023,246.489,669.237,433.916,751.231
556.979,1006.631,367.361,811.085,246.776,669.522,433.821,751.329
556.739,1006.042,367.703,810.876,246.587,669.802,433.356,750.751
557.255,1006.409,367.527,810.845,246.481,669.664,432.801,750.148
556.716,1005.849,367.349,810.915,246.190,669.465,433.049,749.661
557.025,1005.501,367.194,810.876,246.731,669.511,433.300,750.640
556.979,1005.387,367.065,810.852,246.314,669.961,433.985,751.556
557.046,1005.262,367.739,810.760,246.620,669.822,433.066,750.200
556.937,1005.203,367.237,810.799,246.671,669.775,433.686,751.228
556.654,1004.787,367.816,810.927,246.954,669.822,433.644,751.431
557.538,1005.350,367.764,810.947,246.717,669.777,433.811,750.640
556.769,1004.539,367.563,810.995,246.246,669.786,433.568,751.108
556.927,1004.642,367.480,811.137,246.175,669.645,433.432,751.038
556.802,1004.980,367.758,810.747,247.084,669.351,434.401,752.135
556.273,1004.441,367.792,810.828,246.768,669.349,434.043,751.791
556.201,1004.621,367.306,810.805,246.733,669.735,433.864,751.456
556.940,1005.259,367.272,810.796,246.680,669.797,433.864,751.493
556.337,1004.212,367.192,810.802,246.600,669.585,433.268,750.997
556.334,1004.658,367.172,810.746,246.092,669.786,433.875,749.597
555.875,1003.741,366.984,810.784,246.161,669.810,433.268,750.997
555.981,1004.045,367.365,810.999,246.146,669.768,433.379,750.932
556.131,1004.379,367.274,810.881,246.185,669.631,433.818,750.187
555.851,1003.582,367.114,810.866,246.198,669.683,432.714,749.356
556.332,1004.200,367.264,810.858,246.309,669.682,432.964,750.701
556.373,1004.121,367.383,810.910,246.211,669.801,433.286,751.091
556.071,1003.628,367.348,810.924,246.261,669.857,433.749,749.461
556.096,1004.093,367.277,810.865,246.565,669.792,433.769,750.067
555.794,1004.087,367.368,810.854,246.791,669.722,432.221,751.025
556.081,1004.466,367.566,810.903,246.613,669.916,433.123,749.822
555.884,1004.018,367.599,810.938,246.603,669.786,434.353,747.046
556.447,1004.814,367.493,810.984,246.172,669.813,433.653,749.880
556.414,1004.397,367.310,810.926,246.653,669.814,433.194,750.938
556.143,1004.324,367.755,810.872,246.371,669.760,434.364,747.738
556.470,1004.329,367.407,811.060,246.279,669.731,432.588,749.662
556.150,1004.231,367.295,811.002,246.858,669.687,433.460,751.178
556.246,1004.288,366.972,811.068,246.485,669.621,433.868,752.095
556.185,1004.294,366.979,811.069,246.588,669.761,433.615,751.668
555.928,1003.835,367.782,810.914,246.162,669.707,433.556,751.703
556.437,1004.086,367.695,810.847,246.273,669.530,433.846,751.847
555.783,1003.855,367.822,810.759,246.664,669.731,433.811,752.052
555.768,1003.834,367.802,810.874,246.598,669.609,432.899,751.089
555.725,1003.764,367.292,810.857,246.416,669.869,432.184,750.951
555.913,1003.681,367.516,810.904,246.474,669.741,433.356,751.170
555.932,1003.910,367.123,810.877,246.674,670.050,433.107,751.268
555.640,1003.765,367.741,810.807,246.199,669.541,433.255,750.933
555.714,1003.578,367.557,810.964,246.648,669.828,434.011,751.158
555.572,1003.366,367.435,810.835,246.223,669.677,432.697,751.074
555.543,1003.494,367.570,810.804,246.248,669.763,433.550,751.666
555.847,1003.746,367.292,811.098,246.670,669.829,434.253,749.675
555.966,1004.074,367.660,811.148,246.549,669.859,434.329,752.096
555.728,1003.956,367.883,810.919,246.399,669.601,433.828,751.867
555.710,1003.639,367.516,811.164,246.382,669.712,433.957,751.898
555.956,1004.062,367.493,811.018,246.522,669.800,433.730,751.530
555.894,1004.101,367.506,811.011,246.340,669.822,433.348,751.778
555.924,1003.889,367.573,810.905,246.270,669.742,432.779,751.354
556.330,1004.118,367.527,811.006,246.171,669.655,432.001,750.336
555.894,1003.532,367.566,810.875,246.612,669.742,432.731,750.997
555.829,1003.641,367.784,811.002,246.561,669.654,432.461,750.061
556.065,1003.865,367.198,810.948,246.624,669.767,432.640,750.524
555.744,1003.560,367.191,810.713,246.401,669.879,433.096,750.555
555.802,1003.563,367.235,810.834,246.478,669.637,433.409,751.419
555.972,1003.840,367.611,810.810,246.373,669.981,432.828,750.283
555.794,1003.683,367.571,810.861,246.301,669.664,433.768,751.010
555.876,1003.982,367.428,810.845,246.638,669.603,432.622,750.272
555.899,1003.775,367.412,810.880,246.494,669.732,432.301,750.651
555.788,1003.662,367.315,810.774,246.691,669.525,432.592,750.658
555.878,1004.048,367.259,810.819,246.896,669.542,432.933,751.161
555.824,1003.466,367.684,810.663,246.652,669.578,433.279,751.065
555.732,1003.408,367.630,810.743,246.535,669.762,432.823,750.695
555.713,1003.653,367.316,810.898,246.538,669.618,432.600,750.043
555.375,1003.495,367.482,810.964,246.509,669.748,432.681,750.017
555.156,1003.319,366.987,810.853,246.525,669.650,432.652,749.793
556.072,1003.561,367.563,811.092,246.286,669.532,433.344,750.320
556.152,1003.751,367.598,811.099,246.358,669.435,433.577,750.611
555.103,1002.512,367.700,810.925,246.632,669.516,433.630,750.290
555.655,1003.306,367.944,811.028,246.416,669.687,433.567,750.190
555.104,1002.977,367.863,811.082,246.488,669.845,433.742,750.347
555.106,1002.752,367.726,810.978,246.250,670.070,434.046,751.702
555.481,1002.769,367.420,810.992,246.357,669.959,433.585,750.711
554.937,1002.270,367.449,810.878,246.193,669.469,433.366,750.326
555.575,1002.892,367.579,811.009,246.301,669.858,433.357,751.143
555.676,1003.207,367.731,811.075,246.359,669.938,433.985,751.749
554.903,1002.272,367.353,810.921,246.425,669.827,433.293,750.539
555.690,1003.075,367.535,810.979,246.246,669.619,433.684,751.075
555.436,1002.904,367.545,810.863,246.398,669.680,433.393,751.067
555.212,1002.955,367.401,811.123,246.168,669.709,433.737,751.313
555.595,1003.496,367.361,811.015,246.267,669.602,433.910,751.430
555.381,1002.994,367.392,810.986,246.241,669.644,433.396,750.760
555.326,1003.123,367.491,811.029,246.228,669.806,433.679,751.667
555.293,1002.998,367.365,810.930,246.227,669.788,434.098,750.879
555.196,1002.810,367.290,810.811,246.219,669.758,434.575,750.624
555.396,1003.167,367.603,810.993,246.239,669.868,433.906,750.236
555.549,1003.223,367.626,810.954,246.339,669.777,433.850,751.370
555.609,1003.425,367.836,810.936,246.240,669.853,434.309,751.960
555.652,1003.342,367.940,810.882,246.737,669.713,434.724,751.481
555.675,1003.483,368.011,810.990,246.401,669.888,434.063,751.871
555.542,1003.349,367.777,810.874,246.104,669.961,433.839,751.615
555.094,1002.715,367.318,810.946,246.717,669.507,433.574,751.335
555.209,1002.600,367.594,810.830,246.642,669.747,433.285,751.369
554.907,1002.132,367.346,810.984,246.652,669.859,433.064,751.594
555.139,1002.140,367.463,810.981,246.173,669.887,433.610,751.777
554.554,1001.503,367.746,811.043,246.226,669.971,433.795,751.872
555.107,1002.517,367.391,811.106,246.640,669.686,433.688,751.749
555.030,1002.017,367.287,811.326,246.689,669.787,434.084,751.091
555.116,1002.228,367.079,811.202,246.775,669.639,433.560,751.612
555.400,1002.732,367.274,811.204,246.698,669.838,434.015,751.934
554.701,1002.117,367.187,810.862,246.683,669.821,434.115,751.316
554.785,1002.347,367.183,811.103,246.716,669.692,434.450,751.515
554.952,1002.457,367.169,810.904,246.153,669.810,434.250,751.510
554.321,1001.827,367.715,811.046,246.252,669.921,433.185,750.989
554.613,1002.429,367.518,811.204,246.540,669.735,433.225,751.378
554.837,1001.957,367.683,810.873,246.570,669.808,433.742,751.730
555.108,1002.700,367.806,810.870,246.598,669.728,433.658,751.516
555.939,1003.349,367.631,810.990,246.645,669.725,434.042,752.238
555.566,1003.213,367.700,810.907,246.642,669.717,433.479,751.972
555.465,1003.338,367.558,810.873,246.541,669.501,433.809,751.698
555.382,1003.190,367.671,810.880,246.746,669.597,433.784,751.709
555.449,1003.138,367.349,810.920,246.557,669.610,433.403,751.987
555.469,1003.329,367.285,811.138,246.673,669.491,433.176,751.795
555.390,1003.413,367.609,810.771,246.157,669.602,433.213,752.274
555.404,1003.424,367.714,810.887,246.696,669.443,433.324,753.169
555.799,1004.122,367.407,810.919,246.279,669.671,433.000,752.225
555.523,1003.315,367.811,810.863,246.334,669.721,433.681,752.420
555.249,1003.529,367.276,811.087,246.324,669.592,433.396,752.447
555.646,1003.712,367.817,810.895,246.294,669.552,433.005,752.797
555.736,1003.558,367.370,810.905,246.247,669.696,433.171,752.192
555.403,1003.323,367.405,810.757,246.198,669.750,433.078,751.168
555.187,1003.248,367.184,810.854,246.113,669.731,433.311,750.826
555.594,1003.302,367.752,810.908,246.251,669.770,433.324,750.286
555.044,1002.799,367.713,810.931,246.138,669.787,433.558,750.060
555.194,1003.159,367.111,810.854,246.517,669.853,433.969,750.593
555.268,1003.186,367.504,810.674,246.549,669.732,434.678,749.893
555.547,1003.019,367.263,810.913,246.533,669.553,435.243,750.538
555.332,1002.995,367.091,810.860,246.682,669.581,435.306,751.199
555.317,1002.899,367.312,811.125,246.828,669.832,435.088,750.599
555.269,1002.773,367.620,811.083,246.597,669.765,434.946,750.414
555.343,1003.440,367.391,811.007,246.301,669.865,435.275,749.834
555.304,1003.101,367.536,810.779,246.732,669.784,435.321,749.578
555.158,1002.976,367.132,810.877,246.695,669.889,435.194,749.502
555.078,1002.958,367.377,811.019,246.559,669.827,434.696,748.883
555.176,1002.970,367.377,811.027,246.613,669.783,435.283,749.141
555.448,1002.817,367.385,810.945,246.614,669.752,435.042,748.782
555.117,1003.047,367.344,810.997,246.756,669.660,435.066,748.778
555.278,1003.050,367.792,810.931,246.412,669.780,434.718,748.191
555.339,1002.818,367.853,810.958,246.269,669.731,434.791,748.478
555.319,1002.983,367.883,810.928,246.249,669.715,435.283,748.643
555.023,1002.643,367.521,810.986,246.434,669.514,435.072,748.966
555.116,1002.877,367.343,810.876,246.598,669.842,434.929,749.131
555.267,1003.283,367.515,810.811,246.501,669.861,434.530,748.734
555.189,1003.281,367.561,810.911,246.340,669.927,434.160,748.438
555.508,1003.423,367.395,811.342,246.323,669.865,434.274,748.697
555.597,1003.421,367.381,811.278,246.355,669.771,434.119,748.574
555.799,1004.031,367.386,810.844,246.658,669.754,434.728,748.538
556.052,1004.172,367.430,810.940,246.662,669.745,434.421,748.684
556.098,1004.662,367.320,810.794,246.501,669.698,434.265,748.452
556.473,1004.906,367.350,810.887,246.480,669.655,434.268,749.839
556.387,1004.470,367.138,810.754,246.527,669.550,434.212,749.356
556.247,1004.191,367.296,810.929,246.496,669.544,434.318,750.281
556.806,1004.650,367.666,810.918,246.424,669.603,434.465,749.829
556.711,1004.640,367.690,810.996,246.551,669.627,434.557,750.411
557.140,1005.073,367.908,811.114,246.605,669.599,434.672,750.301
556.866,1004.845,367.884,811.069,246.531,669.647,434.822,750.089
556.935,1005.086,367.333,811.168,246.327,669.696,434.981,750.697
556.790,1004.956,367.407,811.129,246.478,669.673,434.699,749.658
556.897,1004.960,367.458,811.004,246.556,669.369,435.006,750.033
557.113,1004.865,366.996,811.023,246.531,669.420,435.005,750.333
557.397,1005.487,366.884,811.009,246.490,669.511,435.033,749.709
556.880,1005.238,367.402,810.888,246.500,669.461,434.868,750.011
556.278,1004.648,367.463,810.912,246.372,669.475,434.453,749.377
556.697,1004.971,367.305,810.874,246.319,669.615,434.638,750.022
556.643,1004.928,367.289,811.025,246.492,669.508,434.771,750.104
556.946,1005.157,367.542,810.952,246.524,669.436,434.803,750.490
557.141,1005.468,367.396,811.013,246.661,669.484,435.015,750.557
557.580,1004.965,367.405,811.016,246.862,669.559,434.349,749.544
557.319,1004.610,367.379,810.897,246.679,669.626,434.509,749.757
557.447,1004.469,367.325,811.040,246.625,669.490,434.423,749.263
557.399,1004.937,367.290,810.902,246.687,669.550,434.421,749.421
557.353,1004.824,367.168,811.017,246.745,669.590,434.510,749.553
557.477,1005.024,367.441,810.963,246.738,669.530,434.642,749.752
557.377,1004.971,367.216,810.907,246.734,669.585,434.512,749.975
557.455,1005.256,367.072,810.896,246.453,669.451,434.664,749.322
557.448,1005.405,367.392,810.963,246.518,669.501,434.783,749.811
557.999,1006.042,367.361,810.932,246.493,669.487,434.588,749.378
558.670,1006.711,367.617,810.937,246.520,669.473,434.770,749.992
559.148,1007.328,367.393,810.944,246.532,669.564,435.055,750.042
559.404,1007.418,367.456,810.963,246.453,669.545,435.218,750.620
559.611,1007.616,367.446,811.013,246.461,669.649,434.785,750.398
559.675,1007.832,367.405,810.966,246.557,669.637,434.761,750.197
559.255,1007.653,367.170,810.953,246.431,669.649,434.984,750.124
559.537,1007.825,367.403,810.882,246.893,669.536,434.741,749.819
559.660,1007.707,367.418,810.947,246.447,669.571,434.809,749.617
559.815,1007.666,367.422,810.924,246.326,669.584,434.997,749.509
560.015,1007.919,367.370,811.080,246.471,669.685,435.154,749.621
559.906,1007.508,367.254,811.159,246.359,669.670,435.109,749.469
559.823,1007.685,367.285,810.932,246.453,669.515,435.313,749.776
559.526,1007.245,367.482,810.815,246.266,669.756,435.114,750.405
559.445,1007.215,367.576,810.958,246.282,669.784,434.958,750.513
559.358,1006.751,367.675,811.011,246.357,669.725,434.888,750.679
559.539,1006.890,367.620,810.980,246.455,669.616,435.078,750.245
559.956,1006.946,367.140,811.336,246.639,669.640,435.017,750.383
560.688,1007.013,367.410,810.922,246.486,669.569,435.052,750.413
560.816,1007.027,367.502,811.078,246.415,669.621,435.108,750.102
560.178,1006.668,367.124,811.202,246.559,669.470,435.164,750.626
560.296,1007.286,367.420,811.003,246.701,669.538,435.194,750.646
560.509,1007.300,367.161,811.111,246.271,669.693,435.217,750.258
560.581,1007.323,367.116,811.235,246.177,669.699,435.184,750.313
560.599,1007.959,367.183,810.882,246.497,669.615,435.180,750.229
560.288,1007.976,367.292,810.844,246.553,669.677,435.208,750.024
560.055,1007.950,367.794,810.823,246.562,669.438,435.386,750.323
559.950,1008.473,367.533,811.096,246.497,669.579,435.221,750.154
560.193,1009.261,367.270,810.867,246.244,669.621,435.247,750.326
560.633,1010.099,367.128,810.900,246.269,669.630,435.205,750.141
561.086,1010.855,367.991,810.945,246.592,669.542,435.138,750.178
561.565,1011.525,367.257,811.084,246.246,669.823,435.277,749.808
562.058,1012.180,367.776,811.147,246.585,669.759,434.989,749.572
562.668,1012.500,367.339,810.647,246.589,669.747,435.000,749.702
562.294,1012.353,367.303,811.096,246.705,669.779,434.612,749.497
562.114,1012.096,367.344,810.852,246.175,669.412,434.813,749.457
561.996,1012.023,367.041,811.257,246.141,669.600,435.135,749.880
561.839,1011.962,367.141,810.816,246.837,669.701,435.382,749.325
561.887,1011.963,367.451,810.874,246.723,669.666,435.135,749.514
562.583,1012.080,367.428,810.969,246.568,669.669,434.999,749.002
562.731,1012.284,367.146,810.876,246.771,669.575,434.772,748.481
562.998,1012.836,367.601,811.027,246.317,669.712,435.241,748.627
562.552,1012.421,367.830,811.010,246.475,669.699,435.444,748.825
562.920,1012.667,367.490,810.776,246.546,669.793,435.335,748.215
563.109,1012.686,367.045,810.830,246.792,669.528,435.201,748.487
563.037,1012.418,367.523,810.623,246.534,670.028,434.640,749.043
563.396,1012.606,367.025,810.695,246.864,669.346,434.931,748.385
563.984,1012.762,367.085,810.693,246.673,669.586,435.140,748.683
564.436,1013.227,367.089,810.722,246.572,669.728,434.960,748.385
563.905,1012.876,367.210,810.696,246.569,669.635,435.170,748.263
563.767,1012.836,366.902,811.044,246.165,669.740,435.226,748.004
563.450,1012.726,367.012,811.044,246.372,669.681,435.323,748.000
563.838,1013.012,367.423,810.846,246.491,669.545,435.597,748.757
564.153,1013.106,367.032,811.031,246.447,669.685,435.587,748.018
564.130,1013.172,367.034,810.985,246.558,669.651,435.801,748.548
564.194,1013.098,367.029,811.119,246.682,669.617,435.903,748.666
563.932,1012.975,367.276,810.811,246.761,669.532,435.827,748.187
564.029,1012.998,367.823,810.953,246.423,669.641,435.939,747.806
564.331,1013.206,367.641,810.826,246.241,669.664,436.032,748.183
564.301,1012.810,367.629,810.844,246.086,669.807,435.777,747.761
564.227,1012.814,367.143,810.735,246.469,669.595,435.926,747.154
564.006,1012.998,367.299,810.871,246.583,669.914,435.999,747.355
563.964,1013.059,367.129,810.765,246.442,669.536,436.097,747.213
564.231,1013.267,367.166,810.944,246.437,669.944,436.118,747.080
564.326,1013.336,367.021,811.100,246.336,669.944,436.128,747.165
564.119,1013.012,367.508,810.833,246.573,669.788,436.061,747.157
563.792,1012.809,367.461,810.807,246.613,669.709,436.204,746.965
563.912,1012.904,367.368,811.061,246.603,669.677,436.007,747.101
563.776,1012.764,367.339,811.085,246.636,669.818,435.949,746.935
563.812,1012.898,367.533,811.129,246.267,669.702,435.797,746.830
563.936,1012.998,367.168,810.827,246.141,669.778,435.885,747.149
563.824,1012.661,367.099,810.874,246.401,669.851,435.900,747.070
563.971,1013.082,367.087,810.832,246.499,669.630,436.142,747.893
563.964,1012.938,367.268,810.818,246.701,669.600,436.191,747.101
564.006,1013.185,367.621,810.982,246.811,669.533,436.288,747.175
564.020,1013.077,367.491,810.870,246.717,669.602,436.201,747.437
563.833,1013.181,367.548,810.818,245.979,669.567,436.072,747.426
563.882,1013.205,367.612,810.801,246.265,669.643,435.966,746.679
563.829,1013.268,367.916,810.991,246.644,669.530,435.862,746.806
563.888,1013.209,367.219,810.974,246.567,669.695,435.785,747.597
563.995,1013.213,367.224,810.766,246.257,669.704,435.819,747.583
563.982,1013.310,367.264,810.773,246.215,669.611,435.428,747.528
564.137,1013.331,367.500,810.620,246.179,669.687,435.552,746.908
563.832,1013.096,367.328,810.853,246.412,669.546,435.333,746.496
563.718,1013.037,367.371,810.899,246.422,669.627,435.359,746.430
563.678,1013.012,367.691,810.720,246.283,669.807,435.275,746.797
563.686,1012.816,367.149,810.678,246.388,669.671,435.324,747.028
563.921,1013.367,367.405,810.829,246.316,669.608,435.345,747.035
563.862,1013.283,367.272,810.753,246.248,669.666,435.356,746.863
563.962,1013.040,367.226,810.993,246.345,669.726,435.315,746.781
563.908,1013.090,367.539,810.914,246.244,669.544,435.400,746.860
563.833,1013.157,367.348,810.939,246.194,669.851,435.459,746.844
563.925,1013.293,367.433,810.989,246.251,669.748,435.345,746.797
563.994,1013.392,367.337,810.950,246.297,669.721,435.357,746.737
563.937,1013.301,367.294,810.869,246.619,669.613,435.279,746.866
563.758,1013.245,367.046,811.124,246.638,669.589,435.212,746.597
563.822,1013.204,367.706,810.930,246.517,669.448,435.477,746.838
563.756,1013.242,367.750,810.903,246.218,669.546,435.427,746.747
563.592,1013.179,367.037,810.996,246.484,669.608,435.333,746.791
563.913,1013.298,367.064,811.152,246.204,669.666,435.343,747.045
563.837,1013.233,367.229,810.915,246.185,669.614,435.396,747.122
563.694,1013.179,367.295,810.814,246.715,669.450,435.413,747.077
563.648,1013.314,367.026,810.819,246.695,669.706,435.457,747.187
563.739,1013.344,367.131,810.778,246.720,669.580,435.367,747.066
563.842,1013.301,367.114,810.753,246.401,669.607,435.272,747.109
563.834,1013.206,367.183,810.781,246.426,669.645,435.365,747.341
563.829,1013.324,367.310,810.831,246.118,669.429,435.395,747.394
563.750,1013.195,367.123,811.106,246.219,669.515,435.352,747.389
563.562,1012.817,366.907,810.986,246.142,669.831,435.286,747.328
563.766,1012.965,367.314,811.162,246.226,669.596,435.323,747.287
563.739,1013.035,367.410,811.077,246.302,669.705,435.217,747.214
563.784,1013.373,367.228,810.838,246.314,669.620,435.317,747.572
563.803,1013.070,367.313,810.919,246.293,669.758,435.230,747.490
563.677,1013.390,367.291,810.784,246.595,669.574,435.016,747.294
563.743,1013.443,367.263,810.788,246.688,669.565,435.100,747.306
563.823,1013.396,367.348,810.744,246.686,669.645,435.127,747.556
563.991,1013.498,367.339,810.714,246.662,669.765,435.078,747.503
563.701,1012.792,367.488,810.918,246.938,669.633,434.988,747.279
563.781,1013.016,367.326,810.825,246.812,669.717,434.838,747.353
563.609,1013.258,367.381,810.896,246.912,669.754,434.809,747.428
563.868,1013.074,367.265,810.741,246.905,669.810,434.879,747.532
563.812,1013.497,367.279,810.762,246.535,669.529,435.183,748.007
563.674,1013.256,366.950,811.063,246.819,669.567,435.449,748.260
563.971,1013.393,367.036,811.208,246.162,670.078,435.573,748.665
563.815,1013.355,367.474,811.058,246.328,669.426,435.546,749.147
563.711,1013.284,367.445,810.864,246.365,669.542,435.591,749.568
563.932,1013.391,367.332,811.077,246.579,669.588,435.452,750.149
563.982,1013.103,367.206,811.031,246.676,669.630,435.308,749.554
563.770,1013.140,367.324,810.907,246.405,669.770,435.781,750.253
564.038,1013.371,367.530,810.885,246.597,669.886,436.149,748.654
563.631,1013.076,367.125,810.855,246.754,669.617,436.132,748.264
563.745,1013.249,367.206,810.844,246.573,669.899,436.555,748.557
563.811,1013.207,367.179,810.878,246.620,669.863,436.520,748.545
563.836,1013.357,367.401,810.924,246.826,669.823,436.643,748.722
563.644,1012.887,367.288,810.875,246.531,669.771,437.160,748.570
564.023,1013.111,367.363,810.834,246.449,669.669,436.949,747.903
563.829,1012.892,367.757,810.757,246.434,669.627,436.962,747.636
563.729,1012.895,367.879,810.926,246.728,669.388,436.870,747.297
563.982,1012.981,367.871,810.920,246.758,669.342,436.734,747.609
563.926,1012.951,367.847,810.858,246.561,669.590,436.680,747.525
563.653,1012.795,367.405,810.848,246.673,669.565,436.477,747.202
563.922,1012.894,367.429,810.828,246.133,670.046,436.918,747.656
563.834,1013.217,367.351,810.808,246.308,669.834,436.756,747.750
563.883,1013.226,367.619,810.835,246.658,669.671,436.536,748.453
563.875,1013.238,367.548,810.988,246.664,669.675,436.540,747.474
563.748,1012.780,367.586,810.858,246.839,669.893,436.395,747.116
563.731,1012.853,367.526,810.823,246.851,669.755,437.051,747.000
563.798,1013.098,367.542,810.832,246.955,669.420,436.927,747.769
563.866,1013.024,367.522,810.993,246.704,669.584,436.977,748.708
563.957,1013.348,367.578,810.853,246.342,669.715,436.608,748.356
563.653,1013.144,367.518,810.809,246.359,669.334,436.358,748.955
563.678,1013.122,367.644,810.797,246.475,669.381,436.880,748.962
563.700,1013.166,367.552,810.839,246.262,669.666,436.836,748.981
563.579,1012.804,367.373,810.849,246.353,669.448,437.004,749.339
563.625,1012.844,367.825,810.769,246.399,669.496,436.600,749.507
563.721,1012.742,367.764,810.776,246.344,669.375,436.950,750.344
563.593,1012.845,367.478,810.879,246.422,669.487,436.857,750.592
563.741,1012.933,367.454,810.858,246.341,669.457,437.396,750.725
563.556,1012.772,367.852,810.756,246.274,669.696,437.467,750.869
563.635,1012.783,367.925,810.790,246.159,669.780,437.161,750.696
563.759,1013.313,367.419,810.707,246.711,669.678,437.126,752.065
563.818,1013.298,367.420,810.750,246.684,669.630,437.289,752.429
563.652,1013.200,367.056,810.590,246.681,669.504,437.336,752.814
564.088,1013.498,367.135,810.990,246.749,669.422,437.373,752.930
563.759,1013.263,367.161,810.981,246.784,669.396,437.259,752.649
563.785,1012.902,367.271,810.904,246.283,669.539,436.788,755.129
563.652,1012.781,367.247,810.920,246.517,669.558,436.939,753.302
563.764,1013.220,367.227,810.899,246.418,669.632,436.593,753.062
563.723,1013.211,367.186,810.923,246.297,669.634,436.845,753.130
563.816,1013.311,367.222,810.840,246.458,669.611,437.016,753.224
563.810,1013.385,367.297,810.971,246.340,669.611,436.572,753.143
563.828,1012.855,367.426,810.899,246.521,669.428,436.609,752.895
563.927,1013.011,367.499,810.969,246.880,669.383,436.623,752.164
563.491,1012.706,367.432,810.888,246.424,669.434,436.085,753.556
563.549,1012.792,367.446,810.974,246.436,669.488,436.379,754.362
563.523,1012.722,367.730,810.660,246.386,669.670,436.500,753.706
563.774,1012.826,367.309,810.901,246.391,669.739,436.736,754.547
563.944,1013.013,367.248,810.938,246.364,669.715,436.928,754.135
563.812,1012.947,367.455,810.786,246.452,669.677,437.312,754.269
563.819,1012.957,367.781,810.358,246.581,669.673,437.593,753.892
563.883,1012.875,367.903,810.260,246.467,669.745,437.761,753.670
563.618,1012.625,367.890,810.205,246.481,669.844,438.289,753.690
563.846,1012.873,367.807,810.181,246.711,669.720,438.409,753.624
563.736,1012.814,367.821,810.212,246.485,669.808,438.423,752.943
563.610,1012.856,367.827,810.222,246.462,669.668,438.582,752.589
563.769,1013.067,367.626,810.360,246.545,669.689,438.509,751.972
563.883,1013.309,367.586,810.304,246.575,669.560,438.117,751.313
563.784,1013.047,367.819,810.212,246.376,669.682,438.262,750.962
563.816,1013.018,368.032,810.252,246.668,669.499,438.404,750.325
563.767,1013.073,368.003,810.512,246.460,669.491,438.767,750.249
563.654,1013.147,367.325,810.288,246.586,669.532,438.804,750.034
563.924,1013.347,367.830,810.631,246.291,669.516,439.152,750.078
563.629,1013.235,367.571,810.619,246.360,669.526,439.079,749.833
563.837,1013.280,367.102,810.732,246.385,669.522,439.217,749.810
563.740,1013.284,367.202,810.718,246.311,669.567,439.256,750.147
563.728,1013.009,367.271,811.196,246.296,669.587,439.525,749.745
563.630,1013.081,367.181,810.778,246.215,669.637,439.477,749.411
563.771,1012.938,367.194,810.905,246.497,669.630,439.765,749.097
563.745,1013.233,367.155,810.834,246.595,669.636,439.682,749.062
563.861,1012.973,367.219,810.940,246.840,669.742,439.598,749.313
563.958,1012.872,367.209,810.892,246.367,669.705,439.427,749.360
563.863,1012.968,367.114,810.996,246.884,669.599,439.477,749.546
563.563,1012.733,367.414,811.051,246.909,669.699,439.416,749.542
563.875,1012.906,367.254,810.828,246.859,669.683,439.342,749.423
563.731,1013.227,367.590,810.892,246.264,669.696,439.340,749.340
563.738,1013.277,367.685,810.778,246.827,669.713,439.510,749.464
563.573,1013.137,367.480,811.264,246.747,669.443,439.373,749.378
563.652,1013.179,367.366,811.052,246.662,669.554,439.311,749.404
563.744,1013.172,367.059,810.875,246.684,669.551,439.405,749.402
563.624,1013.088,367.074,810.810,246.590,669.608,439.561,749.545
563.967,1013.149,367.290,810.906,246.427,669.627,439.467,749.054
563.989,1013.062,367.537,810.459,246.402,669.492,439.488,749.322
563.875,1013.048,367.215,810.677,246.191,669.571,439.432,749.239
563.995,1013.085,367.210,810.795,246.228,669.526,439.568,749.292
563.868,1012.831,367.118,810.863,246.796,669.445,439.572,749.441
563.928,1012.947,367.299,810.983,246.524,669.693,439.764,749.536
563.721,1012.783,367.351,810.855,246.380,669.811,439.708,749.417
563.716,1012.658,367.369,810.894,246.395,669.664,440.103,750.101
563.575,1012.996,367.247,810.862,246.376,669.783,440.032,749.826
563.579,1012.623,367.640,810.814,246.282,669.680,439.838,749.825
563.750,1012.760,367.322,810.899,246.383,669.469,439.893,749.866
563.818,1012.838,367.469,810.702,246.444,669.295,439.898,749.938
563.773,1013.167,367.606,810.715,246.464,669.500,439.896,749.927
563.944,1013.187,367.224,810.911,246.462,669.633,439.904,749.609
563.782,1013.115,367.213,810.925,246.406,669.601,439.763,749.581
563.783,1012.825,367.291,810.859,246.789,669.629,439.735,749.552
563.770,1012.791,367.736,810.947,246.761,669.517,439.824,749.754
563.574,1012.848,367.356,811.012,246.863,669.501,439.957,750.071
563.762,1012.827,367.223,811.043,246.509,669.796,439.982,749.709
563.675,1012.761,367.306,811.102,246.721,669.590,439.941,749.635
563.798,1012.965,367.164,810.882,246.355,669.581,439.868,749.466
563.795,1012.935,367.601,810.894,246.459,669.652,439.805,749.410
563.588,1013.076,367.223,810.819,246.298,669.725,439.914,749.695
563.542,1012.716,367.228,810.803,246.295,669.758,439.943,749.777
563.514,1012.774,367.785,811.058,246.635,669.519,439.790,749.630
563.770,1012.947,367.749,810.833,246.663,669.589,439.728,749.505
563.760,1012.905,367.566,810.793,246.291,669.363,439.734,749.423
563.747,1012.807,367.359,810.946,246.245,669.492,439.805,749.787
564.057,1012.899,367.634,810.987,246.915,669.615,439.786,749.581
563.968,1013.300,367.892,811.040,246.875,669.507,439.812,749.327
563.635,1013.035,367.570,810.788,246.264,669.541,439.781,749.573
563.506,1012.944,367.478,810.743,246.335,669.662,439.748,749.618
563.886,1013.168,367.649,810.881,246.153,669.636,439.873,749.646
563.880,1012.966,367.734,810.804,246.366,669.297,439.711,749.415
563.936,1012.877,367.246,810.940,246.434,669.476,439.746,749.624
563.612,1012.637,367.426,810.731,246.805,669.681,439.619,749.508
563.817,1012.717,367.287,810.790,246.396,669.559,439.811,749.691
563.877,1012.793,367.252,810.753,246.336,669.429,439.815,749.333
563.863,1012.896,367.394,810.946,246.347,669.594,439.714,749.362
563.950,1012.952,367.455,810.981,246.533,669.476,439.631,749.665
563.923,1012.985,367.197,810.846,246.367,669.500,439.654,749.537
563.652,1012.906,367.002,810.918,246.795,669.608,439.650,749.842
564.118,1013.369,367.201,810.996,246.513,669.760,439.643,749.799
563.651,1013.099,367.674,810.974,246.569,669.651,439.636,749.308
563.784,1013.148,367.289,810.839,246.475,669.734,439.847,749.755
563.737,1013.137,367.087,810.836,246.384,669.680,439.815,749.646
563.844,1012.931,367.562,810.779,246.464,669.610,439.973,749.773
563.609,1013.075,367.681,810.761,246.397,669.691,439.850,749.734
564.000,1013.005,367.701,810.871,246.296,669.644,439.607,749.452
563.949,1013.357,367.503,810.746,246.162,669.782,439.694,749.490
563.690,1012.789,367.646,810.994,246.461,669.248,439.744,749.643
563.664,1013.119,367.198,810.984,246.433,669.443,439.822,749.676
563.669,1012.743,367.690,811.008,246.704,669.472,439.982,749.698
563.737,1012.912,367.722,810.895,246.669,669.575,439.940,749.437
563.673,1013.103,367.866,810.932,246.436,669.843,439.695,749.199
564.122,1013.045,367.550,811.031,246.466,669.431,439.853,749.467
563.792,1013.156,368.080,811.108,246.924,669.838,439.702,749.219
563.775,1012.788,367.910,811.062,246.372,669.621,439.796,749.340
563.766,1012.762,367.909,811.014,246.273,669.680,439.792,749.421
563.949,1012.890,367.367,811.005,246.343,669.519,439.683,749.212
563.805,1013.091,367.497,811.118,246.365,669.518,439.761,749.505
563.940,1013.001,367.270,810.929,246.267,669.750,439.731,749.185
563.889,1013.373,367.326,811.056,246.414,669.633,439.668,749.280
563.952,1012.932,367.544,810.995,246.489,669.499,439.783,749.488
563.819,1012.865,367.508,811.167,246.553,669.569,439.738,749.207
563.946,1012.859,367.424,811.153,246.650,669.621,439.587,749.220
564.005,1013.019,367.485,811.278,246.781,669.403,439.749,749.236
563.849,1013.247,367.295,810.825,246.631,669.690,439.517,749.119
563.955,1013.006,367.275,810.945,246.552,669.661,439.790,749.437
563.689,1013.135,367.051,810.876,246.394,669.846,439.437,749.167
563.702,1013.077,367.099,811.018,246.708,669.618,439.582,749.272
563.850,1013.165,367.215,811.032,246.527,669.667,439.557,749.104
563.768,1012.844,367.697,811.149,246.662,669.636,439.622,749.209
563.930,1012.973,367.158,810.942,246.770,669.700,439.675,749.260
563.682,1012.796,367.605,810.905,246.578,669.725,439.845,749.410
563.610,1012.768,367.319,811.038,246.663,669.630,439.776,749.256
563.809,1012.904,367.271,810.696,246.515,669.848,439.732,749.527
563.769,1012.758,367.525,810.696,246.548,669.792,439.642,749.235
564.131,1013.189,367.258,810.935,246.720,669.629,439.773,749.437
564.004,1013.103,367.743,810.966,246.620,669.495,439.823,749.347
563.469,1012.652,368.026,810.964,246.402,669.610,439.649,749.272
563.661,1012.704,367.918,811.024,246.347,669.595,439.679,749.430
563.724,1012.801,367.837,811.087,246.510,669.485,439.674,749.340
563.716,1013.021,367.831,810.829,246.310,669.721,439.610,749.084
563.920,1013.033,367.898,810.958,247.009,669.336,439.678,749.225
563.955,1013.160,367.549,810.931,246.675,669.667,439.768,749.393
564.011,1012.976,367.275,810.948,246.766,669.691,439.820,749.442
563.900,1012.797,367.637,810.951,246.262,669.457,439.571,749.109
563.763,1012.847,367.596,810.974,246.339,669.614,439.588,749.177
563.867,1013.183,367.487,810.932,246.350,669.431,439.694,749.185
563.692,1012.820,367.638,811.019,246.280,669.401,439.621,749.011
563.828,1013.279,367.183,810.828,246.071,669.752,439.728,749.262
563.764,1012.800,367.280,811.164,246.117,669.780,439.722,749.300
563.578,1012.806,367.788,810.945,246.276,669.771,439.582,749.023
563.750,1012.849,367.504,811.062,246.408,669.614,439.548,749.198
563.725,1012.745,367.285,810.942,246.252,669.524,439.781,749.241
563.960,1012.782,367.158,810.717,246.266,669.513,439.807,749.326
563.850,1012.806,367.032,810.646,246.177,669.491,439.708,749.037
564.018,1013.076,366.934,810.941,246.646,669.573,439.966,749.432
563.979,1013.101,367.068,810.714,246.284,669.722,439.906,749.372
563.953,1012.987,367.537,811.071,246.664,669.714,439.775,749.143
563.913,1012.934,367.793,810.906,246.464,669.747,439.816,749.291
563.890,1012.810,367.480,810.831,246.747,669.754,439.963,749.327
564.005,1012.883,367.493,810.911,246.733,669.786,439.958,749.564
563.836,1012.947,367.323,810.908,246.761,669.643,439.598,749.152
563.717,1012.844,367.796,811.040,246.792,669.610,440.074,749.954
563.658,1012.649,366.946,810.997,246.612,669.846,439.592,749.027
563.578,1012.716,367.293,810.929,246.586,669.747,439.705,749.287
564.078,1013.219,366.883,810.932,246.689,669.624,439.706,749.422
563.701,1012.706,367.180,810.990,246.591,669.571,439.862,749.634
564.090,1013.030,367.074,810.862,246.693,669.772,439.772,749.531
563.714,1012.775,367.212,810.961,246.712,669.542,439.772,749.461
563.677,1012.727,367.288,810.987,246.801,669.611,439.664,749.318
563.609,1012.606,367.542,810.656,246.861,669.583,439.719,749.481
563.676,1012.697,367.435,810.783,246.883,669.756,439.734,749.411
563.649,1012.800,367.437,811.065,246.691,669.548,439.818,749.661
563.855,1012.910,367.531,810.969,246.627,669.536,439.861,749.760
563.820,1012.913,367.789,811.073,246.620,669.840,439.741,749.455
563.900,1012.924,367.522,810.792,246.769,669.791,439.693,749.337
563.863,1012.780,367.549,811.010,246.339,669.692,439.926,749.428
563.890,1012.847,367.451,811.035,246.229,669.716,439.810,749.401
563.948,1013.106,367.408,811.234,246.129,669.787,439.768,749.508
563.849,1012.984,367.484,810.991,246.349,669.537,439.978,749.628
563.714,1013.115,367.306,810.985,246.356,669.586,439.877,749.439
564.064,1012.885,367.506,811.024,246.156,669.876,439.822,749.578
563.694,1012.742,367.979,810.944,246.266,669.864,439.887,749.681
563.609,1012.628,367.867,810.834,246.712,669.392,439.747,749.199
563.495,1012.905,367.810,810.763,246.197,669.512,439.793,749.371
563.417,1012.861,367.913,810.977,246.262,669.506,439.691,749.191
563.764,1013.081,367.396,810.809,246.290,669.440,439.742,749.398
563.788,1012.799,367.340,810.936,246.530,669.608,439.738,749.346
563.792,1013.142,367.440,810.889,246.615,669.429,439.824,749.532
563.858,1012.746,367.422,810.804,246.121,669.801,439.824,749.673
563.884,1012.869,367.302,810.713,246.467,669.752,439.596,749.472
564.197,1013.054,367.740,811.127,246.351,669.949,439.889,749.814
563.830,1012.934,367.306,811.258,246.580,669.720,440.005,749.960
564.003,1013.100,367.337,811.099,246.580,669.716,439.906,749.723
563.701,1012.890,367.495,811.160,246.609,669.688,439.850,749.829
563.591,1012.828,367.569,811.242,246.608,669.692,439.839,749.783
563.492,1012.763,367.407,811.120,246.544,669.801,439.899,749.723
563.690,1012.931,367.307,811.146,246.259,669.655,439.837,749.754
563.546,1012.768,367.239,811.065,246.692,669.636,439.772,749.616
563.686,1012.761,367.064,811.178,246.616,669.671,439.908,749.774
563.859,1013.237,367.391,810.998,246.334,669.697,439.641,749.432
563.894,1013.004,367.383,811.019,246.164,669.740,439.643,749.387
563.775,1012.975,367.584,810.764,246.675,669.744,439.789,749.474
563.404,1012.885,367.683,810.795,246.629,669.624,439.892,749.888
563.667,1013.168,367.772,810.791,246.587,669.903,439.642,749.649
563.885,1012.961,367.351,811.096,246.856,669.608,439.830,749.830
563.786,1013.126,367.506,810.990,246.450,669.554,439.898,749.863
563.787,1013.091,367.847,810.838,246.856,669.432,439.558,749.761
563.868,1012.961,367.604,810.990,246.670,669.603,439.579,749.628
563.785,1012.745,367.469,811.035,246.732,669.506,439.572,749.529
563.959,1013.126,367.368,810.898,246.630,669.476,439.621,749.759
563.788,1013.105,367.180,810.978,246.428,669.572,439.775,749.915
563.832,1013.167,367.590,811.102,246.721,669.578,439.739,749.796
563.832,1012.818,367.304,811.000,246.339,669.728,439.826,749.626
563.772,1013.004,367.354,810.987,246.284,669.550,439.606,749.446
563.543,1012.600,367.664,811.099,246.199,670.029,439.657,749.585
563.629,1012.670,367.342,810.948,246.250,669.924,439.966,749.957
563.782,1012.764,367.540,811.077,246.300,669.565,439.859,749.885
563.509,1012.984,367.263,810.927,246.824,669.428,439.912,750.003
563.595,1013.162,367.339,811.013,246.743,669.369,439.975,750.057
563.720,1012.896,367.261,811.076,246.380,669.279,439.903,749.969
563.639,1012.898,367.386,810.903,246.156,669.395,439.940,749.893
563.717,1012.845,367.391,811.041,246.331,669.463,439.771,749.741
563.735,1012.845,367.336,811.202,246.150,669.362,439.784,749.645
563.641,1012.550,367.402,810.960,246.483,669.498,439.544,749.648
563.685,1012.762,367.350,810.900,246.507,669.762,439.561,749.528
563.760,1012.939,367.225,810.917,246.035,669.620,439.768,749.728
563.770,1012.769,367.297,811.111,246.520,669.704,439.861,749.719
563.651,1012.653,367.407,811.168,246.393,669.737,439.729,749.723
563.790,1012.682,367.749,811.090,246.575,669.743,439.692,749.705
563.586,1012.736,367.324,811.085,246.324,669.832,439.871,750.127
563.658,1012.634,367.722,810.957,246.286,669.630,439.730,750.114
563.734,1012.770,367.185,811.001,246.257,669.737,439.959,750.354
563.658,1012.927,367.630,810.934,246.339,669.670,439.998,750.239
563.578,1012.882,367.397,810.933,246.384,669.633,439.926,750.111
563.694,1012.852,367.146,810.982,246.804,669.756,439.858,749.804
563.741,1012.816,367.617,810.977,246.472,669.685,440.023,750.247
563.654,1012.721,367.565,810.887,246.579,669.638,439.810,749.765
563.614,1012.766,367.639,810.909,246.645,669.570,440.143,749.890
563.710,1012.903,367.665,810.868,246.617,669.631,439.797,749.813
563.829,1012.850,367.358,810.875,246.637,669.393,439.856,749.594
563.590,1012.824,367.032,810.789,246.662,669.478,439.577,749.544
563.597,1012.813,367.408,811.072,246.466,669.424,439.180,749.814
564.028,1012.768,367.333,810.816,246.249,669.621,439.803,749.484
564.014,1013.109,367.216,810.901,246.423,669.575,439.701,749.281
564.028,1012.916,367.261,811.135,246.465,669.633,439.776,749.920
563.899,1012.971,367.708,811.096,246.633,669.647,439.740,748.928
563.734,1012.921,367.386,811.090,246.880,669.617,439.621,748.836
563.701,1012.794,367.422,810.912,246.921,669.423,439.784,749.107
563.599,1012.772,367.904,810.960,246.426,669.389,439.641,748.757
563.714,1012.798,367.840,810.967,246.253,669.639,439.503,748.180
563.728,1012.815,367.880,811.171,246.283,669.513,439.604,749.030
563.820,1012.834,367.659,811.068,246.402,669.436,439.680,748.740
563.955,1012.860,367.699,811.065,246.428,669.444,439.758,748.745
563.824,1012.924,367.614,811.037,246.721,669.665,440.000,748.762
563.821,1012.756,367.389,810.862,246.816,669.605,440.538,748.910
563.497,1012.785,367.410,811.201,246.527,669.748,440.666,749.049
563.637,1012.790,367.129,811.257,246.291,669.786,440.782,749.284
563.819,1012.896,367.304,811.214,246.215,669.702,441.008,749.683
563.678,1012.723,367.337,811.188,246.351,669.957,440.886,749.189
563.687,1012.767,367.178,811.061,246.340,669.962,441.315,749.411
563.834,1012.944,367.440,811.072,246.366,669.677,441.082,749.038
563.690,1012.694,367.252,810.958,246.320,669.777,440.820,748.898
563.643,1012.794,367.469,811.001,246.777,669.685,440.773,748.843
563.790,1012.858,367.534,811.002,246.511,669.691,440.889,748.867
563.615,1012.651,367.559,811.144,246.353,669.747,440.910,748.945
563.585,1012.892,367.516,811.144,246.312,669.751,441.010,749.019
563.938,1013.005,367.433,811.373,246.320,669.798,441.256,749.161
564.004,1013.023,367.266,811.333,246.484,669.656,441.117,749.035
563.736,1013.021,367.082,811.282,246.464,670.014,441.130,748.715
564.015,1013.056,367.102,810.989,246.583,669.650,441.129,748.710
563.971,1012.966,368.018,811.127,246.709,669.677,441.034,748.497
564.083,1013.052,367.177,811.171,246.306,669.963,441.004,748.672
563.671,1012.794,367.326,811.209,246.468,669.863,441.024,748.724
563.817,1012.858,367.600,811.253,246.465,669.950,440.936,749.004
563.915,1012.903,367.645,810.905,246.490,669.831,440.867,748.755
563.815,1012.865,367.551,811.289,246.311,669.731,440.593,748.283
563.659,1012.745,367.696,811.366,246.583,669.763,439.953,747.962
563.716,1013.142,367.439,810.995,246.512,669.727,439.543,747.319
563.735,1013.268,367.397,810.935,246.487,669.893,439.272,747.539
563.854,1012.812,367.372,810.986,246.747,669.709,439.941,747.996
563.984,1012.962,367.390,810.880,246.831,669.719,440.554,747.933
563.923,1012.752,366.968,810.855,246.772,669.295,440.422,747.706
563.918,1012.863,367.512,811.092,246.770,669.805,440.981,748.199
563.989,1013.018,367.383,810.965,246.858,669.687,440.965,748.375
563.711,1012.791,367.787,811.094,246.590,669.684,440.628,748.237
563.928,1012.961,367.399,811.171,246.703,669.679,441.144,748.558
563.646,1012.583,367.336,811.134,246.593,669.809,441.534,749.086
563.669,1012.644,367.401,811.095,246.590,669.800,441.103,749.094
563.842,1012.739,367.392,810.952,246.420,669.528,441.588,749.390
563.784,1012.687,367.446,811.096,246.152,669.537,441.760,749.272
563.661,1012.840,367.377,811.230,246.233,669.773,442.012,750.690
563.780,1012.799,367.310,811.226,246.264,669.793,441.857,749.929
563.922,1012.988,367.712,810.914,246.113,669.870,442.040,750.365
563.945,1012.920,367.196,810.970,246.380,669.873,442.152,750.821
563.911,1012.867,367.324,811.058,246.578,669.673,441.390,749.732
563.638,1012.650,367.448,810.933,246.248,669.711,441.945,750.305
563.637,1012.757,367.655,810.889,246.335,669.658,442.278,750.962
563.722,1012.898,367.255,810.969,246.293,669.739,442.065,750.561
563.634,1012.801,367.670,811.013,246.236,669.765,442.532,750.673
563.929,1013.039,367.125,810.869,246.288,669.584,441.808,750.012
563.973,1013.101,367.189,810.970,246.259,669.660,442.031,750.522
563.801,1012.916,367.139,810.861,246.340,669.716,442.518,750.980
564.046,1013.102,367.322,811.148,246.300,669.753,442.466,750.994
563.995,1013.085,367.291,811.144,246.635,669.574,442.611,751.807
564.031,1013.005,367.264,811.145,246.673,669.648,442.708,751.907
563.823,1012.889,367.275,811.231,246.488,669.654,442.007,751.003
563.796,1012.926,367.353,811.087,246.189,669.708,442.895,752.217
563.878,1012.719,367.326,811.099,246.350,669.638,442.969,751.880
563.890,1013.073,367.256,811.093,246.801,669.666,443.016,752.700
563.953,1013.075,367.163,811.084,246.069,669.723,442.528,753.727
563.880,1012.858,367.417,811.084,246.695,669.577,442.543,752.522
563.933,1012.775,367.419,811.044,246.570,669.568,442.770,753.107
564.001,1013.087,367.856,811.006,246.748,669.493,443.257,753.152
563.776,1012.872,367.453,810.998,246.604,669.590,443.110,752.997
563.989,1013.024,367.301,811.081,246.589,669.524,443.326,752.839
563.814,1012.885,367.308,811.103,246.499,669.458,443.186,753.097
563.912,1012.921,367.542,811.269,246.778,669.541,443.282,753.195
563.847,1012.748,367.411,811.370,246.743,669.437,443.476,753.320
563.618,1013.016,366.957,811.263,246.118,669.257,443.279,753.100
563.997,1013.200,367.152,811.164,246.412,669.560,443.427,753.277
564.107,1013.122,366.867,811.137,246.244,669.690,443.358,752.846
563.882,1012.997,367.314,811.026,246.252,669.780,443.514,753.410
563.747,1013.099,367.737,810.856,246.411,669.659,443.257,753.369
563.554,1012.650,367.107,810.867,246.398,669.592,443.042,753.551
563.725,1012.868,367.344,810.907,246.457,669.465,443.179,753.142
563.781,1012.926,367.905,811.116,246.430,669.693,443.708,753.503
563.630,1012.722,367.523,810.914,246.249,669.795,443.502,753.237
563.574,1012.730,367.646,811.004,246.317,669.684,443.540,753.971
563.709,1012.809,367.279,810.953,246.219,669.621,443.829,754.235
563.934,1012.983,367.223,811.015,246.561,669.455,443.527,753.418
563.690,1012.829,367.677,810.926,246.508,669.457,443.739,753.946
563.787,1012.816,367.559,811.092,246.284,669.729,443.730,753.940
564.035,1012.974,367.426,811.093,246.831,669.663,443.807,754.218
564.119,1013.266,367.346,811.224,246.334,669.599,443.697,754.024
563.851,1012.985,367.625,811.242,246.371,669.666,443.703,753.820
563.909,1013.001,367.378,811.387,246.377,669.565,443.744,753.766
563.988,1013.065,367.403,811.051,246.598,669.717,443.844,754.159
564.179,1013.221,367.358,811.123,246.531,669.714,443.939,755.126
563.618,1012.897,367.385,811.108,246.451,669.607,443.672,754.266
563.893,1012.999,367.409,811.036,246.603,669.887,443.516,754.414
563.877,1012.874,367.590,811.072,246.852,669.750,443.842,754.604
563.755,1012.896,367.774,810.982,246.732,669.727,443.837,754.526
563.931,1012.969,367.314,810.973,246.374,669.655,443.882,754.348
563.936,1013.009,367.188,811.033,246.399,669.600,444.243,756.279
563.423,1012.614,367.642,810.989,246.837,669.632,443.706,754.640
563.867,1012.970,367.797,810.996,246.239,669.589,444.030,754.615
563.785,1012.786,367.745,811.061,246.710,669.730,444.243,756.250
563.831,1012.865,367.678,810.919,246.718,669.641,444.472,755.452
563.561,1012.749,367.840,811.012,246.640,669.847,444.719,756.791
563.684,1012.767,367.383,811.108,246.885,669.628,444.896,755.619
563.681,1012.836,367.912,811.200,246.623,669.565,444.363,754.798
563.672,1012.805,367.693,810.933,246.433,669.705,443.580,754.481
563.582,1012.853,367.715,811.084,246.546,669.408,444.519,755.304
563.710,1012.853,367.319,811.122,246.572,669.665,443.803,754.398
563.727,1012.909,367.389,811.041,246.685,669.648,444.271,755.641
563.679,1012.773,367.010,810.858,246.260,669.614,444.702,757.493
563.583,1012.803,367.185,811.065,246.841,669.417,445.004,758.624
563.665,1012.779,367.442,810.972,246.418,669.579,444.755,758.107
563.945,1012.965,367.324,811.078,246.567,669.483,444.835,758.259
563.727,1012.666,367.616,810.937,246.663,669.677,445.404,759.119
563.524,1012.684,367.322,811.194,246.879,669.632,445.198,758.765
563.659,1012.784,367.256,811.129,246.569,669.628,444.901,758.473
563.715,1012.879,367.419,811.198,246.827,669.607,445.293,758.411
563.570,1012.649,367.262,811.036,246.684,669.647,445.174,758.246
563.537,1012.625,367.208,811.005,246.529,669.335,445.440,758.225
563.677,1012.704,367.332,811.019,246.278,669.586,445.335,758.045
563.864,1012.970,367.283,810.932,246.772,669.538,445.437,758.314
564.094,1013.124,367.234,810.942,246.353,669.568,445.219,757.166
563.788,1012.882,367.459,811.046,246.149,669.609,445.668,757.323
563.805,1012.909,367.412,810.922,246.193,669.712,445.969,758.583
563.625,1012.794,367.252,810.943,246.556,669.534,444.660,756.988
563.626,1012.860,367.801,810.977,246.522,669.332,445.122,757.197
563.724,1012.960,367.789,811.040,246.360,669.826,445.677,757.128
563.799,1012.846,367.623,811.063,246.291,669.642,445.428,756.975
563.510,1012.696,367.689,811.101,246.101,669.660,445.644,756.739
563.598,1012.817,367.612,811.062,246.081,669.675,445.464,756.523
563.553,1012.725,367.625,810.992,246.040,669.694,445.936,758.425
563.620,1012.729,367.206,811.133,246.406,669.779,445.704,758.714
563.743,1012.804,367.273,811.080,246.054,669.862,445.423,758.352
563.566,1012.640,367.395,811.066,246.689,669.523,445.659,758.798
563.509,1012.593,367.318,811.104,246.620,669.483,445.675,758.572
563.744,1012.800,367.237,810.983,246.705,669.506,445.381,758.619
563.699,1012.773,367.342,810.949,246.722,669.612,445.365,757.267
563.692,1012.844,367.352,811.137,246.402,669.850,445.186,758.413
563.608,1012.817,367.485,811.082,246.579,669.633,445.341,757.535
563.492,1012.682,367.484,811.263,246.329,669.831,445.325,758.719
563.447,1012.621,367.342,811.213,246.171,669.935,445.243,758.798
563.712,1012.828,367.365,811.096,246.493,669.824,445.391,758.644
563.585,1012.609,367.354,811.383,246.315,669.796,445.223,758.452
563.553,1012.702,367.424,811.275,246.635,669.710,444.901,758.172
563.846,1012.780,367.268,811.091,246.370,669.771,445.135,759.547
563.724,1012.678,367.248,810.983,246.640,669.793,445.086,758.474
563.774,1012.766,367.282,811.160,246.427,669.852,445.319,758.866
563.695,1012.733,367.453,811.197,246.641,669.760,445.397,759.480
563.582,1012.566,367.330,810.940,246.553,670.135,445.408,759.218
563.748,1012.690,367.381,810.941,246.721,669.834,445.365,759.029
563.550,1012.629,367.341,811.106,246.418,669.594,445.325,758.864
563.789,1012.739,367.700,810.990,246.370,669.575,445.431,758.735
563.442,1012.673,367.411,811.102,246.273,669.642,445.419,758.822
563.840,1012.869,368.009,811.322,246.361,669.413,445.479,758.925
563.817,1012.906,368.044,811.267,246.474,669.662,445.560,758.906
563.807,1012.680,367.702,811.036,246.971,669.639,445.474,758.758
563.782,1012.838,367.768,811.078,246.860,669.477,445.316,757.374
563.891,1013.136,367.536,810.932,246.619,669.649,445.663,758.839
563.903,1012.982,367.637,810.973,246.531,669.494,444.898,758.200
563.648,1012.739,367.267,811.066,246.454,669.774,445.371,758.569
563.338,1012.629,367.257,811.110,246.722,669.574,445.482,758.837
563.655,1012.696,367.339,811.077,246.642,669.603,445.160,758.618
563.743,1012.824,367.338,811.018,246.664,669.584,445.840,758.824
563.970,1012.926,367.367,811.055,246.829,669.443,445.512,757.342
563.561,1012.566,367.436,810.954,246.688,669.404,445.375,756.968
563.618,1012.488,367.402,811.126,246.404,669.906,445.860,758.786
563.973,1013.035,367.334,811.084,246.554,669.635,445.498,757.675
563.582,1012.640,367.231,811.108,246.603,669.474,445.675,758.788
563.524,1012.674,367.735,810.910,246.866,669.402,445.954,758.914
563.859,1012.951,367.734,810.913,246.901,669.435,445.847,758.071
563.703,1012.875,367.293,811.128,246.639,669.751,445.584,758.633
563.529,1012.715,367.313,811.028,246.612,669.785,445.583,758.474
563.883,1012.724,367.260,811.177,246.244,669.679,445.753,759.121
563.778,1012.850,367.255,811.156,246.292,669.699,445.537,758.807
563.667,1012.736,367.645,810.983,246.545,669.579,445.197,757.894
563.828,1012.919,367.292,811.111,246.618,669.586,445.505,757.738
563.504,1012.659,367.108,811.047,246.281,669.574,445.230,757.895
563.644,1012.561,366.998,811.013,246.041,669.739,445.223,758.385
563.814,1012.923,367.109,810.918,246.398,669.643,445.496,757.707
563.618,1012.644,367.280,810.879,246.251,669.685,445.368,757.569
563.847,1012.897,367.364,811.057,246.024,669.730,445.594,758.150
563.904,1012.975,367.843,811.008,246.454,669.647,445.921,759.135
563.695,1012.822,367.700,810.968,246.333,669.708,445.640,758.240
563.559,1012.636,367.638,810.946,246.607,669.314,445.301,758.122
563.763,1012.861,367.679,811.005,246.448,669.404,445.634,757.889
563.613,1012.727,367.339,811.155,246.656,669.662,445.431,758.577
563.834,1012.853,367.204,811.072,246.561,669.508,445.648,757.929
563.467,1012.564,367.520,811.351,246.833,669.288,445.391,758.684
563.715,1012.753,367.256,811.255,246.671,669.497,445.365,758.734
564.071,1013.012,367.476,811.184,246.653,669.509,445.736,758.947
563.833,1012.965,367.423,811.228,246.431,669.429,445.764,758.838
563.805,1013.020,367.015,811.156,246.460,669.585,445.751,758.684
563.657,1012.637,367.296,811.208,246.356,669.661,445.367,757.383
563.861,1012.706,367.847,811.136,246.851,669.609,445.640,759.026
563.775,1012.796,367.176,811.406,246.415,669.612,445.718,758.927
563.869,1012.868,367.173,811.453,246.412,669.673,445.484,757.668
563.919,1012.832,367.942,811.179,246.244,669.679,445.625,759.102
563.974,1012.793,367.619,811.357,246.298,669.735,445.532,758.795
564.071,1013.027,367.773,810.848,246.866,669.752,445.735,758.915
563.821,1012.886,367.858,811.158,246.699,669.700,446.032,759.021
563.640,1012.716,367.561,811.267,246.394,669.723,446.425,760.155
563.904,1012.851,367.562,811.234,246.499,669.563,446.066,760.282
563.638,1012.554,366.990,810.978,246.331,669.534,445.655,759.783
563.658,1012.768,367.478,810.973,246.362,669.549,445.505,758.517
563.750,1012.745,366.982,811.097,246.603,669.466,445.782,759.813
563.640,1012.775,367.243,811.150,246.212,669.922,445.741,760.067
563.962,1012.953,367.184,811.121,246.242,669.821,445.797,759.901
563.726,1012.645,367.336,811.047,246.764,669.629,446.210,759.729
563.603,1012.567,367.648,811.003,246.654,669.465,445.937,758.969
563.824,1012.895,367.286,811.230,246.663,669.445,445.526,760.131
563.535,1012.763,367.138,811.187,246.543,669.633,445.719,760.739
563.612,1012.823,367.203,811.025,246.693,669.673,445.672,761.616
563.654,1013.150,367.284,811.104,246.930,669.555,445.708,761.305
563.331,1012.595,367.411,811.212,246.638,669.398,445.864,761.295
563.641,1012.759,367.397,811.163,246.657,669.393,445.445,761.480
563.654,1012.752,367.284,811.045,246.807,669.480,445.849,762.316
563.621,1012.748,367.262,811.198,246.603,669.445,445.582,763.788
563.651,1012.888,367.450,811.238,246.731,669.617,445.233,763.278
563.527,1012.713,367.304,811.179,246.470,669.364,445.331,763.484
563.593,1012.732,367.341,811.162,246.392,669.525,445.360,763.974
563.765,1012.734,367.462,811.377,246.669,669.645,446.246,765.494
563.779,1012.761,367.455,811.348,246.247,669.819,445.769,765.806
563.692,1012.786,367.236,811.140,246.283,669.813,445.718,765.483
563.695,1012.788,367.242,811.157,246.276,669.744,445.589,765.604
563.922,1013.005,366.910,811.025,246.291,669.740,445.896,765.829
563.517,1012.605,367.116,810.937,246.255,669.650,445.856,767.451
563.733,1012.727,367.236,811.139,246.426,670.061,446.330,768.370
563.632,1012.716,367.272,811.185,246.900,669.725,445.856,767.611
563.547,1012.671,367.295,811.169,246.716,669.486,446.845,768.947
563.743,1012.730,367.446,811.206,246.765,669.503,446.019,768.390
563.699,1012.795,367.304,810.934,246.694,669.486,446.532,768.436
563.889,1012.963,367.590,811.023,246.793,669.681,446.779,769.361
563.884,1012.693,367.154,810.946,246.819,669.407,446.475,768.303
563.789,1012.806,367.043,811.021,246.260,669.532,446.283,768.269
563.604,1012.650,367.480,810.955,246.367,669.521,446.724,768.420
563.583,1012.654,367.673,811.051,246.328,669.401,446.285,768.538
563.563,1012.605,367.184,811.031,246.707,669.141,446.323,768.426
563.508,1012.729,367.450,811.246,246.809,669.480,446.032,768.672
563.555,1012.917,367.981,811.271,246.789,669.585,446.422,768.630
563.359,1012.473,367.388,811.136,246.744,669.550,446.016,767.644
563.497,1012.563,367.366,811.263,246.837,669.608,446.837,767.766
563.767,1012.662,367.785,810.906,246.750,669.466,447.273,767.637
563.853,1012.679,367.884,811.119,246.851,669.297,446.738,767.860
563.982,1012.896,367.100,810.838,246.481,669.688,447.361,767.705
563.640,1012.675,367.120,811.141,246.323,669.651,448.089,768.459
563.659,1012.589,367.731,810.947,246.735,669.436,446.839,767.320
563.807,1012.697,367.655,810.967,246.791,669.608,447.622,767.797
563.758,1012.654,367.594,810.917,246.829,669.562,448.136,767.462
563.819,1012.619,367.706,811.105,246.452,669.669,447.946,766.375
563.602,1012.622,367.783,811.150,246.351,669.262,447.727,766.920
563.694,1012.895,367.644,811.188,246.551,669.421,448.118,767.178
563.668,1012.841,367.659,811.015,246.340,669.440,447.167,767.087
563.729,1012.680,367.618,811.076,246.564,669.556,448.475,766.855
563.606,1012.558,367.235,811.165,246.517,669.442,449.145,767.443
563.586,1012.586,367.691,811.104,246.352,669.334,448.232,767.323
563.891,1012.835,367.139,811.144,246.617,669.496,447.901,768.067
563.764,1012.802,367.353,811.069,246.723,669.560,448.583,767.229
563.547,1012.708,367.356,811.156,246.637,669.582,448.221,766.471
563.720,1013.093,367.158,811.111,246.572,669.630,448.125,766.886
563.821,1012.847,367.657,810.986,246.394,669.737,448.398,767.097
563.430,1012.590,367.761,811.188,246.543,669.677,449.368,766.401
563.739,1012.928,367.608,811.068,246.717,669.505,448.354,765.992
563.459,1012.575,367.666,811.070,246.796,669.426,448.175,765.738
563.764,1012.815,367.512,811.350,246.500,669.680,447.676,766.895
563.644,1012.751,367.614,811.092,246.686,669.472,447.527,766.640
563.608,1012.612,367.782,811.220,246.298,669.522,447.249,765.910
563.823,1012.770,367.836,811.238,246.513,669.419,447.232,765.869
563.437,1012.543,367.895,811.167,246.304,669.472,447.226,766.791
563.665,1012.752,367.518,811.316,246.270,669.452,446.811,765.878
563.504,1012.828,367.858,811.323,246.443,669.286,446.938,766.158
563.454,1012.708,367.239,810.987,246.400,669.705,446.767,767.183
563.561,1012.727,367.214,810.976,246.370,669.668,446.599,767.310
563.658,1012.703,367.375,810.973,246.737,669.832,445.980,766.863
563.471,1012.774,367.290,810.968,246.756,669.661,446.406,766.516
563.418,1012.574,367.575,810.971,246.836,669.576,445.757,764.535
563.442,1012.704,367.618,810.963,246.334,669.638,445.987,764.866
563.696,1012.641,367.494,811.254,246.469,669.450,445.320,765.458
563.662,1012.618,367.443,811.202,246.372,669.448,445.826,765.836
563.615,1012.683,367.731,811.124,246.190,669.705,444.849,764.218
563.617,1012.614,367.510,811.215,246.302,669.823,445.438,764.631
563.635,1012.755,367.282,811.236,246.448,669.805,444.672,764.320
563.557,1012.706,367.743,811.224,246.254,669.859,444.209,764.502
563.513,1012.595,367.706,810.907,246.523,669.647,444.573,764.088
563.886,1012.919,367.485,811.178,246.054,669.699,444.930,763.685
563.905,1013.051,367.316,811.070,246.077,669.603,444.922,764.226
563.649,1012.616,367.282,811.130,246.294,669.289,444.614,764.669
563.582,1012.715,367.223,811.099,246.310,669.299,445.283,765.396
563.747,1012.639,367.735,811.133,246.167,669.335,445.342,765.758
563.822,1012.756,367.686,811.125,246.312,669.254,445.317,765.836
563.596,1012.639,367.363,811.262,246.509,669.557,444.826,765.675
563.551,1012.743,367.271,811.366,246.487,669.597,445.153,766.261
563.734,1012.882,367.280,811.283,246.047,669.799,445.337,767.093
563.602,1012.800,367.271,811.349,246.497,669.671,445.189,767.264
563.511,1012.528,367.717,811.129,246.510,669.769,444.356,766.500
563.548,1012.724,367.542,811.039,246.627,669.638,444.771,766.840
563.585,1012.836,367.640,810.976,246.137,669.986,445.875,767.833
563.841,1012.942,367.700,811.164,246.483,669.667,444.759,767.096
563.678,1012.667,367.539,811.062,246.685,669.723,444.781,766.946
563.908,1012.866,367.819,811.297,246.467,669.472,443.570,765.503
563.862,1012.833,367.798,811.042,246.523,669.472,443.904,765.708
563.498,1012.583,367.767,811.231,246.909,669.469,445.712,767.427
564.037,1012.962,367.794,811.294,246.457,669.610,445.099,766.965
563.752,1012.756,367.693,811.031,246.489,669.562,445.620,766.926
563.851,1012.873,367.586,811.020,246.685,669.673,444.987,766.575
563.870,1012.958,367.552,811.077,246.533,669.575,445.112,766.441
563.945,1012.904,367.780,811.066,246.516,669.626,445.231,766.758
563.794,1012.913,367.690,811.131,246.255,669.891,444.855,766.608
563.930,1012.902,366.940,810.992,246.249,669.910,445.221,766.826
563.762,1012.710,367.493,811.292,246.250,669.667,444.961,766.625
563.644,1012.699,367.738,811.193,246.162,669.782,445.082,766.403
563.619,1012.687,367.341,811.045,246.237,669.743,444.903,766.315
563.664,1012.754,367.447,811.030,246.201,669.504,443.973,764.856
563.670,1012.778,367.201,811.247,245.974,669.592,444.229,764.323
563.655,1012.732,367.370,810.993,246.353,669.752,444.450,763.948
563.740,1012.828,367.448,811.085,246.397,669.744,445.539,765.563
563.695,1012.833,367.799,811.051,246.166,669.831,444.796,765.696
563.667,1012.841,367.936,811.175,246.240,669.874,444.396,765.995
563.779,1012.879,367.484,811.405,246.593,669.733,443.798,766.103
563.665,1012.902,367.594,811.270,246.268,669.789,444.633,765.740
563.657,1013.028,367.263,811.272,246.397,669.579,445.450,765.140
563.733,1012.806,367.669,811.228,246.428,669.654,445.993,764.959
563.493,1012.839,367.611,811.397,246.640,669.699,445.541,764.986
563.424,1012.546,367.301,811.428,246.430,669.592,445.449,765.429
563.714,1012.762,367.668,811.395,246.279,669.691,445.252,765.583
563.728,1012.759,367.482,811.404,246.137,669.945,445.043,765.051
563.961,1012.870,367.440,811.526,246.205,669.926,444.689,765.125
563.769,1012.811,367.370,811.149,246.555,669.712,444.340,764.975
563.820,1012.837,367.167,811.163,246.620,669.660,444.322,764.103
563.755,1012.822,367.368,811.376,246.628,669.652,444.480,764.828
563.766,1012.670,367.428,811.347,246.557,669.669,444.414,764.966
563.889,1012.888,367.073,811.118,246.692,669.485,444.279,764.586
563.670,1012.793,367.240,811.208,246.688,669.527,444.651,764.810
563.800,1012.924,367.015,811.335,246.538,669.930,444.928,764.932
563.541,1012.766,367.106,811.254,246.323,669.623,444.016,764.086
563.546,1012.715,367.023,811.473,246.358,669.587,443.422,764.091
563.775,1012.975,367.322,811.022,246.532,669.817,443.804,764.965
563.821,1012.884,367.597,811.111,246.468,669.704,443.871,765.109
563.402,1012.772,367.296,811.343,246.678,669.738,443.831,764.510
563.746,1012.909,367.271,811.260,246.311,669.856,444.518,765.663
563.759,1012.812,367.436,811.209,246.250,669.758,444.307,765.369
563.511,1012.731,367.372,811.189,246.316,669.801,444.313,765.536
563.449,1012.952,368.000,811.322,246.664,669.637,444.307,765.510
563.599,1012.912,367.791,811.030,246.570,669.695,444.466,765.304
563.617,1012.914,367.360,811.293,246.609,669.398,444.682,765.579
563.696,1012.955,367.696,811.277,246.572,669.527,444.978,765.436
563.635,1012.750,367.216,811.276,246.423,669.490,444.762,766.007
563.539,1012.851,367.337,811.186,246.700,669.380,444.529,765.646
563.823,1012.738,367.542,811.350,246.209,669.567,444.336,765.743
563.704,1012.729,367.283,811.171,246.339,669.734,444.805,766.012
563.600,1012.673,367.401,811.258,246.205,669.660,444.751,765.857
563.466,1012.624,367.271,811.258,246.787,669.570,444.991,765.996
563.623,1012.816,367.111,811.217,246.269,669.590,445.114,765.912
563.484,1012.663,367.459,811.346,246.158,669.991,445.219,765.856
563.532,1012.779,367.412,811.297,246.435,669.975,445.011,765.659
563.588,1012.909,367.514,811.369,246.653,669.779,444.924,766.066
563.419,1012.708,367.553,811.437,246.208,669.626,445.026,765.964
563.516,1012.669,367.413,811.188,246.123,669.798,445.324,765.845
563.625,1012.848,367.345,811.194,246.192,669.920,445.662,765.990
563.772,1012.970,367.376,811.200,246.247,669.964,445.396,765.671
563.822,1012.906,367.371,811.371,246.182,669.835,445.456,765.641
563.831,1012.855,367.261,811.074,246.216,669.588,444.348,764.477
563.536,1012.794,367.723,811.052,246.213,669.526,444.914,765.539
563.830,1012.897,367.745,811.131,246.252,669.473,445.015,765.608
563.581,1012.903,367.828,811.208,246.087,669.641,443.955,764.141
563.514,1012.714,367.663,811.214,246.180,669.613,443.865,764.249
563.874,1012.887,367.935,811.307,246.257,669.703,443.902,764.123
563.642,1012.808,367.786,811.263,246.219,669.529,444.082,764.189
563.742,1012.920,367.883,811.171,246.154,669.895,445.762,765.788
563.565,1012.866,367.615,811.219,246.141,669.899,445.509,765.606
563.505,1012.626,367.234,811.275,244.616,670.852,445.509,765.795
563.545,1012.618,367.183,811.194,246.493,669.699,445.445,765.505
563.624,1012.838,367.412,811.065,246.241,669.581,445.141,765.266
563.583,1012.952,367.839,811.294,246.172,669.606,444.903,765.335
563.310,1012.827,367.220,811.215,246.331,669.575,444.953,765.190
563.572,1012.645,367.842,811.302,246.053,669.812,445.038,765.244
563.378,1012.534,367.952,811.383,246.589,669.566,444.922,765.247
563.430,1012.813,367.487,811.342,246.153,669.551,444.908,765.200
563.557,1012.519,367.444,811.264,246.331,669.426,444.852,765.298
563.311,1012.555,367.488,811.380,246.599,669.684,444.351,765.087
563.485,1012.536,367.414,811.376,246.713,669.419,444.580,765.899
563.756,1012.931,367.681,811.255,246.562,669.445,444.554,765.481
563.672,1012.832,367.870,811.336,246.172,669.459,444.158,764.957
563.741,1012.729,367.912,811.414,246.157,669.497,444.372,765.012
563.756,1012.772,367.410,811.434,246.063,669.475,444.561,765.124
563.495,1012.604,367.253,811.261,246.435,669.492,445.000,765.351
563.670,1012.742,367.191,811.277,246.339,669.562,444.583,765.292
563.535,1012.726,367.329,811.278,246.335,669.803,444.725,765.621
563.372,1012.511,367.596,811.258,246.238,669.939,444.788,765.470
563.503,1012.595,367.906,811.283,246.281,669.915,444.871,765.647
563.558,1012.548,367.583,811.063,246.332,669.655,444.682,765.299
563.329,1012.492,367.305,811.153,246.244,669.392,445.052,765.720
563.459,1012.612,367.625,811.231,246.371,669.836,445.131,765.835
563.450,1012.541,367.555,811.198,246.255,669.808,444.705,765.393
563.458,1012.545,367.594,811.099,246.163,669.694,444.365,765.494
563.448,1012.591,367.750,811.137,246.092,669.758,444.359,765.736
563.740,1012.749,367.772,811.284,246.459,669.306,444.228,765.371
563.598,1012.726,367.666,811.406,246.399,669.317,444.756,765.436
563.622,1012.647,367.603,811.237,246.295,669.409,445.532,766.471
563.486,1012.622,367.989,811.182,246.341,669.414,445.239,766.147
563.439,1012.572,367.590,811.090,246.109,669.415,444.462,765.621
563.358,1012.498,366.949,811.141,246.133,669.717,444.423,765.159
563.575,1012.730,366.919,811.047,246.254,669.462,444.064,764.748
563.487,1012.763,367.104,811.366,246.211,669.678,444.578,765.481
563.509,1012.661,366.946,811.141,246.129,669.574,444.612,765.474
563.160,1012.521,367.626,811.101,246.339,669.438,444.973,765.742
563.565,1012.759,367.632,811.143,246.308,669.430,444.914,765.809
563.648,1012.659,367.765,811.224,246.246,669.182,444.944,765.653
563.473,1012.632,367.736,811.248,246.176,669.178,445.216,765.884
563.757,1012.799,367.452,811.242,246.292,669.182,445.503,765.516
563.521,1012.687,367.765,811.058,246.261,669.120,444.998,765.787
563.517,1012.869,367.751,811.284,246.666,669.499,445.813,766.465
563.551,1012.790,367.235,811.119,246.408,669.739,445.841,766.566
563.758,1012.897,367.243,811.402,246.307,669.687,445.848,766.403
563.701,1012.659,367.231,811.175,246.665,669.526,444.986,765.166
563.473,1012.612,367.135,811.167,246.401,669.690,445.360,765.516
563.390,1012.660,367.359,811.248,246.601,669.345,446.142,766.227
563.453,1012.714,367.317,811.176,246.548,669.283,445.546,765.835
563.316,1012.542,367.334,811.233,246.616,669.280,445.457,765.523
563.662,1012.768,367.383,811.238,246.444,669.378,445.515,765.546
563.384,1012.348,367.816,811.193,246.547,669.176,445.542,765.050
563.494,1012.612,367.385,811.159,246.627,669.029,445.572,765.123
563.421,1012.516,367.442,811.085,246.392,669.298,445.203,765.423
563.318,1012.489,367.401,811.150,246.461,669.341,444.931,765.231
563.351,1012.598,367.178,811.093,246.469,669.514,444.881,765.532
563.427,1012.429,367.296,811.228,246.568,669.387,445.074,765.263
563.575,1012.627,367.316,811.205,246.249,669.388,445.128,765.020
563.284,1012.529,367.496,811.203,246.565,669.637,445.465,765.088
563.608,1012.669,367.809,811.164,246.395,669.614,445.189,765.027
563.497,1012.644,367.514,811.396,246.330,669.570,445.095,764.831
563.503,1012.678,367.258,811.358,246.232,669.694,444.656,764.497
563.391,1012.512,367.973,811.324,246.357,669.511,444.668,764.384
563.569,1012.717,367.360,811.224,246.464,669.549,444.058,764.982
563.628,1012.455,367.334,811.240,246.457,669.580,444.416,765.518
563.492,1012.615,367.429,811.389,246.436,669.816,444.519,765.260
563.524,1012.665,367.384,811.243,246.617,669.507,444.833,765.166
563.601,1012.724,367.483,811.302,246.829,669.310,444.619,765.129
563.419,1012.706,367.325,811.151,246.046,669.604,444.063,765.095
563.494,1012.660,367.481,811.091,246.800,669.272,443.706,765.645
563.622,1012.852,367.692,811.037,246.381,669.637,444.177,765.433
563.486,1012.668,367.587,811.179,246.121,669.259,444.820,765.172
563.530,1012.606,367.483,811.019,246.448,669.124,444.660,764.997
563.603,1012.828,367.474,810.933,246.096,669.791,444.277,765.803
563.680,1012.952,367.621,811.154,246.287,669.490,443.946,766.283
563.498,1012.748,367.817,811.285,246.676,669.549,444.022,765.360
563.582,1012.860,367.897,811.106,246.537,669.525,444.309,765.836
563.400,1012.726,367.456,811.324,246.165,669.746,444.165,766.453
563.253,1012.586,367.612,811.142,246.531,669.624,443.855,766.325
563.645,1012.743,367.709,811.252,246.371,669.411,444.267,765.978
563.619,1012.837,367.761,811.237,246.281,669.311,444.288,765.564
563.582,1012.746,367.228,811.297,246.890,669.262,444.326,765.787
563.444,1012.657,367.686,811.375,246.506,669.510,444.004,766.180
563.643,1012.844,367.564,811.426,246.827,669.355,444.213,766.466
563.402,1012.452,367.861,811.209,246.778,669.749,444.215,766.396
563.690,1012.848,367.591,811.325,246.809,669.734,444.159,766.905
563.439,1012.661,367.634,811.410,246.911,669.548,444.182,766.361
563.481,1012.693,367.771,811.269,246.872,669.671,444.212,766.086
563.492,1012.709,367.681,811.251,246.463,669.345,444.350,766.292
563.419,1012.756,367.156,811.320,246.521,669.414,444.185,766.607
563.307,1012.469,367.823,811.243,246.782,669.442,444.377,767.015
563.548,1012.731,367.424,811.265,246.520,669.475,444.299,767.144
563.488,1012.547,367.779,811.320,246.588,669.504,444.172,766.198
563.489,1012.550,367.725,811.364,246.600,669.476,444.076,766.676
563.719,1012.773,367.219,811.411,246.812,669.634,444.619,767.682
563.399,1012.656,367.705,811.124,246.914,669.402,444.122,767.443
563.409,1012.590,367.305,811.406,246.747,669.521,444.861,768.698
563.161,1012.688,367.632,811.307,246.722,669.626,445.193,768.852
563.219,1012.607,367.328,811.400,246.713,669.423,444.647,769.256
563.341,1012.610,367.169,811.225,246.541,669.518,444.972,768.722
563.312,1012.513,367.222,811.186,246.840,669.476,444.629,767.428
563.337,1012.823,367.925,811.213,246.336,669.406,444.509,767.744
563.194,1012.553,367.239,811.251,246.414,669.277,445.155,768.196
563.453,1012.731,367.691,811.244,246.342,669.457,445.381,768.492
563.076,1012.265,367.780,811.390,246.289,669.426,444.992,768.657
563.284,1012.397,367.702,811.296,246.906,669.457,444.634,768.588
563.396,1012.521,367.945,811.325,246.754,669.628,444.395,765.834
563.513,1012.828,367.491,811.162,246.581,669.624,444.971,766.833
563.423,1012.645,367.777,811.282,246.546,669.716,445.010,766.521
563.242,1012.583,367.765,811.417,246.649,669.925,445.148,767.055
563.351,1012.841,367.636,810.938,246.013,669.944,445.101,766.820
563.261,1012.641,367.870,811.285,245.949,670.008,445.278,767.048
563.521,1012.620,367.179,811.065,246.458,669.694,445.314,766.728
563.487,1012.735,367.352,811.264,246.382,669.940,445.365,766.963
563.305,1012.372,367.261,810.912,246.552,669.678,445.212,766.293
563.390,1012.641,367.152,810.929,246.444,669.656,445.395,766.051
563.632,1012.734,367.277,811.165,246.536,669.619,445.230,765.794
563.362,1012.634,367.172,811.211,246.438,669.621,445.584,765.781
563.468,1012.639,367.721,811.354,246.603,669.560,445.512,765.498
563.520,1012.733,367.894,811.318,246.493,669.646,445.656,765.364
563.531,1012.775,367.237,811.512,246.604,669.949,445.852,765.248
563.588,1012.832,367.139,811.320,246.566,669.891,445.599,765.118
563.458,1012.813,367.332,811.447,246.579,669.802,445.673,765.333
563.655,1012.788,367.480,811.436,246.648,669.751,445.758,765.237
563.574,1012.743,367.458,811.321,246.642,669.418,445.663,765.300
563.494,1012.624,367.594,811.167,246.615,669.685,445.739,765.348
563.432,1012.613,367.684,811.228,246.586,669.595,445.775,765.239
563.516,1012.629,367.438,811.146,246.771,669.593,445.725,765.574
563.408,1012.537,367.231,811.166,246.692,669.584,445.834,765.401
563.437,1012.708,367.201,811.237,246.473,669.749,445.833,765.124
563.525,1012.717,367.356,811.224,246.459,669.559,445.745,765.090
563.601,1012.544,367.197,811.307,246.212,669.692,445.678,765.751
563.588,1012.981,367.223,811.166,246.304,669.528,445.511,765.836
563.349,1012.689,367.329,811.277,246.701,669.304,445.170,765.757
563.535,1012.808,367.400,811.404,246.457,669.550,444.978,765.090
563.298,1012.644,366.976,811.700,246.093,669.303,445.750,765.634
563.562,1012.709,367.572,811.218,246.502,669.481,445.173,766.393
563.295,1012.694,367.150,811.270,246.559,669.480,445.464,768.191
563.481,1012.556,367.675,811.118,246.739,669.358,445.736,767.997
563.439,1012.702,367.810,811.270,246.623,669.448,445.013,766.681
563.344,1012.683,367.774,811.197,246.608,669.489,445.430,767.387
563.573,1012.767,367.690,811.108,246.538,669.610,445.310,768.186
563.356,1012.665,367.401,811.383,246.592,669.551,445.737,769.491
563.359,1012.696,367.266,811.213,246.713,669.525,445.742,769.223
563.419,1012.813,367.365,811.239,246.366,669.472,446.051,769.587
563.371,1012.612,367.377,811.141,246.293,669.376,445.709,768.195
563.137,1012.429,367.605,811.188,246.721,669.500,446.377,768.938
563.401,1012.537,367.883,811.304,246.373,669.482,446.174,769.925
563.436,1012.535,367.457,811.457,246.324,669.649,446.651,770.623
563.432,1012.729,367.953,811.480,246.758,669.404,446.707,770.561
563.376,1012.707,368.029,811.489,246.709,669.390,447.678,771.101
563.389,1012.585,367.864,811.150,246.371,669.355,446.817,770.823
563.457,1012.562,367.973,811.198,246.811,669.329,447.211,771.261
563.400,1012.466,367.656,811.072,246.731,669.483,448.051,771.920
563.416,1012.609,367.733,811.163,246.519,669.413,446.945,770.951
563.496,1012.702,367.788,811.230,246.383,669.281,448.164,772.253
563.412,1012.534,367.638,811.236,246.194,669.400,447.347,771.614
563.211,1012.506,367.730,811.091,246.560,669.506,447.513,771.341
563.354,1012.733,367.663,811.197,246.582,669.600,447.786,771.505
563.301,1012.614,367.465,811.232,246.511,669.510,447.485,770.944
563.455,1012.790,367.591,811.153,246.611,669.481,447.251,771.101
563.450,1012.826,366.986,811.339,246.361,669.707,447.303,771.297
563.572,1013.068,367.624,811.172,246.463,669.653,447.484,771.357
563.545,1013.167,367.461,811.090,246.325,669.535,447.100,771.606
563.587,1012.641,367.643,811.173,246.718,669.572,446.835,771.734
563.462,1012.627,367.682,811.174,246.649,669.621,447.180,771.566
563.273,1012.585,367.444,811.256,246.725,669.495,447.380,771.818
563.359,1012.501,367.751,811.273,246.609,669.385,446.851,771.243
563.565,1012.935,367.646,811.136,246.741,669.635,447.664,771.345
563.512,1012.816,367.600,811.206,246.786,669.549,447.915,772.015
563.499,1012.795,367.337,811.031,246.666,669.507,447.126,770.554
563.535,1012.754,367.666,811.229,246.827,669.554,447.056,770.479
563.378,1012.783,367.176,811.474,246.245,669.654,447.521,770.538
563.382,1012.752,367.885,811.187,246.444,669.615,447.266,770.194
563.354,1012.676,367.564,811.342,246.400,669.626,448.919,771.036
563.638,1012.881,367.604,811.350,247.092,669.402,448.070,770.153
563.193,1012.694,367.464,811.323,246.879,669.593,448.742,770.912
563.459,1012.666,367.679,811.190,246.544,669.645,448.857,771.404
563.252,1012.527,367.599,811.391,246.590,669.514,447.704,770.197
563.508,1012.715,367.645,811.053,246.505,669.640,447.737,770.703
563.138,1012.339,367.410,811.212,246.134,669.775,447.571,770.530
563.247,1012.589,367.539,811.117,246.534,669.800,447.429,769.891
563.304,1012.425,367.612,811.106,246.667,669.848,448.819,770.774
563.478,1012.709,367.582,811.496,246.670,669.640,448.352,770.630
563.519,1012.828,367.737,811.127,246.745,669.613,448.196,769.308
563.708,1012.913,366.916,811.480,246.276,669.691,448.160,769.768
563.503,1012.822,367.241,811.340,246.312,669.656,448.044,769.528
563.124,1012.650,367.245,811.260,246.374,669.640,448.280,769.020
563.353,1012.545,367.599,811.335,246.368,669.843,449.206,770.632
563.281,1012.652,367.756,811.132,246.487,669.616,448.623,769.260
563.593,1012.964,367.518,811.032,246.635,669.605,447.815,768.407
563.228,1012.729,367.329,811.239,246.355,669.765,448.009,768.258
563.640,1012.758,367.582,810.936,246.649,669.370,448.133,768.577
563.428,1012.909,367.605,811.148,246.670,669.512,447.575,768.401
563.427,1012.706,367.509,811.307,246.778,669.484,448.128,769.323
563.577,1012.834,367.260,811.142,246.630,669.487,447.937,769.205
563.451,1012.652,367.800,811.284,246.527,669.542,447.721,769.423
563.493,1012.772,367.333,811.236,246.750,669.644,448.334,768.952
563.505,1013.096,367.429,811.278,246.784,669.605,447.825,769.036
563.588,1013.082,367.881,811.261,246.886,669.612,448.042,769.468
563.877,1013.120,367.452,811.177,246.711,669.790,447.584,769.029
563.556,1012.752,367.915,811.140,246.522,669.758,447.303,768.912
563.632,1012.835,367.809,811.336,246.565,669.594,448.667,769.646
563.466,1013.012,367.896,811.279,246.131,669.645,448.791,769.522
563.488,1012.887,367.829,811.155,246.151,669.637,448.750,769.357
563.353,1012.767,367.085,811.147,246.626,669.696,447.881,768.738
563.385,1012.660,367.108,811.032,246.216,669.726,448.488,769.416
563.247,1012.607,367.653,811.230,246.685,669.673,447.767,768.947
563.452,1012.883,367.362,811.340,246.677,669.582,447.947,769.091
563.561,1012.880,367.898,811.286,246.670,669.873,447.703,769.281
563.503,1012.801,367.851,811.173,246.585,669.693,448.441,769.174
563.267,1012.705,367.712,811.208,246.581,669.575,447.879,768.998
563.396,1012.562,367.947,811.075,246.669,669.601,447.302,769.162
563.206,1012.575,367.390,810.914,246.301,669.591,446.868,769.624
563.081,1012.545,367.424,811.236,246.560,669.720,447.076,769.519
563.468,1012.904,367.534,811.217,246.137,669.646,447.341,769.189
563.353,1012.644,367.340,811.292,246.357,669.734,447.229,768.931
563.491,1012.735,367.642,811.144,246.347,669.597,447.264,768.519
563.043,1012.570,367.246,811.308,246.557,669.706,447.108,768.749
563.107,1012.452,367.340,811.278,246.658,669.757,447.483,769.277
563.570,1013.077,367.891,811.241,246.716,669.438,445.806,767.103
563.404,1012.872,367.920,811.334,246.651,669.775,447.544,769.580
563.310,1012.617,367.712,811.150,246.489,669.542,447.506,768.724
563.225,1012.633,367.343,811.191,246.592,669.715,447.308,768.827
563.547,1012.834,367.658,811.546,246.547,669.526,447.468,769.200
563.627,1012.805,367.889,811.413,246.689,669.398,447.545,769.159
563.483,1012.747,367.857,811.655,246.311,669.545,447.502,768.906
563.533,1012.844,367.440,811.362,246.297,669.677,447.770,768.902
563.369,1012.755,367.593,811.573,246.147,669.720,447.751,768.962
563.498,1012.796,367.657,811.335,246.232,669.845,447.318,769.162
563.536,1012.862,367.756,811.257,246.267,669.877,447.070,769.069
563.362,1012.770,367.689,811.312,246.289,669.640,447.263,768.777
563.394,1012.676,367.382,811.302,246.750,669.571,447.214,768.928
563.145,1012.558,367.712,811.264,246.428,669.454,447.400,768.618
563.581,1012.802,367.654,811.280,246.471,669.513,447.610,769.211
563.523,1012.819,367.912,811.296,246.630,669.555,447.394,769.065
563.489,1012.841,367.671,811.177,246.535,669.403,447.468,769.122
563.552,1012.831,367.683,811.246,246.746,669.541,447.364,768.837
563.411,1012.884,367.714,811.222,246.741,669.561,447.696,769.445
563.651,1012.836,367.707,811.239,246.633,669.539,447.594,769.194
563.280,1012.544,367.636,811.173,246.671,669.430,447.861,769.632
563.258,1012.528,367.256,811.194,246.503,669.513,447.645,769.029
563.414,1012.514,367.879,811.310,246.330,669.655,447.403,769.365
563.157,1012.537,367.815,811.292,246.289,669.601,447.417,768.634
563.216,1012.451,367.731,811.141,246.511,669.497,447.494,769.168
563.302,1012.561,367.870,811.030,246.265,669.570,447.689,769.495
563.246,1012.781,367.755,811.278,246.184,669.624,448.004,769.491
563.453,1012.669,367.382,811.355,246.662,669.906,447.883,769.229
563.270,1012.836,367.781,811.183,246.308,669.427,447.669,769.733
563.335,1012.889,367.664,811.222,246.257,669.459,447.627,769.923
563.152,1012.421,367.795,811.394,246.570,669.611,447.647,770.373
563.227,1012.504,367.742,811.159,246.277,669.295,447.821,770.034
563.251,1012.439,367.146,811.263,246.338,669.301,447.929,770.208
563.309,1012.438,367.387,811.338,246.292,669.163,447.855,769.833
563.278,1012.622,367.854,811.284,246.209,669.632,447.690,769.801
563.299,1012.657,367.493,811.461,246.248,669.540,447.701,769.833
563.112,1012.602,367.231,811.692,246.144,669.575,448.010,770.377
563.257,1012.591,367.226,811.361,246.321,669.276,448.069,769.964
563.224,1012.533,367.186,811.355,246.270,669.590,448.097,770.228
563.289,1012.758,367.768,811.195,246.285,669.466,447.914,770.047
563.315,1012.844,367.738,811.465,246.241,669.695,447.998,769.304
563.335,1012.760,367.198,811.411,246.348,669.766,447.757,769.771
563.269,1012.815,367.514,811.246,246.165,669.839,447.851,769.813
563.342,1012.639,367.522,811.349,246.212,669.653,448.165,770.152
563.230,1012.596,367.572,811.587,246.307,669.498,447.211,769.835
563.226,1012.504,367.561,811.416,246.349,669.940,448.168,770.055
563.414,1012.673,367.451,811.503,246.429,669.728,447.384,770.196
563.429,1012.820,367.521,811.437,246.284,669.758,447.340,770.030
563.128,1012.594,367.309,811.458,246.516,669.679,447.771,769.713
563.369,1012.761,367.242,811.490,246.510,669.656,447.583,770.296
563.319,1012.680,367.404,811.492,246.748,669.428,447.792,769.919
563.270,1012.746,367.712,811.435,246.606,669.523,447.911,770.000
563.160,1012.626,367.403,811.402,246.951,669.578,447.994,771.198
563.279,1012.507,367.195,811.308,246.742,669.382,447.236,770.040
563.333,1012.489,367.799,811.316,246.322,669.248,448.265,769.980
563.227,1012.525,367.837,811.307,246.504,669.405,448.763,771.698
563.446,1012.618,367.707,811.137,246.242,669.237,448.399,770.542
563.494,1012.693,367.332,811.444,246.172,669.761,448.529,770.676
563.584,1012.896,367.847,811.264,246.363,669.760,448.241,769.751
563.326,1012.718,367.350,811.244,246.891,669.503,448.137,771.592
563.583,1012.864,367.899,811.373,246.760,669.356,447.919,769.620
563.283,1012.645,367.363,811.372,246.319,669.424,448.092,769.879
563.493,1012.737,367.836,811.319,246.427,669.485,448.326,769.808
563.471,1012.644,367.977,811.364,246.552,669.520,448.393,769.258
563.432,1012.701,367.978,811.258,246.761,669.526,448.447,769.829
563.350,1012.638,367.551,811.492,246.654,669.599,447.878,770.249
563.553,1012.750,367.566,811.473,246.838,669.484,448.326,769.390
563.528,1012.540,367.847,811.310,246.604,669.185,448.484,769.578
563.188,1012.553,367.785,811.223,246.796,669.292,448.249,769.175
563.230,1012.682,367.526,811.387,246.060,669.254,448.970,769.617
563.240,1012.540,367.699,811.328,246.786,669.206,448.731,769.270
563.227,1012.862,367.902,811.516,246.342,669.611,449.043,769.310
563.344,1012.920,367.592,811.350,246.255,669.435,448.909,768.918
563.410,1012.867,367.691,811.556,246.353,669.405,448.126,769.323
563.270,1012.636,367.734,811.245,246.518,669.460,448.324,769.673
563.562,1012.714,367.718,811.272,246.520,669.442,448.254,769.908
563.524,1012.822,367.619,811.316,246.407,669.532,447.544,769.229
563.374,1012.742,367.713,811.307,246.645,669.504,448.615,769.875
563.410,1012.789,367.873,811.247,246.767,669.416,447.692,769.072
563.433,1012.847,367.135,811.468,246.259,669.636,447.924,769.685
563.683,1013.032,367.784,811.350,246.739,669.588,448.247,769.866
563.231,1012.591,367.921,811.350,246.545,669.668,447.942,769.374
563.302,1012.790,367.613,811.514,246.625,669.612,447.386,768.693
563.152,1012.605,367.744,811.255,246.440,669.740,448.383,769.676
563.432,1012.766,367.789,811.285,246.620,669.643,448.279,769.171
563.378,1012.642,367.471,811.268,246.218,669.309,447.710,769.324
563.379,1012.631,367.341,811.215,246.400,669.564,447.988,769.286
563.450,1012.701,367.703,811.265,246.521,669.572,447.685,769.305
563.320,1012.651,367.645,811.234,246.725,669.601,447.787,768.819
563.179,1012.640,367.551,811.236,246.263,669.585,448.302,769.825
563.337,1012.722,367.872,811.319,246.403,669.524,447.778,769.482
563.612,1012.982,367.211,811.174,246.500,669.534,448.433,770.048
563.375,1012.667,367.402,811.244,246.317,669.501,448.152,769.856
563.271,1012.737,367.466,811.082,246.310,669.640,447.938,769.279
563.548,1012.968,367.665,811.188,246.539,669.701,447.687,769.461
563.508,1012.882,367.492,811.341,246.198,669.675,448.157,769.487
563.235,1012.693,367.190,811.342,246.095,669.492,447.737,769.302
563.230,1012.669,367.340,811.295,246.297,669.628,447.471,769.747
563.302,1012.742,367.464,811.222,246.424,669.617,447.375,769.271
563.386,1012.757,367.196,811.254,246.463,669.562,448.111,769.700
563.244,1012.723,367.443,811.438,246.311,669.551,447.747,769.760
563.462,1012.916,367.480,811.442,246.500,669.507,447.365,769.276
563.237,1012.740,367.435,811.409,246.649,669.548,447.946,769.893
563.183,1012.753,367.268,811.286,246.324,669.567,447.558,769.558
563.450,1012.717,367.449,811.399,246.370,669.601,447.566,768.916
563.571,1012.820,367.408,811.377,246.519,669.581,447.812,770.217
563.407,1012.828,367.297,811.292,246.619,669.317,447.983,770.381
563.404,1012.859,367.377,811.307,246.431,669.407,448.080,770.402
563.313,1012.674,367.777,811.293,246.323,669.376,447.831,770.364
563.305,1012.770,366.967,811.444,246.443,669.500,448.801,771.598
563.271,1012.763,366.881,811.404,246.193,669.245,449.110,771.427
563.275,1012.677,367.324,811.434,246.212,669.639,448.092,770.527
563.256,1012.694,367.294,811.436,246.242,669.705,448.390,770.920
563.361,1012.734,367.324,811.426,246.652,669.550,449.188,771.469
563.329,1012.670,367.361,811.433,246.575,669.574,448.085,770.638
563.545,1013.006,367.232,811.309,246.723,669.491,448.028,769.622
563.378,1012.841,367.355,811.328,246.632,669.413,447.858,770.244
563.410,1012.775,367.199,811.205,246.611,669.495,447.499,769.799
563.307,1012.861,367.149,811.317,246.334,669.421,447.063,769.229
563.266,1012.735,367.411,811.372,246.298,669.393,446.818,768.848
563.308,1012.647,367.385,811.416,246.273,669.451,447.037,769.053
563.652,1013.011,367.392,811.332,246.448,669.555,446.357,769.081
563.453,1013.022,367.349,811.277,246.198,669.665,446.428,770.082
563.409,1012.821,367.362,811.391,246.264,669.530,446.332,770.443
563.615,1013.011,367.432,811.452,246.304,669.631,446.180,770.004
563.625,1012.883,367.493,811.272,246.152,669.558,446.424,770.432
563.442,1012.921,367.798,811.439,246.399,669.503,446.424,770.664
563.468,1012.884,367.706,811.378,246.330,669.744,446.166,770.042
563.262,1012.718,367.307,811.434,246.347,669.584,446.560,770.489
563.354,1012.730,367.503,811.499,246.350,669.458,446.424,770.424
563.303,1012.690,367.314,811.333,246.339,669.605,446.301,770.422
563.220,1012.696,367.488,811.463,246.485,669.492,446.585,770.381
563.394,1012.914,367.807,811.378,246.153,669.501,446.438,770.221
563.259,1012.778,367.784,811.306,246.154,669.761,446.274,770.061
563.237,1012.643,367.119,811.356,246.181,669.511,446.401,770.440
563.174,1012.579,367.589,811.368,246.327,669.373,446.312,770.232
563.253,1012.721,367.462,811.462,246.347,669.317,446.027,770.190
563.117,1012.629,367.597,811.625,246.694,669.230,446.179,769.974
563.226,1012.670,367.407,811.568,246.613,669.400,446.479,770.448
563.256,1012.800,367.378,811.570,246.464,669.539,446.248,770.466
563.276,1012.667,367.837,811.536,246.276,669.591,446.600,770.667
563.257,1012.489,367.416,811.526,246.368,669.833,446.614,770.081
563.267,1012.540,367.853,811.482,246.415,669.735,446.694,770.269
563.359,1012.637,367.245,811.442,246.500,669.791,446.575,770.287
563.283,1012.448,367.268,811.499,246.450,669.651,446.708,770.263
563.306,1012.398,367.370,811.488,246.632,669.627,446.615,770.294
563.296,1012.503,367.660,811.467,246.637,669.599,446.724,770.438
563.177,1012.521,367.367,811.430,246.194,669.402,446.582,770.268
563.307,1012.603,367.483,811.402,246.261,669.403,446.679,770.341
563.344,1012.798,367.373,811.509,246.771,669.184,446.477,769.920
563.210,1012.491,367.219,811.265,246.572,669.327,446.450,769.900
563.451,1012.719,367.741,811.392,246.478,669.438,446.529,770.076
563.153,1012.513,367.759,811.469,246.592,669.610,446.616,770.337
563.186,1012.546,367.242,811.424,246.597,669.503,446.471,770.296
563.570,1012.820,367.838,811.592,246.435,669.377,446.587,770.567
563.431,1012.642,367.785,811.574,246.569,669.392,446.432,770.338
563.306,1012.530,367.335,811.484,246.387,669.648,446.707,770.466
563.243,1012.620,367.621,811.380,246.280,669.763,446.658,770.402
563.319,1012.759,367.361,811.299,246.279,669.606,446.799,770.476
563.431,1012.729,367.242,811.293,246.407,669.696,446.701,770.441
563.293,1012.744,367.368,811.410,246.657,669.526,446.444,770.353
563.067,1012.643,367.688,811.248,246.231,669.541,446.514,770.236
563.178,1012.689,367.425,811.388,246.369,669.168,446.650,770.385
563.304,1012.663,367.435,811.329,246.405,669.687,446.634,770.223
563.284,1012.734,367.476,811.293,246.407,669.519,446.471,769.672
563.307,1012.413,367.743,811.276,245.968,669.434,446.393,769.506
563.249,1012.602,367.195,811.324,246.090,669.413,446.481,769.962
563.216,1012.751,367.631,811.316,246.375,669.483,446.576,770.214
563.271,1012.677,367.858,811.464,246.035,669.659,446.506,770.118
563.090,1012.651,367.189,811.327,246.201,669.677,446.568,770.063
563.153,1012.484,367.542,811.281,246.241,669.667,446.449,769.821
563.399,1012.738,367.130,811.386,246.063,669.744,446.904,770.527
563.319,1012.776,367.163,811.379,246.181,669.695,446.433,770.018
563.481,1012.961,367.675,811.292,246.588,669.559,446.522,769.649
563.425,1012.922,367.509,811.215,246.490,669.515,446.523,769.848
563.373,1012.895,367.969,811.453,246.349,669.658,446.661,770.068
563.428,1013.016,367.819,811.388,246.421,669.598,446.545,769.428
563.092,1012.718,367.850,811.441,246.445,669.529,446.753,769.935
563.048,1012.627,367.324,811.413,246.182,669.643,446.627,770.010
563.207,1012.639,367.722,811.429,246.206,669.641,446.445,769.829
563.410,1012.811,367.150,811.446,246.577,669.431,446.910,770.318
563.347,1012.719,367.312,811.431,246.532,669.488,446.736,770.124
563.391,1012.683,367.355,811.221,246.355,669.447,446.659,769.458
563.209,1012.530,367.178,811.331,246.307,669.440,446.692,769.795
563.175,1012.656,367.117,811.465,246.122,669.532,446.884,770.248
563.229,1012.659,367.220,811.439,246.167,669.467,446.803,770.019
563.270,1012.723,367.241,811.497,246.273,669.715,446.780,769.975
563.223,1012.752,367.553,811.296,246.245,669.954,446.693,769.865
563.306,1012.588,367.590,811.250,246.419,669.773,446.574,769.784
563.415,1012.668,367.700,811.441,246.669,669.424,446.827,769.930
562.987,1012.503,367.588,811.146,246.592,669.662,446.660,769.573
563.294,1012.731,367.610,811.140,246.629,669.454,446.333,769.326
563.079,1012.347,367.633,811.376,246.580,669.628,446.851,769.593
563.170,1012.470,367.595,811.319,246.613,669.761,446.748,770.136
563.413,1012.738,367.676,811.398,246.706,669.735,446.709,770.301
563.386,1012.858,367.169,811.384,246.825,669.509,446.677,769.988
563.335,1012.817,367.687,811.303,246.457,669.718,446.822,770.203
563.312,1012.774,367.152,811.279,246.625,669.631,446.675,770.224
563.276,1012.789,367.601,811.383,246.582,669.799,446.538,769.384
563.419,1012.617,367.263,811.522,246.131,669.656,446.646,770.150
563.189,1012.764,367.308,811.479,246.218,669.647,446.845,770.305
563.120,1012.516,367.273,811.405,246.170,669.425,446.942,770.205
563.178,1012.609,367.851,811.303,246.120,669.448,446.697,769.946
563.057,1012.449,367.925,811.366,246.122,669.420,446.911,769.912
563.328,1012.770,367.256,811.463,246.534,669.348,446.552,769.333
563.297,1012.846,367.867,811.437,246.493,669.426,446.473,769.443
563.307,1012.607,367.360,811.556,246.185,669.569,446.665,769.916
563.324,1012.763,367.384,811.464,246.255,669.417,446.918,770.036
563.129,1012.549,367.844,811.375,246.259,669.624,446.969,770.086
563.389,1012.863,367.711,811.391,246.606,669.498,446.991,770.177
563.276,1012.756,367.884,811.535,246.343,669.308,446.859,769.905
563.346,1012.877,367.335,811.445,246.324,669.457,446.926,769.620
563.376,1012.726,367.771,811.474,246.569,669.372,446.543,769.328
563.224,1012.708,367.903,811.502,246.523,669.463,445.666,767.977
563.148,1012.735,367.875,811.523,246.597,669.481,446.597,768.940
563.057,1012.671,367.871,811.444,246.197,669.466,445.891,768.599
562.878,1012.421,367.667,811.337,246.209,669.471,445.458,768.697
563.320,1012.604,367.984,811.498,246.683,669.497,445.863,769.067
563.295,1012.685,367.744,811.483,246.441,669.645,446.398,769.143
563.106,1012.676,367.378,811.473,246.555,669.624,446.418,768.863
563.156,1012.721,367.990,811.502,246.770,669.645,446.353,769.277
563.392,1012.809,367.975,811.518,246.474,669.407,446.278,768.852
563.432,1012.833,367.988,811.543,246.529,669.354,446.130,768.320
563.392,1012.839,367.811,811.460,246.542,669.269,446.140,767.293
563.229,1012.736,367.829,811.491,246.499,669.424,446.239,767.477
563.265,1012.805,367.831,811.467,246.343,669.352,446.048,767.387
563.237,1012.883,367.965,811.530,246.218,669.157,446.439,767.303
563.151,1012.676,367.483,811.500,246.424,669.640,446.438,767.833
563.261,1012.658,367.159,811.388,246.243,669.589,446.468,767.700
563.214,1012.654,367.571,811.439,246.394,669.419,446.260,767.908
563.189,1012.575,367.664,811.470,246.572,669.432,446.382,767.656
563.095,1012.557,367.388,811.422,246.714,669.271,445.590,767.334
563.352,1012.886,367.369,811.413,246.368,669.540,446.123,766.749
563.143,1012.634,367.367,811.328,246.445,669.513,446.916,767.386
563.021,1012.489,367.708,811.237,246.098,669.770,446.387,766.701
563.141,1012.532,367.012,811.132,246.169,669.576,446.486,766.872
563.197,1012.641,367.576,811.456,246.580,669.259,447.134,767.077
563.241,1012.536,367.387,811.386,246.716,669.120,446.834,766.825
563.198,1012.697,367.830,811.389,246.715,669.404,446.715,766.672
563.117,1012.891,367.247,811.426,246.454,669.720,446.635,766.667
563.460,1013.041,367.780,811.391,246.379,669.419,446.445,766.788
563.270,1012.608,367.752,811.265,246.440,669.617,445.838,767.048
563.208,1012.601,367.159,811.179,246.368,669.570,446.782,767.382
563.156,1012.427,367.480,811.506,246.431,669.455,447.096,767.439
563.210,1012.503,367.315,811.445,246.156,669.502,447.131,767.350
563.398,1013.009,367.459,811.544,246.216,669.646,446.498,766.489
563.216,1012.730,367.507,811.406,246.694,669.564,447.002,766.398
563.273,1012.911,367.524,811.370,246.405,669.522,446.356,765.825
563.290,1012.764,367.638,811.244,246.637,669.413,446.336,765.713
563.176,1012.856,367.620,811.575,246.659,669.439,445.785,765.731
563.365,1012.968,367.696,811.503,246.646,669.348,445.671,765.745
563.133,1012.861,367.980,811.403,246.455,669.256,445.857,766.171
563.190,1012.835,367.932,811.459,246.708,669.540,445.889,765.871
562.860,1012.578,367.659,811.366,246.040,669.510,445.752,765.392
563.143,1012.793,367.801,811.494,246.270,669.382,444.900,765.111
563.254,1012.801,367.808,811.396,246.336,669.580,446.028,766.713
563.156,1012.749,367.640,811.384,246.282,669.520,445.576,766.588
562.935,1012.564,367.702,811.439,246.352,669.468,445.577,766.555
563.342,1012.927,367.536,811.330,246.505,669.622,445.564,766.718
563.494,1012.872,367.687,811.241,246.502,669.540,444.920,766.051
563.419,1012.927,367.826,811.306,246.305,669.463,445.281,766.503
563.436,1012.956,367.873,811.433,246.479,669.393,445.421,766.830
563.362,1012.898,367.704,811.283,246.516,669.605,445.899,767.206
563.455,1012.887,367.449,811.273,246.591,669.621,445.787,767.078
563.312,1012.657,367.447,811.246,246.543,669.676,445.893,767.102
563.329,1012.655,367.465,811.106,246.600,669.386,445.777,766.754
563.266,1012.877,367.175,811.280,245.998,669.428,446.058,767.153
563.234,1012.831,367.130,811.249,246.607,669.642,445.679,766.673
563.608,1012.887,367.640,811.336,246.359,669.634,445.980,766.722
563.075,1012.825,367.049,811.234,246.638,669.707,445.841,766.383
563.161,1012.875,367.537,811.415,246.398,669.517,445.863,766.547
563.293,1012.836,367.702,811.449,246.335,669.772,445.860,766.692
563.175,1012.613,367.799,811.396,246.441,669.716,445.897,766.417
563.276,1012.691,367.186,811.349,246.473,669.570,446.046,766.318
563.071,1012.549,367.351,811.417,246.531,669.434,446.057,766.180
563.376,1012.808,367.643,811.400,246.202,669.589,445.821,766.408
563.659,1012.914,367.492,811.511,246.545,669.636,445.720,766.423
563.373,1012.718,367.361,811.360,246.350,669.273,444.868,765.874
563.277,1012.927,367.163,811.263,246.450,669.427,445.075,766.445
563.246,1012.706,367.524,811.452,245.893,669.411,445.164,766.839
563.255,1012.779,367.911,811.427,246.774,669.439,445.663,766.539
563.478,1012.872,367.454,811.468,246.710,669.570,444.955,765.191
563.491,1012.852,367.223,811.267,246.611,669.405,446.261,766.028
563.588,1013.011,367.198,811.259,246.344,669.612,446.911,766.773
563.185,1012.884,367.387,811.353,246.332,669.597,446.849,767.106
563.190,1012.829,367.805,811.393,246.318,669.510,446.922,766.773
563.260,1012.848,367.630,811.389,246.516,669.613,447.656,767.407
563.415,1012.950,367.692,811.387,246.624,669.482,447.601,767.393
563.244,1012.786,367.797,811.499,246.610,669.498,446.783,767.171
563.271,1012.654,367.869,811.517,246.682,669.394,446.771,767.032
563.452,1012.966,367.311,811.593,246.276,669.638,447.516,767.605
563.382,1012.916,367.107,811.363,246.452,669.595,446.692,766.967
563.155,1012.486,367.356,811.226,246.545,669.477,446.590,766.713
563.507,1012.944,367.408,811.508,246.467,669.632,446.650,766.824
563.437,1012.962,367.288,811.429,246.351,669.399,446.683,766.783
563.346,1012.893,367.164,811.335,246.652,669.656,446.790,766.901
563.173,1012.571,367.747,811.558,246.652,669.637,446.673,767.100
563.219,1012.898,367.334,811.511,246.657,669.735,446.523,766.886
563.401,1013.028,367.368,811.519,246.639,669.584,446.335,766.760
563.292,1012.847,367.507,811.549,246.790,669.484,447.108,767.353
563.189,1012.983,367.872,811.498,246.703,669.756,446.848,766.423
563.332,1012.906,367.331,811.336,246.798,669.407,446.859,766.518
563.153,1012.879,367.342,811.377,246.626,669.517,447.542,767.020
563.426,1013.046,367.233,811.487,246.396,669.474,447.010,766.531
563.195,1012.804,367.753,811.676,246.363,669.429,446.935,766.632
563.257,1012.923,367.542,811.615,246.315,669.556,446.979,766.394
563.487,1012.994,367.695,811.472,246.391,669.672,447.037,766.451
563.288,1012.829,367.331,811.440,246.318,669.575,446.954,766.478
563.455,1013.008,367.570,811.402,246.220,669.657,446.845,766.219
563.338,1012.972,367.576,811.295,246.319,669.540,446.792,766.330
563.606,1013.076,367.403,811.545,246.663,669.498,446.636,766.338
563.480,1012.976,367.740,811.391,246.502,669.258,446.609,766.340
563.365,1013.054,367.655,811.364,246.498,669.409,446.660,766.453
563.332,1012.954,367.487,811.351,246.843,669.591,446.796,766.384
563.123,1012.778,367.139,811.367,246.612,669.867,447.123,766.851
563.264,1012.807,367.204,811.399,246.637,669.668,447.159,766.904
563.076,1012.719,367.301,811.339,246.689,669.518,447.304,766.787
563.318,1012.830,367.349,811.423,246.104,669.546,446.383,766.319
563.293,1012.957,367.706,811.228,246.313,669.163,446.477,766.117
563.291,1012.772,367.066,811.193,246.201,669.229,446.109,766.193
563.284,1012.601,367.107,811.292,246.239,669.252,446.384,766.162
563.136,1012.534,367.100,811.317,246.166,669.285,446.326,765.986
563.240,1012.678,367.046,811.285,246.520,669.189,446.096,765.806
563.172,1012.781,366.967,811.351,246.397,669.302,446.180,765.952
563.111,1012.668,366.968,811.330,246.426,669.333,446.409,766.262
562.920,1012.744,367.282,811.458,246.657,669.463,446.563,766.456
563.117,1012.830,367.304,811.488,246.714,669.504,446.549,766.491
563.342,1012.849,367.978,811.378,246.655,669.343,445.963,765.959
563.159,1012.817,368.021,811.352,246.596,669.193,446.293,766.242
563.185,1012.943,367.781,811.389,246.622,669.175,446.477,766.422
563.302,1012.819,367.976,811.489,246.467,669.538,446.339,766.423
562.860,1012.555,367.575,811.280,246.602,669.505,447.234,766.872
563.201,1012.757,367.495,811.148,246.637,669.362,446.156,766.106
563.148,1012.693,367.477,811.226,246.616,669.470,446.611,766.415
563.000,1012.714,367.755,811.369,246.764,669.452,446.458,766.379
562.906,1012.718,367.657,811.365,246.706,669.397,446.378,766.291
563.035,1012.520,367.642,811.422,246.554,669.414,446.441,766.542
563.224,1012.757,367.481,811.396,246.665,669.386,446.339,766.379
562.922,1012.673,367.757,811.411,246.303,669.555,446.410,766.524
563.020,1012.666,367.824,811.522,246.253,669.554,446.299,766.450
563.329,1012.846,367.751,811.483,246.661,669.410,446.061,766.268
563.489,1013.018,367.652,811.347,246.535,669.436,446.064,766.180
563.163,1012.776,367.337,811.524,246.294,669.581,446.154,766.343
563.068,1012.841,367.345,811.495,246.313,669.631,446.260,766.253
562.983,1012.793,367.595,811.629,246.305,669.630,446.041,766.389
563.125,1012.818,367.310,811.564,246.246,669.762,446.196,766.413
563.137,1012.680,367.427,811.509,246.253,669.737,445.847,765.782
563.180,1012.784,367.833,811.452,246.522,669.508,446.217,765.615
563.124,1012.594,367.911,811.483,246.494,669.597,446.647,765.955
563.140,1012.650,367.519,811.533,246.810,669.596,446.166,765.571
563.139,1012.666,367.686,811.612,246.567,669.690,447.030,766.534
563.226,1012.549,367.246,811.743,246.638,669.192,446.878,766.453
563.308,1012.847,367.034,811.557,246.668,669.507,447.132,766.401
563.167,1012.652,367.869,811.522,246.537,669.318,446.199,765.599
563.196,1012.849,367.811,811.510,246.596,669.417,446.335,765.701
563.110,1012.776,367.538,811.550,245.724,669.719,446.040,765.564
563.100,1012.946,367.365,811.706,246.603,669.506,446.380,766.061
563.101,1012.792,367.139,811.383,246.426,669.854,446.124,765.730
563.395,1012.952,367.463,811.476,246.056,669.633,446.253,765.762
563.417,1013.036,367.304,811.413,246.426,669.633,446.394,765.884
563.234,1012.773,367.392,811.355,246.459,669.713,446.381,765.447
563.324,1012.979,367.486,811.474,246.742,669.723,446.032,765.315
563.199,1012.757,367.620,811.325,246.359,669.536,446.484,765.728
563.228,1012.866,367.669,811.319,246.591,669.648,446.367,765.565
563.105,1012.692,367.712,811.238,246.408,669.285,446.064,765.526
563.201,1012.788,367.782,811.355,246.575,669.623,445.879,765.734
563.344,1012.824,367.330,811.436,246.592,669.404,446.060,765.580
563.335,1012.761,367.441,811.553,246.531,669.491,446.130,765.592
563.241,1012.685,367.607,811.384,246.686,669.823,446.004,765.399
563.157,1012.574,367.436,811.388,246.866,669.492,446.054,765.355
563.406,1012.766,367.684,811.378,246.739,669.623,446.038,764.643
563.294,1012.659,367.549,811.359,246.558,669.602,445.974,764.891
563.326,1012.638,367.583,811.254,246.759,669.618,445.753,764.846
563.343,1012.783,367.358,811.353,246.466,669.887,445.982,765.074
563.325,1012.741,367.607,811.197,246.349,669.917,446.119,765.097
563.545,1012.905,367.369,811.407,246.254,669.944,446.364,765.288
563.267,1012.649,367.529,811.392,246.364,669.889,446.176,765.045
563.160,1012.818,367.900,811.437,246.565,669.751,446.032,765.165
563.146,1012.783,367.931,811.369,246.579,669.719,446.079,765.196
563.222,1012.788,367.673,811.272,246.418,669.562,446.129,765.347
563.086,1012.616,367.482,811.357,246.542,669.535,446.075,765.262
562.925,1012.546,367.401,811.333,246.098,669.573,446.136,765.242
563.259,1012.875,367.598,811.527,246.286,669.402,446.076,765.205
563.244,1012.904,367.794,811.359,246.537,669.527,446.411,765.593
563.319,1012.897,367.768,811.294,246.633,669.625,446.608,765.479
563.248,1012.803,367.410,811.350,246.591,669.532,446.448,765.418
563.143,1012.703,367.409,811.406,246.503,669.569,446.504,765.473
562.889,1012.446,367.355,811.434,246.529,669.453,446.622,765.503
563.092,1012.679,367.786,811.298,246.599,669.572,446.314,765.478
563.192,1012.683,367.944,811.332,246.612,669.630,446.168,765.427
563.266,1012.683,367.784,811.704,246.722,669.398,445.808,765.199
563.059,1012.626,368.275,811.700,246.389,669.172,446.110,765.308
563.060,1012.809,367.790,811.423,246.601,669.635,446.049,765.511
563.161,1012.860,368.027,811.497,246.659,669.629,446.135,765.349
563.048,1012.876,367.613,811.534,246.579,669.438,446.007,765.246
563.168,1012.804,367.747,811.395,246.286,669.769,445.949,765.181
562.933,1012.668,367.502,811.525,246.108,669.433,445.742,764.944
563.100,1012.648,367.960,811.403,246.162,669.439,445.902,765.409
563.238,1012.855,367.909,811.387,246.043,669.337,446.202,765.052
563.376,1012.987,367.614,811.285,246.566,669.531,446.291,765.069
563.177,1012.860,367.572,811.425,246.213,669.542,446.571,765.307
563.212,1012.662,367.392,811.325,246.249,669.571,446.541,765.211
563.199,1012.666,367.393,811.339,246.220,669.587,446.516,765.251
563.083,1012.785,367.288,811.388,246.204,669.545,446.623,765.212
563.035,1012.794,367.326,811.347,246.416,669.459,446.170,764.996
562.943,1012.701,367.368,811.294,246.351,669.591,446.613,765.179
563.076,1012.772,367.714,811.257,246.715,669.659,446.507,765.177
563.041,1012.528,367.657,811.164,246.165,669.649,446.514,765.059
563.151,1012.881,367.663,811.255,246.255,669.567,446.730,765.325
563.022,1012.699,367.633,811.213,246.203,669.642,446.868,765.205
563.124,1012.700,367.319,811.344,246.436,669.321,446.586,765.223
563.079,1012.719,367.340,811.328,246.700,669.594,446.595,765.277
563.094,1012.765,367.762,811.347,246.689,669.496,446.370,765.056
563.163,1012.712,367.364,811.399,246.692,669.520,446.689,765.129
562.959,1012.580,367.375,811.391,246.134,669.551,446.500,765.147
563.065,1012.736,367.412,811.417,246.225,669.462,446.564,765.155
563.142,1012.644,367.920,811.434,246.582,669.625,447.132,765.595
563.154,1012.632,367.803,811.383,246.316,669.650,447.283,765.548
563.295,1012.995,367.891,811.445,246.103,669.701,446.711,765.190
563.094,1012.741,367.998,811.464,246.163,669.618,446.592,765.189
563.231,1012.898,367.979,811.463,246.567,669.690,446.521,765.183
562.886,1012.571,368.051,811.465,246.505,669.654,446.502,765.037
563.189,1012.827,367.327,811.487,246.558,669.648,446.645,764.864
563.193,1012.908,367.332,811.445,246.136,669.499,446.563,764.665
563.312,1012.936,367.589,811.542,246.116,669.442,446.529,764.709
563.050,1012.705,367.379,811.504,246.186,669.440,445.598,764.173
563.091,1012.799,367.487,811.389,246.178,669.562,445.541,764.380
563.098,1012.878,367.403,811.371,246.872,669.382,445.797,764.502
563.147,1012.735,367.691,811.303,246.770,669.516,446.145,764.751
563.326,1012.834,367.878,811.426,246.717,669.622,446.266,765.016
563.242,1012.918,367.609,811.514,246.684,669.503,446.215,765.437
563.091,1012.691,367.906,811.413,246.625,669.464,445.989,765.295
562.737,1012.518,367.868,811.338,246.575,669.242,446.335,765.229
563.367,1012.951,367.710,811.385,246.119,669.345,445.880,765.468
563.220,1012.858,367.545,811.226,246.134,669.218,445.620,765.861
563.180,1012.839,367.777,811.143,246.272,669.574,445.521,765.939
563.142,1012.560,367.519,811.432,246.368,669.426,445.188,765.540
563.363,1012.626,367.899,811.133,246.172,669.206,445.456,766.249
563.018,1012.681,367.576,811.118,246.129,669.194,445.334,766.064
563.219,1012.628,367.824,811.142,246.198,669.179,445.477,765.945
563.067,1012.625,367.319,811.204,246.126,669.671,445.771,766.535
563.019,1012.613,367.817,811.292,246.160,669.666,446.774,766.884
563.226,1012.965,367.689,811.456,246.152,669.749,445.575,766.346
563.062,1012.807,367.863,811.342,246.175,669.670,445.696,766.408
563.121,1012.840,367.753,811.115,246.085,669.375,445.620,766.796
563.032,1012.681,367.904,811.276,246.066,669.617,445.747,766.383
563.011,1012.745,367.850,811.243,246.166,669.451,445.770,766.366
563.089,1012.945,367.518,811.136,245.954,669.655,446.031,766.618
562.905,1012.635,367.975,811.422,246.106,669.398,446.263,765.995
562.937,1012.685,368.010,811.375,246.220,669.509,445.905,766.117
563.021,1012.876,367.496,811.458,246.771,669.417,445.612,766.111
563.006,1012.732,367.645,811.282,246.236,669.238,445.956,766.550
563.046,1012.789,367.486,811.213,246.234,669.471,445.943,766.452
563.090,1012.689,367.602,811.115,246.563,669.347,445.895,766.564
563.084,1012.672,367.683,811.168,246.411,669.323,446.360,766.107
562.995,1012.826,367.278,811.252,246.629,669.534,445.025,764.810
562.885,1012.694,367.348,811.367,246.706,669.434,445.136,764.685
563.234,1012.842,367.747,811.437,246.736,669.327,445.657,764.762
562.954,1012.683,367.513,811.618,246.711,669.529,445.633,764.715
563.147,1012.764,367.918,811.419,246.628,669.443,445.588,764.806
563.212,1012.631,368.074,811.554,246.489,669.470,445.897,764.851
563.090,1012.800,367.615,811.547,246.406,669.543,446.024,765.137
562.801,1012.743,367.899,811.440,246.537,669.377,445.582,766.218
562.985,1012.809,367.951,811.568,246.472,669.378,445.842,766.484
563.268,1012.855,367.523,811.468,246.454,669.541,445.689,765.879
563.183,1012.810,367.822,811.459,246.338,669.559,446.124,766.319
563.266,1012.764,367.839,811.405,246.199,669.422,445.938,765.747
562.978,1012.760,368.029,811.684,246.236,669.459,445.808,765.599
563.168,1012.807,367.824,811.458,246.535,669.453,445.754,765.448
563.078,1012.631,367.787,811.407,246.517,669.303,445.021,764.176
563.401,1012.849,367.768,811.278,246.291,669.308,445.443,764.054
563.268,1012.735,367.875,811.355,246.310,669.344,445.479,764.243
563.221,1012.872,367.947,811.485,246.143,669.753,446.210,765.301
563.034,1012.735,367.934,811.470,245.987,669.745,446.499,766.109
563.330,1012.765,367.915,811.555,246.263,669.641,446.234,766.438
563.286,1012.900,367.781,811.532,246.060,669.703,445.754,765.944
563.040,1012.668,367.708,811.360,246.257,669.512,446.009,765.841
563.073,1012.719,367.453,811.357,246.185,669.479,445.554,765.832
563.070,1012.723,367.380,811.278,246.261,669.659,445.792,765.723
563.277,1012.746,367.306,811.397,246.619,669.453,445.149,764.276
563.114,1012.833,367.342,811.515,246.505,669.532,445.307,764.166
563.185,1012.706,367.537,811.477,246.297,669.201,445.139,763.931
563.182,1012.835,367.775,811.477,246.172,669.440,444.988,764.043
563.320,1012.718,367.376,811.524,246.347,669.392,445.437,764.210
563.172,1012.629,367.168,811.393,246.360,669.405,445.483,764.214
563.386,1012.971,367.395,811.383,246.627,669.485,446.214,764.481
563.222,1012.859,367.375,811.288,246.492,669.558,447.928,766.255
563.247,1012.855,367.227,811.174,246.052,669.669,446.788,765.812
563.119,1012.669,367.761,811.350,246.166,669.355,446.247,765.319
563.307,1012.870,367.713,811.340,246.299,669.387,446.133,765.470
563.052,1012.660,367.702,811.404,246.669,669.497,446.184,765.339
563.063,1012.558,367.580,811.304,246.773,669.373,446.058,765.403
563.084,1012.748,367.127,811.423,246.583,669.442,445.625,764.901
562.926,1012.706,366.999,811.486,246.304,669.330,445.480,764.990
563.204,1012.826,367.394,811.451,246.143,669.607,445.351,764.771
563.203,1012.750,367.700,811.386,246.544,669.559,445.784,764.584
563.106,1012.824,367.687,811.356,246.544,669.385,445.290,763.777
563.078,1012.748,367.736,811.333,246.529,669.364,445.666,764.204
563.253,1012.847,367.306,811.181,246.184,669.778,445.889,764.122
563.243,1012.919,367.445,811.138,246.525,669.366,445.901,763.979
562.838,1012.690,367.713,811.382,246.312,669.663,446.427,764.328
563.162,1012.951,367.483,811.426,246.356,669.326,447.402,765.314
562.764,1012.579,367.426,811.362,246.350,669.374,447.493,765.481
563.114,1012.852,367.237,811.190,246.822,669.370,447.594,765.321
563.015,1012.661,367.609,811.195,246.831,669.413,445.565,763.240
563.023,1012.685,367.414,811.385,246.387,669.509,446.364,764.190
562.845,1012.610,367.270,811.257,246.351,669.547,446.572,763.211
562.922,1012.516,367.289,811.311,246.553,669.605,446.484,764.246
562.999,1012.612,367.111,811.161,246.378,669.596,446.693,763.125
562.995,1012.740,367.336,811.471,246.537,669.539,446.281,763.446
563.031,1012.759,367.419,811.481,246.657,669.394,445.847,764.392
562.972,1012.792,367.853,811.445,246.432,669.457,445.239,764.405
562.897,1012.703,367.956,811.451,246.156,669.576,445.554,764.126
563.021,1012.589,367.414,811.497,245.973,669.592,445.963,763.876
563.077,1012.797,367.836,811.444,245.969,669.720,446.116,764.182
562.866,1012.610,367.851,811.293,246.304,669.610,445.916,764.045
563.089,1012.662,367.656,811.415,246.325,669.509,446.123,764.815
563.118,1012.621,367.290,811.354,246.196,669.429,446.481,765.299
563.202,1012.714,367.730,811.347,246.727,669.430,447.341,766.353
563.219,1012.730,367.820,811.377,246.080,669.387,447.840,766.990
562.953,1012.563,367.802,811.425,246.449,669.555,447.585,766.399
563.070,1012.632,367.168,811.317,246.418,669.609,447.764,766.826
562.892,1012.569,367.527,811.599,246.183,669.481,447.761,767.544
562.713,1012.501,367.523,811.518,246.112,669.447,447.597,766.338
563.089,1012.880,367.099,811.328,246.266,669.506,445.491,765.211
563.120,1012.733,367.189,811.398,246.189,669.691,447.386,766.467
563.230,1012.767,367.264,811.399,246.117,669.605,446.914,765.989
563.007,1012.777,367.303,811.455,246.081,669.816,446.896,766.121
562.925,1012.694,367.204,811.342,246.095,669.918,447.034,766.117
563.139,1012.884,367.562,811.213,246.710,669.495,447.039,766.393
563.166,1012.771,367.266,811.323,246.069,669.479,447.198,766.047
562.916,1012.681,367.233,811.322,246.678,669.256,447.160,766.385
563.024,1012.670,366.883,811.280,246.651,669.269,447.462,766.912
563.133,1012.880,367.153,811.281,246.709,669.446,447.270,766.491
563.099,1012.825,367.251,811.325,246.635,669.504,448.317,767.695
562.890,1012.620,367.555,811.544,246.810,669.384,448.229,766.848
562.918,1012.721,367.303,811.440,246.803,669.324,448.082,767.630
562.879,1012.903,367.169,811.249,246.495,669.594,447.512,766.242
562.794,1012.688,367.595,811.393,246.629,669.474,448.220,767.517
563.063,1012.806,367.911,811.593,246.443,669.463,448.481,767.033
562.899,1012.529,367.947,811.732,245.911,669.345,448.259,767.031
562.992,1012.734,368.085,811.560,246.118,669.413,448.603,767.381
563.137,1012.855,367.900,811.510,246.167,669.652,448.291,767.762
562.923,1012.646,367.628,811.663,246.264,669.507,448.097,767.702
562.892,1012.557,367.865,811.577,246.585,669.375,447.150,766.409
562.996,1012.593,367.874,811.634,246.359,669.318,448.205,767.733
563.151,1012.809,367.752,811.509,246.459,669.439,448.359,767.575
563.217,1012.818,367.699,811.303,246.432,669.622,448.371,767.285
562.936,1012.652,367.633,811.311,246.205,669.488,448.577,767.740
563.033,1012.642,367.587,811.297,246.646,669.572,448.240,767.332
563.071,1012.640,367.694,811.245,246.247,669.365,448.462,767.570
563.054,1012.654,367.194,811.352,246.442,669.511,448.397,767.641
563.049,1012.732,367.455,811.303,246.100,669.643,448.444,768.265
563.153,1012.716,367.225,811.508,246.298,669.378,448.518,767.570
562.949,1012.629,367.504,811.321,246.257,669.466,448.613,767.366
563.165,1012.933,367.926,811.511,244.407,670.512,448.307,767.341
563.122,1012.779,367.456,811.443,244.365,670.461,448.236,767.104
563.077,1012.747,367.445,811.483,246.331,669.657,448.179,767.680
563.035,1012.776,367.353,811.493,246.167,669.534,449.239,767.913
562.971,1012.698,367.642,811.496,246.662,669.643,448.397,767.453
562.919,1012.638,367.602,811.417,246.258,669.620,448.417,767.715
563.189,1012.841,367.974,811.485,246.324,669.533,449.121,768.424
563.096,1012.728,368.053,811.526,246.258,669.432,449.234,768.313
563.042,1012.764,367.762,811.416,246.736,669.371,448.473,767.556
563.069,1012.930,367.862,811.356,246.292,669.467,449.445,768.426
563.056,1012.745,367.592,811.715,246.131,669.421,448.717,767.375
562.936,1012.542,367.838,811.384,246.637,669.243,449.664,768.316
563.049,1012.597,367.833,811.553,246.621,669.198,448.816,767.824
563.263,1012.501,367.774,811.466,246.586,669.394,448.684,767.833
562.991,1012.578,367.683,811.385,246.572,669.330,448.197,767.657
563.092,1012.725,367.811,811.280,246.349,669.490,448.443,767.353
562.995,1012.610,367.808,811.409,246.608,669.422,448.483,767.463
562.983,1012.664,367.947,811.488,246.344,669.648,449.593,768.556
562.898,1012.547,368.021,811.595,246.807,669.593,448.412,767.600
563.101,1012.616,367.786,811.485,246.336,669.521,449.840,768.997
563.218,1012.673,367.877,811.481,246.315,669.567,449.144,768.762
562.826,1012.501,367.815,811.592,246.230,669.648,448.375,767.972
562.907,1012.680,367.400,811.643,246.254,669.568,448.471,767.843
562.952,1012.620,367.719,811.450,246.187,669.807,448.707,768.214
563.096,1012.738,367.679,811.397,246.649,669.398,449.163,768.424
562.929,1012.590,367.184,811.414,246.643,669.394,449.185,768.223
562.894,1012.570,367.555,811.415,246.231,669.364,448.034,768.149
562.915,1012.387,367.209,811.398,246.199,669.508,448.905,767.808
563.063,1012.752,367.673,811.420,246.410,669.620,448.837,768.038
563.018,1012.653,367.518,811.388,246.610,669.551,448.193,767.909
562.988,1012.777,367.652,811.373,246.393,669.591,448.973,768.246
563.046,1012.653,367.624,811.269,246.815,669.266,448.442,767.841
563.065,1012.588,367.755,811.432,246.693,669.474,449.261,768.465
562.943,1012.499,367.736,811.475,246.708,669.585,449.325,768.414
563.102,1012.778,367.748,811.463,246.652,669.206,449.468,768.770
563.003,1012.684,367.851,811.569,246.305,669.117,448.961,768.353
563.152,1012.816,367.662,811.351,246.558,669.233,448.906,768.175
563.218,1012.777,367.758,811.308,246.614,669.552,449.900,769.220
563.240,1012.795,367.725,811.246,246.554,669.558,449.256,768.582
563.337,1012.851,367.413,811.465,246.776,669.745,448.071,767.814
563.091,1012.643,367.760,811.297,246.837,669.308,448.549,768.065
563.090,1012.766,367.735,811.441,246.394,669.566,448.279,768.605
563.018,1012.804,367.274,811.525,246.343,669.580,448.030,767.947
562.996,1012.705,367.281,811.470,246.176,669.465,447.770,767.459
562.992,1012.895,367.385,811.449,246.226,669.392,448.310,767.874
563.158,1012.754,367.904,811.470,246.636,669.575,447.831,767.832
563.092,1012.825,368.119,811.521,246.538,669.633,448.562,767.795
563.148,1012.848,367.805,811.411,246.194,669.689,449.002,768.320
563.202,1012.644,368.105,811.669,246.115,669.448,448.077,767.607
562.981,1012.655,367.752,811.598,246.165,669.661,449.462,768.537
563.046,1012.770,367.182,811.401,246.083,669.820,448.653,767.961
563.154,1012.976,367.758,811.656,246.105,669.595,448.127,767.504
562.815,1012.536,367.549,811.505,246.582,669.465,448.841,767.978
562.964,1012.510,367.134,811.342,246.238,669.662,448.619,767.926
563.117,1012.570,368.067,811.512,246.304,669.649,448.819,768.051
563.246,1012.742,367.686,811.558,246.337,669.578,448.691,768.230
562.978,1012.558,367.895,811.480,246.374,669.655,448.979,768.082
563.307,1012.787,368.072,811.458,246.384,669.672,449.241,768.317
563.148,1012.692,367.891,811.405,246.320,669.539,449.048,767.787
563.164,1012.733,367.861,811.350,246.578,669.526,448.574,767.768
563.062,1012.643,367.796,811.322,246.328,669.506,449.377,768.587
563.067,1012.684,367.724,811.228,246.723,669.407,449.033,768.347
563.191,1012.631,367.391,811.297,246.545,669.524,448.060,767.809
563.100,1012.789,367.572,811.441,246.545,669.685,448.977,768.031
563.153,1012.742,367.254,811.751,246.493,669.811,448.492,767.894
563.087,1012.626,367.434,811.278,246.302,669.733,449.129,768.266
563.121,1012.672,367.163,811.474,246.412,669.643,448.760,768.367
563.082,1012.863,367.373,811.363,246.515,669.603,448.821,768.360
563.107,1012.780,367.361,811.313,246.469,669.792,448.877,768.515
563.260,1012.836,367.362,811.352,246.295,669.508,448.761,768.290
563.202,1012.977,367.269,811.409,246.323,669.670,448.758,768.420
563.061,1012.603,367.484,811.507,246.509,669.648,449.025,768.396
563.163,1012.704,367.497,811.626,246.641,669.571,448.641,768.418
562.999,1012.714,368.040,811.486,246.357,669.512,448.297,768.311
563.240,1012.800,367.844,811.386,246.302,669.820,448.617,768.489
563.104,1012.816,367.151,811.545,246.351,669.588,448.566,769.184
562.983,1012.686,367.553,811.269,246.213,669.696,448.643,770.481
563.071,1012.673,367.386,811.377,246.286,669.607,448.069,769.027
562.897,1012.562,367.535,811.494,246.223,669.661,448.461,768.721
562.764,1012.352,367.747,811.304,246.200,669.400,448.703,768.857
563.076,1012.736,367.170,811.318,246.194,669.392,448.177,768.839
563.002,1012.546,367.325,811.367,246.119,669.608,449.422,769.658
562.984,1012.608,366.955,811.458,246.162,669.601,448.203,768.488
562.923,1012.713,367.309,811.356,246.230,669.669,448.734,770.227
562.999,1012.457,366.977,811.346,246.246,669.895,449.774,770.701
562.946,1012.697,367.055,811.329,246.247,669.796,448.126,768.970
563.069,1012.741,367.724,811.384,246.194,669.631,448.466,768.582
563.168,1012.815,367.707,811.465,246.558,669.723,448.154,768.684
563.053,1012.596,367.808,811.484,246.581,669.768,448.533,768.900
563.211,1012.778,367.774,811.553,246.807,669.373,448.378,768.993
563.082,1012.741,367.597,811.486,246.605,669.279,447.844,768.554
563.264,1012.992,367.295,811.326,246.670,669.356,449.124,769.493
563.104,1012.819,367.800,811.397,246.681,669.345,448.744,768.930
562.908,1012.648,367.283,811.390,246.611,669.549,449.895,771.207
562.896,1012.522,367.654,811.254,246.711,669.376,448.765,768.794
563.181,1012.710,367.836,811.333,246.383,669.787,449.300,770.089
563.261,1012.702,367.647,811.305,246.544,669.609,449.169,769.460
563.110,1012.746,367.300,811.514,246.777,669.253,448.984,768.807
563.218,1012.811,367.290,811.526,246.686,669.278,447.844,768.405
563.024,1012.860,367.501,811.302,246.525,669.625,449.384,769.593
563.088,1012.821,366.950,811.348,246.596,669.521,448.418,768.969
563.044,1012.952,367.470,811.539,246.138,669.466,448.712,768.656
562.930,1012.610,367.243,811.291,246.128,669.452,449.377,770.564
562.946,1012.564,367.141,811.298,246.105,669.528,449.048,770.420
562.994,1012.676,367.262,811.549,246.274,669.401,448.086,768.491
562.899,1012.826,367.772,811.489,246.308,669.449,448.511,768.729
562.977,1012.822,367.896,811.479,246.385,669.204,447.463,768.648
562.814,1012.804,367.787,811.452,246.197,669.436,448.108,768.317
563.047,1012.730,367.437,811.359,246.527,669.187,448.468,768.269
563.088,1012.817,367.705,811.382,246.160,669.202,448.030,768.878
563.112,1012.685,367.293,811.376,246.317,669.445,449.638,770.181
562.826,1012.737,367.167,811.238,246.291,669.480,448.123,770.283
562.811,1012.587,367.444,811.407,246.164,669.589,448.732,769.599
562.945,1012.645,367.333,811.478,246.051,669.442,449.554,768.954
563.111,1012.895,367.286,811.366,246.174,669.541,448.211,769.218
562.898,1012.856,367.461,811.521,246.176,669.296,449.297,769.603
562.944,1012.723,367.490,811.493,246.278,669.429,449.311,769.872
563.245,1012.840,367.393,811.365,246.422,669.417,448.681,769.161
563.092,1012.811,367.156,811.596,246.602,669.377,449.005,769.769
563.138,1012.724,367.323,811.428,246.612,669.531,448.015,768.426
563.148,1012.819,367.437,811.482,246.748,669.430,448.044,769.025
563.168,1013.026,367.516,811.381,246.671,669.498,448.327,768.987
563.103,1012.909,367.601,811.411,246.628,669.548,448.375,768.897
562.801,1012.735,367.656,811.306,246.704,669.428,448.604,769.104
562.709,1012.670,367.517,811.209,246.639,669.536,448.696,769.211
562.966,1012.715,367.535,811.515,246.508,669.782,448.978,770.561
563.079,1012.869,367.013,811.487,246.192,669.864,448.551,769.646
562.923,1012.633,367.432,811.418,246.019,669.632,448.909,769.818
563.057,1012.743,367.856,811.455,245.888,669.650,449.052,769.268
563.054,1012.822,367.675,811.445,245.877,669.462,447.561,768.531
563.056,1012.625,367.475,811.527,246.522,669.691,448.074,768.432
563.110,1012.748,367.508,811.631,246.386,669.716,448.653,768.254
562.998,1012.591,367.527,811.663,246.073,669.173,449.473,768.996
562.827,1012.552,367.493,811.517,246.088,669.275,449.349,768.734
563.004,1012.604,367.759,811.536,246.260,669.480,448.365,768.543
562.941,1012.520,367.894,811.560,246.376,669.484,448.755,768.784
563.192,1012.735,367.584,811.558,246.070,669.609,448.676,768.877
563.152,1012.878,367.500,811.446,245.976,669.645,448.635,768.918
563.139,1012.819,367.309,811.486,246.336,669.794,448.702,768.521
563.203,1012.795,367.332,811.484,246.514,669.513,448.957,768.837
563.031,1012.748,367.154,811.378,246.488,669.591,448.352,768.573
562.999,1012.798,367.253,811.454,246.495,669.648,448.864,768.793
562.985,1012.727,367.337,811.462,246.625,669.678,449.699,769.416
563.043,1012.904,367.823,811.360,246.382,669.351,448.337,768.597
563.021,1012.810,367.704,811.383,246.545,669.637,448.449,768.309
563.064,1012.706,367.864,811.352,246.602,669.563,448.717,768.467
563.012,1012.704,367.895,811.417,246.557,669.764,448.417,768.599
563.040,1012.632,367.698,811.267,246.123,669.705,448.822,768.717
563.085,1012.829,367.829,811.398,246.453,669.600,448.959,768.790
562.993,1012.816,367.838,811.467,246.482,669.628,449.111,768.808
563.032,1012.673,367.856,811.349,246.333,669.639,448.813,768.327
563.034,1012.684,367.674,811.365,246.270,669.828,448.295,768.321
563.086,1012.839,367.460,811.454,246.392,669.816,448.563,768.761
562.920,1012.620,367.653,811.331,246.564,669.780,449.794,770.056
562.938,1012.604,367.760,811.435,246.459,669.641,449.589,769.562
563.235,1012.788,367.699,811.435,246.532,669.561,448.426,768.230
563.004,1012.671,367.469,811.508,246.626,669.214,448.706,768.605
563.227,1012.824,367.424,811.496,246.696,669.507,448.576,768.348
563.083,1012.849,367.940,811.419,246.219,669.701,448.308,768.466
563.058,1012.919,367.577,811.525,246.258,669.621,448.662,768.466
563.136,1012.833,367.908,811.340,246.177,669.414,449.326,768.470
563.152,1012.778,367.769,811.352,246.113,669.495,448.925,768.269
563.148,1012.941,367.696,811.427,244.871,670.462,449.672,768.991
563.131,1012.744,367.745,811.469,246.108,669.644,449.041,768.749
562.946,1012.774,367.824,811.589,246.362,669.691,448.240,768.995
562.996,1012.806,367.736,811.471,246.217,669.542,448.476,769.047
562.924,1012.657,367.733,811.416,246.569,669.593,448.500,768.252
562.958,1012.687,367.654,811.245,246.318,669.565,449.893,769.320
562.913,1012.692,367.622,811.301,246.263,669.551,449.169,768.733
563.081,1012.725,367.816,811.308,246.521,669.404,449.237,768.596
563.109,1012.743,367.771,811.283,246.578,669.349,449.425,769.012
563.251,1012.719,367.629,811.423,246.632,669.459,448.675,768.400
562.970,1012.621,367.728,811.442,246.572,669.494,449.591,768.777
562.925,1012.588,367.683,811.364,246.343,669.705,449.902,768.906
562.980,1012.687,367.765,811.386,246.325,669.706,449.666,769.758
563.165,1012.839,367.476,811.536,246.242,669.564,449.526,769.280
563.017,1012.661,367.223,811.399,246.541,669.487,448.560,768.632
563.005,1012.811,367.510,811.540,246.631,669.587,448.477,768.567
563.090,1012.724,367.707,811.436,246.397,669.667,448.958,768.404
562.908,1012.506,367.308,811.532,246.063,669.660,449.385,768.416
563.258,1012.983,367.041,811.396,246.388,669.687,449.714,768.552
563.189,1012.942,367.394,811.628,246.530,669.351,449.672,768.109
563.145,1012.913,367.591,811.526,246.711,669.658,449.680,769.580
563.043,1012.832,367.356,811.445,246.767,669.617,448.549,768.697
563.121,1012.722,367.468,811.321,246.292,669.638,448.443,768.469
563.171,1012.791,367.506,811.381,246.683,669.490,449.277,768.810
563.060,1012.704,367.838,811.430,246.535,669.309,448.985,768.854
563.136,1012.696,367.794,811.290,246.554,669.391,448.903,768.572
562.826,1012.795,367.262,811.790,246.470,669.571,449.422,768.446
563.078,1012.818,367.486,811.539,246.469,669.582,449.330,768.423
562.995,1012.712,367.274,811.359,246.620,669.387,448.733,768.663
563.052,1012.488,367.588,811.318,246.098,669.597,448.429,768.697
562.681,1012.540,367.085,811.368,246.275,669.290,449.080,771.051
562.763,1012.497,367.103,811.280,246.343,669.441,448.705,769.505
562.802,1012.666,367.277,811.337,246.432,669.138,448.736,768.728
563.059,1012.724,367.800,811.498,246.652,669.207,448.520,769.186
563.066,1012.760,367.645,811.315,246.482,669.266,448.456,769.321
563.052,1012.904,367.272,811.348,246.587,669.439,448.488,768.694
562.997,1012.873,367.406,811.357,246.652,669.590,448.437,768.741
563.076,1012.733,367.490,811.613,246.570,669.379,448.194,768.855
563.129,1012.815,367.627,811.502,246.703,669.474,448.370,769.244
563.218,1012.829,367.114,811.484,246.616,669.533,448.213,770.646
563.061,1012.840,367.187,811.332,246.672,669.430,448.248,772.726
563.033,1012.886,367.811,811.573,246.595,669.528,448.317,773.344
563.056,1012.872,367.718,811.543,246.544,669.733,448.128,772.808
563.000,1012.920,367.587,811.755,246.345,669.610,448.147,773.058
562.947,1012.880,368.112,811.680,246.117,669.540,448.849,774.329
563.095,1012.924,367.659,811.691,246.388,669.466,448.187,773.426
563.128,1012.980,367.609,811.498,246.393,669.473,448.472,773.463
563.186,1012.788,367.367,811.774,246.476,669.387,448.852,773.832
562.982,1012.749,367.534,811.594,246.436,669.720,449.475,774.501
562.963,1012.824,367.657,811.544,246.221,669.597,449.365,774.181
563.011,1012.714,367.511,811.583,246.254,669.668,448.008,773.042
563.271,1012.917,367.322,811.392,246.248,669.563,448.807,773.893
563.069,1012.707,367.623,811.569,246.612,669.436,447.737,772.914
563.125,1012.775,367.410,811.481,246.607,669.537,447.869,772.866
562.936,1012.836,367.830,811.591,246.461,669.585,447.984,773.791
563.119,1012.878,367.703,811.542,246.498,669.582,448.259,774.109
563.002,1012.655,367.132,811.230,246.180,669.780,448.222,773.505
563.159,1012.820,367.686,811.426,246.117,669.562,448.400,772.878
562.961,1012.714,367.754,811.473,246.037,669.784,448.257,773.787
562.938,1012.638,368.056,811.502,246.526,669.753,448.809,774.086
562.993,1012.773,367.703,811.532,246.584,669.605,448.111,773.573
563.096,1012.747,367.923,811.414,246.582,669.561,447.967,773.277
563.100,1012.619,367.860,811.446,246.471,669.570,448.885,774.311
563.034,1012.753,367.867,811.486,246.239,669.455,448.793,774.545
563.009,1012.709,367.857,811.501,246.783,669.488,448.639,773.700
563.031,1012.692,367.758,811.492,246.187,669.440,448.629,773.553
562.936,1012.631,367.852,811.355,246.699,669.365,451.137,775.595
563.220,1012.822,367.765,811.518,246.249,669.486,448.648,772.682
563.048,1012.676,367.811,811.230,246.446,669.441,448.673,772.729
563.128,1012.817,367.476,811.203,246.358,669.504,451.657,775.048
563.141,1012.794,367.908,811.413,246.083,669.641,451.574,775.287
563.033,1012.662,367.493,811.490,246.199,669.526,451.246,775.029
562.994,1012.736,367.460,811.565,246.302,669.845,452.385,775.410
563.005,1012.851,367.732,811.683,246.411,669.751,449.273,772.693
562.986,1012.559,367.429,811.571,246.532,669.112,452.151,775.049
562.933,1012.468,367.409,811.621,246.437,669.244,449.713,773.230
562.975,1012.587,367.262,811.412,246.318,669.298,449.470,773.025
562.951,1012.555,367.379,811.350,246.240,669.485,449.244,772.815
562.983,1012.580,367.935,811.501,246.648,669.325,451.820,774.543
563.161,1012.632,368.012,811.511,246.725,669.231,451.578,775.238
562.802,1012.607,367.316,811.413,246.596,669.214,452.311,775.126
563.103,1012.670,367.278,811.209,246.664,669.410,452.103,775.014
563.141,1012.758,367.283,811.174,246.554,669.564,451.631,774.475
563.261,1012.953,367.388,811.513,246.419,669.791,451.168,774.859
563.249,1012.858,367.743,811.298,246.521,669.747,450.373,774.930
563.116,1012.561,367.228,811.341,246.430,669.491,450.344,774.808
563.023,1012.614,367.302,811.360,246.466,669.727,451.302,774.849
563.198,1012.922,367.627,811.487,246.412,669.438,452.177,775.324
563.090,1012.821,367.759,811.440,246.479,669.616,452.137,775.383
563.223,1012.827,367.397,811.383,246.330,669.545,452.459,775.343
563.038,1012.758,367.213,811.432,246.272,669.643,452.056,775.339
562.971,1012.728,367.517,811.347,246.689,669.616,451.506,775.195
563.031,1012.737,367.580,811.474,246.528,669.844,451.342,775.119
563.125,1012.812,367.876,811.538,246.051,669.640,452.532,775.893
563.190,1012.985,367.851,811.434,246.102,669.424,452.883,775.672
563.046,1012.743,367.617,811.805,246.066,669.605,451.477,774.659
563.042,1012.842,367.352,811.592,246.415,669.646,451.627,774.735
562.888,1012.604,367.072,811.799,246.034,669.683,450.896,774.686
563.044,1012.659,367.768,811.497,246.103,669.691,451.444,774.545
562.936,1012.579,367.912,811.594,246.152,669.550,451.421,774.172
563.039,1012.902,367.495,811.636,246.037,669.705,451.510,774.005
563.038,1012.623,367.507,811.498,246.048,669.516,452.348,774.318
562.834,1012.660,367.403,811.581,246.584,669.575,451.637,773.244
562.875,1012.605,367.381,811.501,246.678,669.536,451.064,773.122
563.013,1012.792,367.916,811.604,246.117,669.361,451.555,772.854
562.856,1012.597,367.920,811.696,246.111,669.477,451.648,773.308
563.052,1012.665,367.501,811.260,246.042,669.711,448.919,772.985
563.196,1012.855,367.716,811.375,246.284,669.553,448.518,773.626
563.077,1012.953,367.586,811.374,246.121,669.663,447.852,772.918
563.249,1013.020,367.295,811.381,246.611,669.663,448.074,773.375
562.944,1012.900,367.885,811.547,246.285,669.774,448.114,774.014
563.121,1012.808,367.805,811.488,246.241,669.559,447.498,773.656
562.931,1012.677,367.335,811.425,246.318,669.543,447.217,773.156
562.980,1012.603,367.297,811.480,246.160,669.492,447.421,773.031
563.004,1012.628,367.201,811.733,246.294,669.611,446.994,773.551
562.840,1012.578,367.290,811.539,246.717,669.650,446.903,773.561
562.819,1012.521,367.409,811.724,246.733,669.528,446.887,773.450
563.021,1012.663,367.190,811.550,246.678,669.587,447.047,773.512
563.087,1012.736,367.276,811.468,246.076,669.823,447.078,773.458
563.034,1012.814,367.168,811.404,246.482,669.698,446.908,773.486
562.820,1012.606,367.005,811.685,246.401,669.697,446.984,773.434
562.925,1012.728,367.287,811.698,246.581,669.471,447.018,773.440
562.926,1012.616,367.660,811.464,246.089,669.518,446.968,773.592
562.830,1012.535,367.641,811.432,245.975,669.694,446.900,773.512
562.984,1012.817,367.505,811.503,246.194,669.593,446.707,773.237
562.966,1012.725,367.788,811.503,246.474,669.500,447.030,773.445
562.887,1012.707,367.368,811.592,246.110,669.633,447.201,773.516
563.027,1012.635,367.843,811.513,246.187,669.580,447.380,773.109
563.081,1012.762,367.779,811.365,246.403,669.643,447.739,773.369
562.884,1012.646,367.332,811.356,246.476,669.630,447.697,773.182
562.971,1012.608,367.610,811.467,246.358,669.465,447.646,773.189
563.118,1012.647,367.726,811.318,246.449,669.286,447.550,773.024
562.936,1012.775,367.659,811.372,246.572,669.556,447.573,773.054
563.092,1012.930,367.825,811.519,246.404,669.583,447.476,773.005
563.224,1012.957,367.171,811.627,246.695,669.636,447.502,773.326
563.045,1012.838,367.077,811.585,246.661,669.457,447.541,773.157
563.010,1012.692,367.081,811.501,246.564,669.526,447.567,772.940
562.990,1012.588,367.281,811.547,246.681,669.799,447.505,772.931
563.078,1012.729,367.270,811.430,246.749,669.750,447.484,772.975
563.203,1012.881,367.196,811.485,246.627,669.481,447.436,772.776
562.918,1012.623,367.246,811.441,246.427,669.555,447.362,772.672
563.109,1012.940,367.409,811.650,246.302,669.616,447.605,773.260
563.140,1012.995,367.718,811.616,246.205,669.753,447.139,772.916
562.880,1012.786,367.363,811.598,245.851,669.417,447.078,772.531
563.013,1012.809,367.845,811.600,246.066,669.499,447.271,771.711
563.204,1012.967,367.239,811.744,246.541,669.457,446.912,771.449
562.880,1012.501,367.527,811.639,246.549,669.453,446.792,771.324
563.040,1012.676,367.755,811.624,246.366,669.512,446.900,771.477
563.019,1012.744,367.890,811.545,246.336,669.517,447.075,771.347
563.229,1012.810,367.902,811.470,246.293,669.316,447.318,771.311
563.121,1012.901,367.321,811.473,246.134,669.801,447.263,771.331
563.104,1012.962,367.125,811.465,246.191,669.717,447.229,771.296
562.934,1012.688,367.049,811.904,246.468,669.386,446.825,771.920
562.902,1012.671,367.122,811.873,246.517,669.224,447.042,771.997
562.985,1012.692,367.468,811.591,246.041,669.436,446.913,772.197
563.028,1012.816,367.347,811.708,246.019,669.537,447.059,772.077
563.206,1012.716,367.380,811.456,246.186,669.480,447.361,772.207
563.165,1012.843,367.386,811.571,246.312,669.431,446.938,772.190
562.752,1012.522,367.844,811.611,246.425,669.403,447.370,772.333
563.093,1012.654,367.960,811.509,246.667,669.454,447.044,772.197
562.918,1012.761,367.859,811.378,246.389,669.571,447.407,772.515
562.996,1012.874,367.724,811.630,246.345,669.502,447.337,772.491
563.055,1012.794,367.361,811.519,246.826,669.594,447.230,771.997
562.919,1012.709,367.817,811.419,246.133,669.801,447.494,772.612
562.940,1012.751,367.814,811.439,246.511,669.625,447.531,772.082
563.057,1012.763,367.808,811.617,246.238,669.538,447.474,772.076
563.091,1012.875,367.875,811.723,246.252,669.574,447.310,771.975
563.051,1012.596,367.768,811.567,246.232,669.617,447.685,772.116
563.010,1012.679,367.412,811.589,246.368,669.631,447.594,772.044
562.780,1012.688,367.457,811.717,246.425,669.533,447.632,771.850
562.861,1012.698,367.747,811.648,246.370,669.475,447.607,772.056
562.885,1012.653,367.043,811.273,246.281,669.526,447.412,772.032
562.964,1012.662,367.118,811.412,246.251,669.666,447.497,771.950
562.865,1012.602,367.599,811.266,246.308,669.481,447.665,772.129
563.012,1012.847,367.169,811.282,246.271,669.482,447.595,772.207
562.937,1012.741,367.331,811.347,246.247,669.549,447.742,772.156
562.899,1012.578,367.260,811.385,246.530,669.514,447.874,772.282
562.833,1012.600,367.340,811.359,246.574,669.686,447.673,772.166
563.051,1012.690,367.372,811.475,246.216,669.406,447.872,772.304
563.074,1012.892,367.740,811.534,246.059,669.620,447.631,772.359
563.091,1012.792,367.354,811.586,246.346,669.661,447.706,772.379
562.933,1012.736,367.279,811.561,246.238,669.715,447.645,772.238
562.909,1012.691,367.809,811.580,246.253,669.644,447.531,772.347
562.801,1012.539,367.605,811.382,246.260,669.623,447.556,772.303
562.775,1012.427,368.025,811.824,246.551,669.602,447.551,772.418
562.950,1012.689,367.776,811.708,246.513,669.587,447.347,772.197
563.017,1012.619,367.758,811.530,246.510,669.699,447.376,772.176
562.891,1012.510,367.636,811.541,246.399,669.595,447.504,772.283
563.007,1012.641,367.806,811.504,246.323,669.759,447.640,772.550
562.959,1012.608,367.489,811.623,246.577,669.558,447.667,772.145
563.176,1012.811,367.481,811.607,246.573,669.591,447.571,772.067
563.230,1012.763,367.975,811.500,246.464,669.296,447.727,772.605
563.163,1012.842,367.578,811.581,246.443,669.982,447.639,772.637
563.155,1012.558,368.017,811.689,246.287,669.861,447.627,772.555
562.991,1012.558,368.161,811.556,246.475,669.641,447.539,772.409
563.067,1012.650,367.956,811.522,246.379,669.574,447.553,772.676
563.144,1012.785,367.897,811.431,246.636,669.746,447.689,772.744
562.917,1012.476,367.508,811.474,246.341,669.495,447.451,772.295
563.374,1012.972,367.188,811.751,246.333,669.354,447.515,772.219
563.117,1012.846,367.243,811.855,246.488,669.389,447.863,772.633
562.971,1012.593,366.948,811.686,246.393,669.419,447.547,772.125
563.015,1012.762,367.149,811.632,246.574,669.376,447.512,772.014
562.965,1012.607,367.769,811.526,246.680,669.557,447.541,772.193
563.080,1012.782,367.607,811.681,246.108,669.365,447.464,771.954
563.099,1013.001,367.846,811.680,246.146,669.630,447.526,772.469
563.146,1012.846,367.699,811.833,246.396,669.454,447.524,772.312
563.092,1012.686,367.597,811.575,246.418,669.361,447.728,772.233
563.072,1012.795,367.350,811.588,246.327,669.448,447.703,772.188
563.226,1012.866,367.208,811.898,246.326,669.459,447.825,771.919
563.294,1012.969,367.367,811.701,246.388,669.395,447.618,771.979
563.070,1012.733,367.457,811.584,246.641,669.721,447.640,771.873
562.975,1012.689,367.477,811.454,246.766,669.618,447.643,771.782
563.002,1012.687,367.494,811.385,246.649,669.669,447.459,771.684
563.085,1012.785,367.348,811.494,246.693,669.531,447.197,771.794
563.190,1012.854,367.840,811.470,246.599,669.676,447.062,771.865
563.260,1012.891,367.397,811.531,246.273,669.529,446.619,771.310
563.300,1012.827,367.786,811.457,246.119,669.729,446.144,771.290
562.877,1012.544,367.475,811.443,246.547,669.603,447.218,771.213
562.986,1012.613,367.370,811.339,246.476,669.768,447.474,770.864
562.781,1012.487,367.780,811.741,246.165,669.706,446.333,770.683
562.653,1012.398,367.394,811.479,246.134,669.643,447.020,770.603
563.030,1012.711,367.442,811.398,246.495,669.659,445.059,768.252
563.053,1012.740,367.746,811.310,246.254,669.634,447.030,770.893
563.067,1012.903,367.878,811.711,246.500,669.368,447.313,771.603
562.926,1012.842,367.691,811.720,246.198,669.585,447.404,771.317
563.199,1012.939,367.468,811.827,245.942,669.414,446.604,770.719
562.949,1012.682,367.355,811.674,245.944,669.348,447.225,772.199
562.991,1012.705,367.234,811.802,246.133,669.459,446.050,770.325
563.008,1012.729,367.899,811.472,246.042,669.686,447.712,772.144
563.099,1012.725,367.833,811.475,245.952,669.547,447.630,771.776
562.922,1012.780,368.073,811.766,245.997,669.314,447.475,771.781
562.920,1012.843,368.092,811.715,246.034,669.715,447.518,771.868
562.958,1012.781,367.790,811.480,245.918,669.242,447.470,771.545
562.930,1012.728,367.904,811.530,246.327,669.200,447.455,771.957
563.130,1012.802,367.797,811.465,246.154,669.451,447.510,772.063
563.047,1012.745,367.706,811.462,246.131,669.613,447.212,771.722
562.921,1012.570,367.305,811.528,246.327,669.399,447.382,771.758
563.161,1012.840,367.602,811.648,246.152,669.484,447.129,771.170
562.982,1012.827,367.922,811.593,246.479,669.402,446.895,770.672
563.036,1012.612,367.680,811.557,246.254,669.347,447.333,771.022
562.821,1012.653,367.354,811.509,246.208,669.137,447.444,771.144
562.909,1012.653,367.536,811.559,246.455,669.330,445.826,768.902
562.876,1012.681,367.961,811.653,246.179,669.478,445.740,769.026
563.124,1012.532,368.087,811.767,246.199,669.183,445.871,769.343
563.180,1012.672,367.594,811.626,246.515,669.270,445.818,769.049
562.957,1012.616,367.920,811.449,246.418,669.071,445.897,769.218
563.232,1012.690,367.882,811.474,246.221,669.204,445.970,769.415
563.057,1012.488,367.796,811.478,246.159,669.634,447.099,770.901
563.192,1012.803,367.455,811.769,246.326,669.430,445.735,769.379
563.058,1012.711,367.609,811.657,246.399,669.348,445.518,768.967
563.034,1012.746,367.254,811.488,246.193,669.527,445.797,769.313
563.063,1012.695,368.072,811.709,246.718,669.444,447.103,771.137
562.872,1012.559,367.625,811.670,246.347,669.491,446.797,771.251
562.926,1012.643,367.411,811.495,246.322,669.527,446.533,771.104
563.217,1012.870,367.393,811.591,246.906,669.258,446.640,771.228
563.122,1012.689,367.390,811.601,246.686,669.304,446.972,771.277
563.067,1012.739,367.262,811.431,246.312,669.195,446.272,770.071
562.965,1012.641,367.292,811.403,246.375,669.197,448.032,771.697
562.921,1012.777,367.232,811.576,246.203,669.157,447.357,771.144
562.970,1012.770,367.184,811.445,246.315,669.147,447.391,771.231
562.970,1012.667,367.630,811.452,246.731,669.064,447.582,771.209
563.246,1012.864,367.732,811.511,246.574,669.251,447.708,771.019
563.076,1012.722,367.852,811.543,246.197,669.366,447.046,770.535
562.918,1012.663,367.951,811.650,245.977,669.487,447.659,771.255
562.858,1012.526,367.566,811.490,246.651,669.383,447.623,770.734
562.936,1012.727,367.839,811.549,246.505,669.740,447.945,770.778
562.988,1012.815,367.266,811.484,246.545,669.501,447.973,770.987
563.215,1013.038,367.856,811.399,246.086,669.520,447.260,770.149
562.978,1012.759,367.479,811.698,246.082,669.499,446.824,769.751
562.899,1012.694,367.730,811.533,246.132,669.402,447.796,770.918
562.816,1012.647,367.149,811.416,246.223,669.376,447.821,771.073
563.070,1012.846,367.954,811.634,246.354,669.286,448.170,771.641
563.014,1012.628,367.703,811.578,246.096,669.159,447.676,771.115
563.020,1012.677,367.876,811.605,246.690,669.470,447.384,770.586
563.206,1012.898,367.904,811.634,246.641,669.368,447.505,770.088
562.938,1012.716,367.785,811.660,246.664,669.528,447.633,769.688
563.041,1012.785,367.828,811.542,246.530,669.545,446.830,768.889
563.001,1012.762,367.645,811.452,246.249,669.417,446.045,769.352
563.034,1012.914,367.702,811.561,246.247,669.480,446.159,767.884
563.190,1013.010,367.692,811.573,246.236,669.418,444.817,767.648
563.031,1012.693,367.856,811.588,246.067,669.527,445.027,767.587
563.110,1013.037,367.453,811.664,246.164,669.478,444.550,767.916
562.881,1012.804,367.723,811.621,246.145,669.216,444.258,767.060
562.932,1012.733,367.418,811.634,246.247,669.432,444.583,766.770
562.990,1012.762,367.567,811.399,246.812,669.412,445.104,766.522
562.939,1012.623,367.225,811.466,246.752,669.468,445.192,766.256
562.837,1012.461,367.374,811.402,246.622,669.338,445.567,765.669
562.789,1012.616,367.748,811.379,246.561,669.337,444.947,765.094
562.939,1012.732,367.416,811.346,246.737,669.196,444.681,764.952
562.993,1012.916,367.333,811.473,246.691,668.981,444.035,764.482
562.895,1012.667,367.415,811.591,246.695,669.447,444.567,764.288
563.136,1012.886,367.211,811.474,246.765,669.223,444.454,763.891
563.236,1012.912,367.684,811.339,246.544,669.015,444.419,763.575
563.078,1012.793,367.780,811.399,246.692,669.160,445.229,763.008
563.131,1012.825,367.717,811.430,246.501,669.257,445.399,762.590
563.067,1012.757,367.726,811.332,246.517,669.313,445.817,762.856
563.062,1012.713,367.659,811.338,246.626,669.373,445.965,762.672
563.089,1012.819,367.574,811.299,246.292,669.444,445.961,762.741
563.123,1012.882,367.442,811.110,246.685,669.331,445.933,762.620
563.253,1012.863,367.700,811.176,246.183,669.451,446.091,762.932
563.220,1012.913,367.566,811.317,246.294,669.389,446.307,762.448
563.013,1012.754,367.613,811.503,246.658,669.483,446.817,762.241
563.152,1012.841,367.477,811.314,246.496,669.445,447.590,762.677
563.151,1012.890,367.138,811.733,246.117,669.779,448.379,762.637
563.129,1012.918,367.228,811.694,246.117,669.128,448.484,762.217
563.067,1012.788,367.199,811.562,246.158,669.377,449.322,762.160
563.232,1012.903,367.236,811.483,246.046,669.359,449.433,762.130
563.073,1012.740,367.201,811.415,246.174,669.343,449.663,762.095
563.176,1012.746,367.835,811.553,246.164,669.466,450.457,762.425
563.059,1012.753,367.705,811.540,246.441,669.458,450.139,762.689
563.154,1012.896,367.625,811.763,246.349,669.420,450.203,761.930
563.180,1012.688,367.559,811.586,246.266,669.416,449.849,761.679
563.212,1012.834,367.724,811.581,246.243,669.469,449.833,761.380
563.126,1012.701,367.888,811.587,246.374,669.528,450.138,761.298
563.102,1012.736,367.370,811.509,246.328,669.450,450.200,760.913
563.417,1013.025,367.607,811.612,246.245,669.393,450.210,760.598
563.372,1012.869,367.298,811.442,246.612,669.437,450.576,760.668
563.107,1012.935,367.307,811.463,246.613,669.473,451.183,760.705
563.010,1012.720,367.401,811.435,246.331,669.335,451.448,760.723
563.005,1012.707,367.118,811.258,246.350,669.295,451.953,760.733
562.978,1012.631,367.282,811.278,246.506,669.404,452.111,760.754
563.252,1013.000,367.582,811.633,246.600,669.278,452.904,761.479
563.159,1012.898,367.506,811.797,246.829,669.242,453.802,761.976
563.114,1012.913,367.166,811.359,246.616,669.614,454.612,763.499
563.109,1012.850,367.240,811.266,246.670,669.333,455.376,764.841
563.081,1012.787,367.581,811.275,246.684,669.310,455.883,766.007
562.997,1012.859,367.709,811.269,246.590,669.401,456.145,766.604
563.160,1012.944,367.361,811.409,246.609,669.358,455.635,766.716
563.041,1012.930,367.080,811.570,246.689,669.253,455.579,767.296
563.312,1013.150,366.942,811.312,246.537,669.285,455.955,767.866
563.341,1013.114,367.097,811.627,246.619,669.365,456.108,767.605
563.308,1013.099,367.159,811.440,246.864,669.393,457.023,766.731
563.317,1012.907,367.600,811.379,246.388,669.643,456.545,766.496
563.179,1012.811,367.419,811.580,246.661,669.612,456.609,767.141
563.175,1012.915,367.401,811.612,246.410,669.418,456.372,767.548
563.275,1012.961,367.355,811.515,246.404,669.518,456.252,767.415
563.130,1012.990,367.423,811.604,246.282,669.310,455.887,766.963
563.307,1012.987,367.418,811.423,246.119,669.348,455.996,767.236
562.829,1012.842,367.264,811.608,246.263,669.559,455.357,768.329
562.986,1012.759,367.348,811.591,246.254,669.656,454.741,768.597
562.984,1012.837,367.572,811.485,246.454,669.580,454.349,768.139
563.151,1012.824,367.546,811.388,246.633,669.526,454.476,769.134
562.903,1012.693,367.768,811.469,246.403,669.607,454.233,769.618
563.171,1012.857,367.364,811.556,246.239,669.366,454.546,770.540
563.157,1012.873,367.658,811.505,246.248,669.563,455.061,769.782
563.026,1012.874,367.505,811.595,246.657,669.348,454.804,771.517
563.006,1012.878,367.458,811.598,246.243,669.366,454.149,771.118
562.992,1012.889,367.740,811.532,246.082,669.514,454.177,772.165
562.925,1012.893,367.653,811.486,246.213,669.441,453.754,771.744
563.281,1013.019,367.332,811.603,246.280,669.464,454.030,771.690
563.215,1013.035,367.458,811.611,246.254,669.435,454.431,771.976
563.359,1012.883,367.176,811.532,246.746,669.437,454.521,770.779
563.198,1012.831,367.258,811.548,246.674,669.411,454.676,770.889
562.989,1012.817,367.502,811.556,246.296,669.380,455.624,771.985
563.227,1012.859,367.316,811.422,246.337,669.330,454.931,771.538
563.101,1012.596,367.234,811.353,246.259,669.449,454.869,772.362
563.142,1012.934,367.362,811.555,246.685,669.585,454.167,771.598
563.010,1012.749,367.464,811.595,246.519,669.403,454.712,771.871
563.259,1012.814,367.475,811.668,246.478,669.535,454.343,771.131
563.312,1012.673,367.273,811.608,246.362,669.471,455.488,772.034
563.124,1012.783,367.357,811.551,246.170,669.489,456.013,772.621
563.116,1012.686,367.664,811.470,246.283,669.534,456.081,772.382
563.003,1012.680,367.432,811.493,246.357,669.459,456.210,772.714
563.086,1012.734,367.486,811.597,246.369,669.489,455.966,772.755
563.185,1012.729,367.370,811.580,246.766,669.537,456.351,772.923
562.908,1012.503,367.392,811.529,246.622,669.702,454.977,773.124
563.177,1012.775,367.519,811.629,246.191,669.496,454.663,771.973
563.269,1013.072,367.490,811.574,246.367,669.677,455.254,771.943
563.168,1012.687,367.495,811.786,246.227,669.692,454.635,770.203
562.924,1012.781,367.360,811.395,246.179,669.565,455.694,770.843
563.077,1012.995,367.202,811.474,246.255,669.642,455.139,770.307
563.002,1012.645,367.213,811.694,246.366,669.471,456.423,771.428
563.123,1012.855,367.177,811.535,246.339,669.703,456.256,771.129
562.990,1012.554,367.624,811.401,246.229,669.596,455.618,771.100
562.940,1012.557,367.867,811.391,246.636,669.604,455.753,771.239
563.079,1012.634,367.904,811.631,246.884,669.241,456.528,772.713
563.149,1012.691,367.821,811.481,246.738,669.365,456.030,772.522
563.053,1012.855,367.837,811.427,246.315,669.347,456.699,773.455
563.181,1012.938,367.884,811.518,246.259,669.396,456.226,772.896
563.037,1012.621,367.903,811.532,246.226,669.438,456.672,773.083
563.186,1012.629,367.711,811.468,246.263,669.452,456.858,773.211
563.292,1012.790,367.734,811.367,246.239,669.617,457.119,773.410
563.025,1012.696,367.460,811.362,246.126,669.369,456.349,772.970
563.082,1012.557,367.956,811.521,246.247,669.314,456.400,772.608
562.986,1012.699,367.804,811.440,246.535,669.489,456.733,773.808
563.061,1012.700,367.750,811.388,246.489,669.596,456.521,774.573
563.227,1012.891,367.751,811.410,246.668,669.250,456.451,774.301
563.023,1012.878,367.765,811.506,246.450,669.039,455.853,773.813
562.854,1012.698,367.298,811.554,246.173,669.551,455.773,774.091
563.073,1012.997,367.166,811.459,246.682,669.285,454.955,773.467
563.068,1012.798,367.619,811.387,246.313,669.193,455.040,773.807
563.012,1012.561,367.564,811.363,246.425,669.367,455.489,774.744
563.091,1013.041,367.846,811.645,246.645,669.368,456.131,774.867
562.912,1012.739,367.121,811.446,246.095,669.285,455.109,774.186
562.866,1012.694,367.896,811.630,246.136,669.502,454.461,774.152
563.046,1012.574,367.825,811.445,246.189,669.451,454.735,774.113
562.923,1012.537,367.363,811.539,246.224,669.501,456.062,775.429
562.906,1012.475,367.531,811.567,246.328,669.437,455.044,774.612
562.722,1012.580,367.617,811.586,246.388,669.320,454.851,774.557
563.136,1012.910,367.119,811.596,246.132,669.053,454.671,774.455
563.196,1012.780,367.342,811.449,246.105,669.246,455.043,774.493
563.111,1012.851,367.729,811.460,246.495,669.611,456.608,775.805
563.083,1012.613,367.376,811.425,246.594,669.545,456.634,776.091
563.186,1012.761,367.553,811.646,246.345,669.428,456.262,775.728
563.041,1012.791,367.343,811.532,246.162,669.564,455.974,775.435
562.764,1012.563,367.244,811.529,246.643,669.837,455.499,773.905
562.869,1012.681,367.770,811.641,246.444,669.071,455.723,774.248
563.033,1012.522,367.278,811.643,246.720,669.518,455.433,774.459
563.088,1012.815,367.330,811.418,246.665,669.437,455.449,773.936
563.143,1012.731,367.294,811.492,246.557,669.432,456.679,774.767
562.917,1012.835,367.225,811.561,246.733,669.438,457.696,775.320
562.776,1012.723,367.210,811.527,246.694,669.350,458.763,773.849
562.938,1012.708,367.449,811.449,246.711,669.672,457.443,774.086
562.989,1012.653,366.945,811.275,246.571,669.566,457.172,774.350
563.120,1012.779,367.318,811.330,246.710,669.467,456.751,774.231
562.874,1012.513,367.386,811.378,246.747,669.442,456.950,774.358
563.019,1012.820,367.513,811.799,246.728,669.412,456.935,774.262
563.316,1012.840,367.307,811.593,246.715,669.555,457.359,774.108
562.960,1012.700,367.474,811.845,246.234,669.500,456.568,773.457
562.846,1012.681,367.311,811.702,246.316,669.465,456.405,773.792
563.026,1012.771,367.428,811.605,246.192,669.513,456.496,772.020
562.948,1012.683,367.190,811.568,246.022,669.339,456.865,772.355
562.920,1012.666,367.293,811.542,246.228,669.502,457.168,773.225
563.293,1012.726,367.471,811.547,246.267,669.354,457.400,774.184
563.312,1012.826,367.624,811.587,246.248,669.349,456.818,773.242
563.012,1012.582,367.169,811.287,246.274,669.428,457.175,774.051
563.062,1012.666,367.596,811.234,246.064,669.499,457.225,774.158
562.782,1012.554,367.798,811.347,246.353,669.454,458.546,776.311
562.824,1012.469,367.866,811.526,246.304,669.379,457.674,775.858
563.209,1012.799,367.745,811.466,246.549,669.489,458.241,775.095
562.887,1012.543,367.888,811.573,246.664,669.378,458.634,775.320
563.072,1012.700,367.841,811.488,246.362,669.474,458.438,775.012
563.080,1012.697,367.335,811.442,246.488,669.470,458.478,775.122
563.032,1012.939,367.513,811.555,246.551,669.448,458.572,775.065
563.019,1012.765,368.015,811.685,246.203,669.521,458.627,774.950
562.931,1012.770,368.044,811.571,246.158,669.668,458.615,774.868
563.080,1012.568,367.886,811.764,246.204,669.329,458.147,774.493
562.914,1012.471,367.929,811.710,246.161,669.401,458.217,774.338
563.021,1012.611,367.310,811.532,246.183,669.436,457.721,774.136
563.006,1012.483,367.212,811.533,246.224,669.515,457.977,774.300
563.011,1012.790,367.403,811.677,246.187,669.607,457.976,774.562
562.848,1012.458,367.427,811.632,246.762,669.572,458.050,774.624
563.314,1012.961,367.214,811.491,246.627,669.385,458.517,775.768
562.928,1012.633,367.317,811.491,246.540,669.426,458.788,776.124
562.833,1012.610,367.358,811.619,246.341,669.461,458.733,776.288
562.978,1012.521,367.403,811.541,246.234,669.470,458.568,776.328
563.287,1013.035,367.319,811.510,246.413,669.100,458.343,775.645
563.083,1012.706,367.715,811.482,246.338,669.248,458.197,776.038
562.953,1012.794,367.678,811.571,246.345,669.236,458.455,777.663
562.852,1012.665,367.221,811.512,246.163,669.374,457.868,776.851
562.857,1012.829,367.275,811.595,246.403,669.336,458.598,777.998
562.979,1012.720,367.449,811.639,246.584,669.615,458.768,779.399
562.994,1012.706,367.312,811.510,246.538,669.595,459.073,778.796
563.366,1012.858,366.981,811.404,246.726,669.077,458.626,777.567
563.294,1012.862,366.998,811.318,246.841,669.420,457.219,776.181
563.019,1012.853,367.113,811.429,246.517,669.230,456.233,775.604
563.040,1012.825,367.345,811.435,246.748,669.368,455.814,775.833
562.942,1012.816,367.339,811.567,246.753,669.357,456.133,775.752
563.290,1013.016,367.344,811.621,246.228,669.446,456.291,775.563
563.056,1012.783,367.683,811.572,246.210,669.478,455.820,775.479
563.066,1013.093,367.102,811.500,246.542,669.525,456.447,775.134
563.073,1013.114,367.198,811.536,246.257,669.643,456.438,773.152
563.108,1012.904,367.288,811.450,246.740,669.424,456.988,772.912
562.991,1012.926,367.361,811.562,246.623,669.479,456.816,772.555
563.020,1012.918,367.965,811.513,246.598,669.711,457.283,772.903
563.132,1012.824,367.710,811.346,246.657,669.559,457.276,772.002
563.142,1012.860,367.725,811.434,246.615,669.487,457.980,770.801
563.234,1013.100,367.693,811.411,246.459,669.537,458.078,771.280
563.257,1012.915,367.866,811.442,246.692,669.520,458.367,770.370
563.310,1012.949,367.863,811.449,246.525,669.594,458.620,770.476
563.075,1012.740,367.769,811.361,246.519,669.413,458.972,771.019
562.898,1012.734,367.329,811.447,246.467,669.406,459.954,770.710
562.920,1012.640,367.688,811.313,246.083,669.407,460.884,770.482
563.001,1012.810,367.097,811.389,246.705,669.283,461.983,770.490
562.991,1012.917,367.278,811.375,246.279,669.306,462.437,770.500
563.045,1012.800,367.607,811.419,246.433,669.386,462.678,770.994
563.053,1012.904,367.354,811.551,246.577,669.257,463.089,771.252
562.871,1012.693,367.751,811.502,246.173,669.491,462.821,771.531
563.120,1012.782,367.330,811.562,246.182,669.480,463.035,771.740
563.087,1012.804,367.240,811.524,246.351,669.154,462.856,771.856
563.120,1012.724,367.610,811.512,246.220,669.204,462.303,773.124
563.186,1013.047,367.314,811.644,246.301,669.385,462.787,773.742
563.263,1013.091,367.380,811.450,246.247,669.442,463.610,773.943
563.001,1012.810,367.836,811.387,246.345,669.551,463.721,774.805
563.116,1012.896,367.962,811.597,246.412,669.566,463.926,774.880
563.196,1012.963,368.050,811.485,246.169,669.200,464.109,775.030
563.088,1012.931,367.826,811.432,246.450,669.281,464.035,775.036
563.091,1012.946,367.702,811.544,246.346,669.342,464.137,775.221
563.241,1012.850,368.054,811.560,246.516,669.405,464.145,775.880
563.157,1012.961,367.938,811.557,246.306,669.423,463.948,776.888
563.244,1013.026,367.829,811.529,246.404,669.096,463.918,777.044
563.186,1013.029,367.870,811.614,246.367,669.139,463.912,777.712
563.118,1012.982,367.527,811.777,246.674,669.398,463.875,777.957
563.095,1012.930,367.945,811.609,246.834,669.070,464.516,778.726
563.100,1013.044,367.818,811.403,246.167,668.954,465.191,780.027
563.038,1012.750,367.851,811.421,246.318,669.244,465.592,780.861
563.207,1013.107,367.578,811.634,246.373,669.343,465.949,781.168
562.904,1012.803,367.822,811.499,246.640,669.138,466.666,782.145
563.131,1012.980,367.548,811.737,246.332,669.528,466.678,782.330
562.983,1013.061,367.706,811.432,246.429,669.691,466.661,782.726
562.970,1012.879,367.096,811.735,246.390,669.619,467.006,783.889
563.078,1012.900,367.796,811.533,246.235,669.509,467.089,784.401
563.142,1012.967,367.840,811.488,246.341,669.540,467.382,785.366
563.012,1012.849,367.582,811.394,246.609,669.441,466.875,784.964
563.026,1012.871,367.612,811.417,246.322,669.492,466.571,785.828
562.878,1012.815,367.230,811.405,246.617,669.702,466.801,787.042
562.946,1012.653,367.637,811.389,246.639,669.530,466.749,789.415
562.999,1012.938,367.364,811.589,246.474,669.403,466.732,791.660
562.960,1012.821,367.679,811.484,246.404,669.445,466.586,794.467
562.852,1012.752,367.333,811.601,246.244,669.520,466.012,797.228
563.099,1013.004,367.136,811.408,246.060,669.636,466.061,799.468
563.209,1013.073,367.506,811.649,246.117,669.396,466.284,800.713
563.091,1012.773,368.020,811.519,246.138,669.471,466.615,802.973
563.376,1013.128,368.011,811.581,246.170,669.477,467.346,805.661
563.203,1013.141,367.444,811.629,246.182,669.681,468.657,808.180
563.217,1013.040,367.880,811.470,246.302,669.285,469.530,811.211
563.362,1013.167,367.835,811.555,246.280,669.267,471.558,815.253
563.179,1013.072,367.818,811.577,246.390,669.258,470.852,815.057
563.189,1012.952,367.482,811.489,246.298,669.531,472.923,818.335
563.079,1013.054,367.502,811.555,246.282,669.377,473.704,820.177
563.175,1013.101,367.505,811.569,246.277,669.442,474.680,823.147
563.372,1013.006,367.530,811.574,246.258,669.476,474.549,822.643
563.083,1012.783,367.636,811.676,246.199,669.217,473.999,822.625
562.939,1012.795,367.894,811.553,246.186,669.197,473.437,824.142
562.997,1012.900,367.790,811.422,246.078,669.194,473.854,826.120
563.076,1013.004,367.538,811.512,246.493,669.346,474.449,828.404
563.114,1012.995,367.207,811.371,246.424,669.465,474.700,832.351
563.106,1012.914,367.166,811.607,246.618,669.294,472.591,832.310
563.053,1012.945,367.156,811.553,246.565,669.506,470.560,834.774
562.943,1012.905,367.340,811.573,246.786,669.290,469.701,837.610
563.001,1012.821,367.268,811.560,246.756,669.326,469.333,840.837
563.050,1012.832,367.367,811.674,246.569,669.070,466.262,842.848
563.012,1012.931,367.239,811.593,246.549,669.174,466.510,846.192
562.922,1012.699,367.124,811.812,246.671,669.366,466.319,851.295
562.948,1012.830,367.425,811.857,246.784,669.368,466.557,858.152
562.906,1012.895,367.467,811.589,246.674,669.166,465.671,861.128
562.956,1012.814,367.794,811.713,246.728,669.402,464.862,860.704
563.148,1013.178,367.349,811.886,246.344,669.401,467.839,861.259
563.228,1013.023,367.410,811.958,246.513,669.627,467.961,860.087
563.241,1013.115,367.399,812.014,246.560,669.370,468.072,860.360
563.072,1012.858,366.995,811.856,246.586,669.519,468.447,860.189
563.246,1012.908,367.177,811.958,246.795,669.406,468.356,861.159
563.095,1012.830,367.447,811.849,246.678,669.375,466.870,861.994
562.976,1012.844,367.594,811.884,246.757,669.246,464.137,861.934
563.273,1012.989,367.506,812.032,246.871,669.110,464.308,865.147
563.172,1013.023,367.493,811.985,246.632,669.352,461.552,863.682
563.113,1012.853,367.500,811.959,246.584,669.516,460.182,868.241
563.176,1012.903,367.433,811.861,246.796,669.448,456.519,866.328
563.030,1012.913,367.306,811.850,246.314,669.325,454.345,869.976
563.199,1013.044,367.175,811.882,246.152,669.490,454.250,875.295
563.108,1013.116,367.337,812.041,245.992,669.430,455.903,881.463
563.214,1013.095,367.639,811.654,246.206,669.135,456.187,888.302
563.241,1013.349,367.365,811.832,246.275,669.415,455.708,889.522
563.228,1013.233,367.362,811.799,246.324,669.334,455.789,889.479
563.209,1013.110,367.273,811.747,246.510,669.194,456.022,890.743
563.050,1012.972,367.422,811.786,246.236,669.497,456.319,891.395
563.140,1012.991,367.448,811.720,246.354,669.334,456.918,893.150
563.061,1012.770,367.124,811.855,246.872,669.257,457.292,893.871
563.093,1012.744,367.161,811.722,246.274,669.320,457.632,894.610
562.961,1012.894,366.955,812.034,246.202,669.394,458.674,895.894
562.921,1012.871,367.388,811.464,246.098,669.448,458.593,896.116
562.905,1012.759,368.150,811.690,246.380,669.494,458.675,896.339
563.258,1013.130,367.549,811.751,246.327,669.272,457.682,896.138
563.251,1013.142,367.440,811.876,246.617,669.393,456.938,897.953
563.068,1013.017,367.008,811.932,246.576,669.336,457.941,901.798
563.108,1013.055,367.025,811.758,246.564,669.221,456.973,900.888
563.063,1013.099,367.088,812.018,246.714,669.322,456.050,901.424
562.986,1012.837,367.204,811.314,246.550,669.348,454.642,901.194
563.056,1012.830,367.423,811.851,246.481,669.370,453.111,900.354
563.037,1012.904,367.320,811.858,246.697,669.360,451.931,901.179
563.039,1012.986,365.916,806.869,246.744,669.527,450.457,901.257
563.040,1012.898,357.145,786.773,246.902,669.460,449.322,902.295
563.036,1012.939,353.464,766.050,246.885,669.380,448.426,904.032
563.100,1013.052,350.268,754.091,246.811,669.421,447.810,904.787
563.211,1013.196,347.187,750.331,246.776,669.361,446.428,905.498
563.096,1013.083,343.955,746.260,246.674,669.514,444.986,906.688
562.877,1012.840,342.241,743.142,246.595,669.413,444.241,906.943
563.001,1013.058,342.070,742.932,246.625,669.532,443.748,906.632
562.981,1012.903,342.139,742.732,246.717,669.482,442.051,907.239
562.977,1013.022,342.432,742.605,246.458,669.358,441.137,907.648
562.899,1012.892,342.554,742.466,246.634,669.641,440.562,909.092
563.045,1012.883,341.254,741.986,246.638,669.298,440.015,910.873
563.129,1012.942,341.366,741.807,246.592,669.363,440.127,911.100
562.786,1012.762,341.196,741.462,246.759,669.399,439.345,914.356
563.013,1012.945,341.247,741.579,246.776,669.363,439.195,916.315
563.047,1013.057,342.286,741.751,246.811,669.424,438.994,917.805
562.955,1012.974,341.381,741.769,246.169,669.610,438.727,918.536
563.050,1012.893,341.989,741.431,246.840,669.363,438.663,917.898
563.046,1012.973,341.533,741.048,246.315,669.247,438.679,917.827
563.060,1012.983,341.474,740.918,246.310,669.360,439.013,917.917
563.527,1013.187,340.880,740.895,246.354,669.597,439.340,918.256
569.093,1016.657,341.171,740.687,246.301,669.630,439.996,918.652
598.643,1008.051,340.938,740.666,246.379,669.502,440.370,922.616
610.659,1001.281,341.114,740.622,246.445,669.393,440.627,922.059
609.249,1008.130,341.168,740.551,246.421,669.267,440.723,922.512
611.695,1012.102,340.868,740.557,246.081,669.266,440.158,927.635
615.028,1014.563,340.824,740.389,246.580,669.864,440.396,929.771
615.585,1014.237,340.932,740.534,246.194,669.772,440.694,931.807
615.562,1014.152,340.802,740.509,246.114,669.398,440.708,934.471
615.388,1014.192,340.863,740.422,246.164,669.377,441.003,937.516
615.804,1014.304,340.542,740.247,246.283,669.312,441.544,940.151
615.444,1014.174,339.439,739.732,246.526,669.349,441.302,942.070
615.559,1014.274,338.977,737.118,246.326,669.492,440.988,944.359
615.799,1014.300,338.990,734.074,246.364,669.438,440.101,947.044
615.815,1014.420,339.977,732.134,246.356,669.524,439.198,948.827
615.690,1014.465,341.792,731.215,246.776,669.395,438.641,951.656
615.736,1014.422,342.117,731.656,246.707,669.349,438.268,953.659
617.543,1014.942,343.214,731.305,246.838,669.215,436.502,954.698
622.908,1011.078,344.107,731.264,246.983,669.108,435.612,953.578
630.962,1005.210,344.862,731.561,246.721,669.559,435.319,953.808
637.887,1005.255,345.249,731.176,246.653,669.454,435.709,953.761
644.721,1003.796,345.008,730.977,246.450,669.152,435.063,954.680
657.629,1003.408,344.622,731.600,246.306,669.242,434.692,956.783
664.961,1007.614,343.050,732.144,246.357,669.721,432.585,959.938
666.198,1007.525,341.908,732.903,246.366,669.476,431.706,960.695
668.213,1004.331,340.768,733.117,246.373,669.157,430.953,961.746
668.265,1000.190,339.979,733.046,246.753,669.486,430.403,963.115
672.494,997.984,339.976,733.137,246.635,669.565,428.964,964.231
666.136,998.116,339.750,733.325,246.371,669.479,428.328,964.649
664.206,997.923,340.285,732.686,246.756,669.571,427.913,964.725
664.128,997.339,340.484,732.229,246.740,669.497,427.040,965.077
663.368,997.378,340.702,732.045,246.704,669.463,426.311,964.894
660.943,997.624,341.114,732.565,246.870,669.363,426.080,964.663
659.005,998.501,340.677,732.604,246.702,669.257,426.472,964.631
657.147,999.985,340.166,733.998,246.646,669.536,426.770,964.915
657.193,1002.253,340.482,733.039,246.824,669.381,426.164,966.045
657.006,1006.044,340.203,729.769,246.859,669.364,425.139,969.113
656.978,1007.372,340.963,725.395,246.792,669.192,423.618,970.414
654.227,1008.655,339.199,722.183,246.786,669.437,422.169,973.811
653.827,1009.335,338.639,720.980,246.911,669.381,420.719,976.198
655.154,1009.866,339.709,721.199,246.772,669.529,419.027,977.666
655.446,1011.171,340.949,721.907,246.815,669.265,418.137,979.278
658.070,1010.607,343.391,722.985,246.927,669.768,417.158,979.177
659.755,1010.394,345.378,723.502,246.858,669.438,415.625,979.483
657.833,1010.893,346.991,723.394,246.519,669.261,415.915,978.462
656.442,1014.354,348.857,723.863,246.816,669.527,417.024,977.917
655.462,1016.591,349.720,726.383,246.681,669.657,418.661,978.148
653.386,1018.190,350.353,729.371,246.596,669.188,420.407,979.591
651.784,1018.683,350.726,731.656,246.676,669.685,421.191,979.547
650.425,1020.451,350.036,734.128,246.673,669.369,422.534,980.515
648.600,1022.724,349.897,734.913,246.694,669.430,422.770,981.798
645.206,1025.048,349.513,734.821,246.719,669.492,423.088,982.683
643.672,1028.896,349.548,734.245,246.615,669.309,424.176,981.868
642.303,1031.284,350.312,733.769,246.467,669.330,423.241,983.622
640.680,1032.481,350.545,734.161,246.499,669.445,422.329,984.275
638.434,1033.453,350.698,734.650,246.421,669.429,421.698,983.402
637.250,1033.165,350.499,734.738,246.570,669.144,422.329,984.432
636.693,1034.051,350.290,735.169,246.412,669.066,421.653,983.603
635.927,1035.623,350.337,735.137,246.528,669.094,420.885,982.715
634.558,1036.315,350.205,735.354,246.553,669.318,420.957,982.609
632.574,1035.622,350.249,735.262,246.284,669.043,420.470,982.924
633.186,1033.020,350.458,735.069,246.282,669.065,420.271,984.089
633.532,1028.670,350.254,735.474,246.678,669.153,420.886,984.183
633.573,1028.170,350.414,735.487,246.649,669.369,421.406,984.988
632.252,1026.516,350.351,737.127,246.673,669.402,421.018,984.737
631.189,1026.158,350.283,736.554,246.779,669.395,421.098,986.043
630.914,1027.573,350.675,736.281,246.894,669.345,421.235,986.875
631.328,1029.128,351.277,735.842,246.616,669.288,421.527,985.006
630.582,1030.620,351.375,736.587,246.747,669.193,421.661,983.928
627.867,1032.006,351.893,735.666,246.762,669.161,421.157,983.458
624.599,1034.007,351.636,735.225,246.669,669.196,421.228,982.264
621.897,1036.326,351.542,735.408,246.628,669.234,421.090,982.537
618.489,1038.160,351.847,735.071,246.773,669.348,421.150,981.681
615.660,1040.074,352.373,735.017,246.963,669.240,420.948,981.793
612.834,1042.787,353.093,734.876,246.636,669.325,420.930,981.086
609.768,1044.011,353.765,734.912,246.172,669.484,420.700,981.284
608.566,1045.577,354.287,735.582,246.285,669.441,420.601,981.259
608.376,1045.260,355.050,736.848,246.091,669.538,420.655,981.068
608.104,1044.949,355.839,737.670,246.623,669.440,420.576,981.009
606.696,1046.028,356.623,739.951,246.621,669.455,420.477,980.918
604.254,1047.684,357.509,743.143,246.557,669.446,420.652,981.129
600.481,1050.377,357.527,744.453,246.496,669.768,420.540,981.130
594.883,1050.876,357.648,747.188,246.571,669.610,420.649,980.799
589.190,1051.773,357.542,747.551,246.668,669.536,420.572,980.731
584.553,1052.354,357.242,747.750,246.327,669.383,420.571,980.496
580.878,1053.010,356.965,748.140,246.297,669.474,420.626,980.765
580.046,1051.867,356.948,748.073,246.375,669.251,420.533,980.755
579.635,1051.157,356.951,747.936,246.375,669.382,420.547,980.615
578.958,1051.377,356.873,747.903,246.602,669.434,420.642,980.595
574.777,1051.780,356.827,747.801,246.663,669.589,420.528,980.775
568.735,1053.294,356.883,748.035,246.131,669.426,420.692,981.211
562.666,1054.441,356.708,747.452,246.335,669.398,420.671,981.383
565.433,1049.902,356.535,747.151,246.248,669.336,420.561,981.171
573.475,1042.523,355.772,745.638,246.787,669.201,420.455,981.065
578.205,1042.068,355.767,745.790,246.598,669.261,420.425,981.086
577.410,1043.296,355.318,746.116,246.223,669.292,420.348,980.857
574.373,1044.726,355.042,746.185,246.416,669.401,420.279,981.374
569.940,1045.995,354.430,747.592,246.334,669.629,420.161,982.207
563.625,1048.091,354.568,748.393,246.360,669.381,419.984,982.125
558.840,1049.828,354.660,748.748,246.953,669.414,419.825,982.365
556.282,1048.863,354.554,749.085,246.657,669.668,419.275,982.127
554.159,1046.527,354.474,748.726,246.451,669.587,418.680,982.044
551.675,1045.422,354.331,748.328,246.681,669.490,418.625,981.850
551.422,1044.212,354.849,748.086,246.563,669.249,418.630,981.391
553.245,1042.508,354.911,748.180,246.351,669.425,418.873,981.057
554.904,1042.620,354.975,747.863,246.339,669.440,418.778,980.595
558.155,1042.142,355.092,747.734,246.361,669.413,418.546,980.246
563.618,1040.986,354.934,748.242,246.614,669.409,418.427,980.412
567.786,1041.434,355.160,747.098,246.685,669.322,418.363,980.540
573.729,1041.361,355.068,747.336,246.746,669.307,418.359,980.261
577.597,1041.029,355.120,747.277,246.870,669.362,418.118,980.307
581.123,1039.609,355.009,747.841,246.657,669.387,417.853,980.484
584.958,1040.066,354.956,747.829,246.571,669.179,417.362,979.834
588.031,1038.504,355.086,747.621,246.615,669.153,417.126,980.026
589.512,1039.801,354.846,747.915,246.296,669.261,416.052,980.354
591.832,1043.427,355.181,747.917,246.342,669.314,414.122,981.152
594.918,1045.585,355.145,747.657,246.177,669.374,413.679,981.245
596.442,1046.079,354.768,748.184,246.316,669.396,413.192,981.123
596.173,1045.414,354.927,747.997,246.313,669.582,413.627,981.533
595.579,1044.023,354.916,748.357,246.785,669.606,412.974,981.383
594.781,1042.432,355.222,747.947,246.472,669.412,412.184,981.234
595.087,1042.417,355.260,747.845,246.449,669.488,412.387,981.110
596.449,1043.779,355.228,747.835,246.305,669.638,412.627,981.068
597.839,1044.971,355.174,748.265,246.297,669.345,412.261,981.263
597.278,1045.329,355.096,748.470,246.284,669.428,412.745,980.884
595.792,1044.889,355.184,748.389,246.774,669.418,411.385,982.094
594.218,1043.218,355.356,748.453,246.875,669.376,411.567,981.288
594.982,1043.631,355.008,748.292,246.855,669.339,412.113,981.946
594.432,1043.445,355.400,748.641,246.766,669.306,411.535,981.993
594.476,1042.352,355.388,748.299,246.239,669.468,412.230,981.962
593.674,1039.404,355.374,748.107,246.220,669.245,411.315,981.331
594.069,1038.620,355.381,748.282,246.606,669.154,411.843,981.646
592.654,1037.549,355.581,747.774,246.320,669.287,411.643,981.432
591.121,1037.966,355.517,747.738,246.233,669.438,411.715,981.311
591.381,1038.008,355.367,747.385,246.099,669.633,411.688,982.766
589.983,1036.403,355.559,747.976,246.258,669.473,410.830,983.896
588.504,1034.754,355.563,747.330,246.237,669.273,410.995,983.577
590.035,1033.586,355.482,747.689,246.212,669.256,410.906,983.032
591.644,1031.118,355.399,746.868,246.249,669.514,411.110,983.494
593.200,1028.387,355.351,747.197,246.217,669.495,410.807,983.674
593.673,1026.368,355.152,747.512,246.159,669.466,410.597,984.282
592.787,1022.574,355.133,747.417,246.408,669.470,409.929,984.580
591.237,1017.019,355.235,748.142,246.756,669.667,409.779,986.043
589.235,1014.599,355.207,747.323,246.666,669.338,408.584,987.797
583.287,1010.345,355.214,747.069,246.724,669.402,406.591,989.584
581.676,1007.178,355.533,747.466,246.781,669.367,406.671,993.121
579.550,1005.541,355.414,747.601,246.789,669.240,406.835,994.336
576.853,1001.863,355.466,747.097,246.750,669.209,406.169,994.969
572.979,995.305,355.461,747.037,246.374,669.213,406.876,994.185
570.058,988.986,355.331,747.592,246.823,669.232,408.234,990.824
567.538,983.455,355.327,747.590,246.840,669.328,409.424,988.173
560.745,974.665,355.274,747.297,246.890,669.076,409.926,987.539
558.646,971.975,355.543,747.586,246.426,669.293,409.821,987.901
557.055,968.652,355.307,746.673,246.800,669.299,409.877,987.714
554.001,963.725,355.221,747.255,246.760,669.267,409.922,987.495
549.171,955.509,355.126,747.755,246.756,669.355,410.529,985.573
547.263,950.908,355.309,747.562,246.805,669.251,411.059,983.450
547.083,950.651,355.215,747.660,246.742,669.233,410.717,981.280
547.513,951.095,355.241,747.924,246.649,669.291,411.220,978.656
548.818,951.276,355.271,747.500,246.753,669.312,411.283,977.624
548.749,950.887,355.335,747.258,246.382,669.255,410.524,977.834
548.274,950.191,355.325,747.403,246.262,669.324,410.952,979.647
546.917,948.849,355.270,747.278,247.025,669.269,410.895,981.533
546.869,948.690,355.373,747.439,247.040,669.235,411.027,982.521
546.695,948.654,355.255,747.968,246.192,669.344,410.727,984.474
546.561,948.530,355.430,747.489,246.112,669.383,410.488,987.313
546.524,948.382,355.126,747.710,246.475,669.373,409.963,988.873
546.146,947.819,354.990,747.392,246.694,669.335,409.260,989.484
544.941,945.837,355.440,747.928,246.473,669.600,408.475,990.418
543.138,942.136,355.520,747.777,246.517,669.631,408.000,991.324
542.369,939.172,355.235,748.448,246.652,669.776,407.393,991.811
540.645,936.526,355.080,747.338,246.792,669.381,406.809,994.274
540.121,935.092,355.496,748.061,246.909,669.238,405.834,995.705
540.085,933.706,355.182,748.035,246.678,669.511,405.675,995.468
539.828,933.625,355.241,747.841,246.656,669.498,405.991,995.620
540.102,933.828,355.202,747.344,246.670,669.504,406.624,994.591
540.357,933.756,355.209,747.405,246.802,669.393,407.885,993.229
540.269,933.426,355.155,747.984,246.616,669.454,410.150,991.228
540.347,933.187,355.285,747.605,246.532,669.796,410.965,990.535
539.281,932.159,355.436,747.742,246.711,669.450,412.682,991.658
538.862,931.600,355.198,747.658,246.750,669.392,413.773,991.827
538.732,931.329,355.421,747.776,246.709,669.468,415.088,993.993
538.244,930.566,355.334,747.423,246.751,669.558,415.352,995.246
538.221,930.000,355.242,747.270,246.418,669.557,415.582,995.611
537.023,927.490,355.222,747.559,246.310,669.425,416.299,996.638
535.990,925.485,355.273,747.059,246.331,669.471,417.043,997.933
535.334,923.685,355.443,747.255,246.205,669.641,416.770,997.967
535.453,923.123,355.269,747.436,246.175,669.681,416.754,997.891
535.049,922.619,355.345,747.448,246.288,669.277,416.599,997.561
535.258,922.545,355.225,746.983,246.323,669.352,416.263,997.784
535.111,922.150,355.163,747.525,246.535,669.455,416.456,997.188
535.242,921.491,355.305,747.597,246.145,669.676,417.193,996.831
535.224,921.965,355.331,747.443,246.271,669.700,418.199,997.218
535.483,922.465,355.321,747.520,246.406,669.362,418.779,997.111
535.343,922.784,355.478,747.271,246.782,669.419,419.290,995.354
535.231,922.251,355.312,747.497,246.801,669.460,420.190,994.926
535.176,922.262,355.285,747.540,246.609,669.670,420.702,993.414
534.939,922.014,355.217,747.660,246.135,669.528,421.128,991.541
534.921,922.086,355.359,747.426,246.021,669.367,421.594,990.598
535.120,922.025,355.283,747.720,246.170,669.655,421.716,989.820
534.775,922.207,355.281,747.738,246.470,669.629,421.368,989.525
535.261,922.225,355.125,747.396,246.310,669.554,421.430,990.391
535.161,922.052,355.156,747.464,246.316,669.472,422.206,990.483
535.292,922.061,355.259,747.074,246.635,669.512,424.106,990.543
535.169,922.182,355.221,746.839,246.614,669.374,425.996,990.403
534.918,922.515,355.063,747.419,246.620,669.311,427.836,991.364
534.786,922.441,355.089,747.560,246.640,669.453,429.576,992.014
534.851,922.595,355.096,747.914,246.516,669.381,431.335,993.131
535.340,922.117,355.222,747.464,246.523,669.225,432.918,995.367
535.299,922.189,355.155,747.512,246.549,669.099,434.853,996.962
535.478,922.092,355.218,747.561,246.702,669.114,434.839,997.127
535.671,922.096,355.252,747.502,246.688,669.558,434.913,997.315
534.947,922.377,355.331,747.620,246.492,669.123,435.731,997.149
534.834,922.346,355.381,747.337,246.652,669.197,436.551,995.941
534.772,922.553,355.198,747.514,246.665,669.318,437.026,995.295
534.964,922.527,355.187,747.546,246.644,669.381,436.989,995.160
534.632,922.382,355.177,747.564,246.707,669.352,436.596,994.947
534.877,922.429,355.099,747.712,246.304,669.479,436.806,994.377
534.860,922.367,355.445,748.154,246.590,669.115,437.715,993.677
534.820,922.273,355.430,747.800,246.841,669.270,439.400,993.481
534.776,922.354,355.277,747.384,246.678,669.471,439.922,992.684
534.557,922.212,355.242,747.641,246.629,669.785,440.367,992.568
534.539,921.760,355.200,747.416,246.668,669.680,441.233,992.511
534.095,918.549,355.422,747.288,246.645,669.413,442.652,992.104
532.409,914.070,355.347,747.437,246.509,669.394,443.861,991.548
531.101,909.927,355.289,747.535,246.690,669.469,445.087,991.912
529.157,902.312,355.333,747.702,246.711,669.401,445.730,991.909
527.367,895.734,355.228,747.217,246.933,669.230,446.842,992.164
525.018,890.898,355.167,747.506,246.656,669.317,448.862,992.672
523.122,887.167,355.320,747.262,246.695,669.402,451.000,993.288
520.068,884.039,355.142,747.659,246.765,669.464,451.665,993.924
518.445,882.476,355.063,747.964,246.668,669.611,452.915,993.445
517.949,882.266,355.180,747.616,246.562,669.485,453.249,993.722
517.943,881.972,355.183,747.517,246.687,669.218,453.068,994.210
517.804,881.036,355.154,747.751,246.238,669.223,453.508,995.316
517.889,880.674,355.185,747.623,246.336,669.074,454.688,995.820
516.749,880.404,355.263,747.629,246.646,669.353,455.286,995.416
516.472,880.235,355.277,747.744,246.491,669.118,455.327,994.024
516.396,879.847,355.254,747.733,246.894,669.362,455.064,992.370
514.779,877.994,355.180,747.734,246.637,669.430,454.949,991.998
512.488,874.973,355.171,747.823,246.326,669.361,454.092,991.807
511.392,874.014,355.173,747.835,246.433,669.374,456.187,992.000
509.403,870.390,355.206,747.180,246.507,669.390,458.191,992.099
506.876,866.704,355.077,747.111,246.569,669.464,457.759,992.124
503.390,864.003,355.114,747.435,246.559,669.501,456.999,991.784
502.089,861.855,355.138,747.261,246.559,669.486,456.023,990.888
501.332,861.354,355.157,747.459,246.797,669.549,455.838,990.417
502.534,861.600,355.447,747.343,246.806,669.361,454.715,989.638
502.797,861.548,355.311,747.536,246.687,669.320,454.103,989.442
501.375,861.060,355.104,747.219,246.203,669.229,453.239,989.460
501.056,860.921,355.079,747.221,246.355,669.441,453.064,989.523
500.691,860.894,355.201,747.599,246.487,669.283,452.824,991.212
500.802,860.945,355.227,747.662,246.598,669.397,452.955,992.878
500.885,860.934,355.081,747.702,246.736,669.504,454.134,994.743
500.792,860.488,355.154,747.685,246.651,669.484,455.187,995.167
500.973,860.075,355.126,747.478,246.699,669.486,455.878,995.622
501.067,860.232,355.064,747.607,246.537,669.525,455.891,996.216
501.219,860.752,355.047,747.629,246.797,669.653,455.708,995.105
501.513,860.585,355.236,747.328,246.743,669.592,454.744,994.492
501.578,860.564,355.187,747.781,246.665,669.583,453.866,994.222
500.327,860.418,355.238,747.558,246.650,669.776,453.062,994.315
500.123,860.185,355.191,747.567,246.566,669.626,452.606,994.376
499.640,859.925,355.121,747.483,246.590,669.867,453.125,994.889
497.334,858.172,355.107,747.587,246.658,669.650,452.421,994.520
495.099,855.227,355.023,747.693,246.625,669.560,452.291,994.573
492.719,850.825,355.075,747.544,246.566,669.674,451.920,994.583
491.102,843.483,355.113,747.523,246.603,669.348,452.175,994.560
491.984,836.128,355.111,747.811,246.704,669.423,451.951,994.040
492.932,830.655,355.139,747.764,246.660,669.472,452.402,994.597
490.278,825.917,355.176,747.551,246.650,669.444,452.149,994.135
483.921,819.196,355.151,747.600,246.296,669.699,452.023,994.170
478.873,812.095,355.095,747.856,246.707,669.598,451.757,994.663
476.402,805.250,355.121,747.247,246.489,669.662,452.039,994.267
472.720,798.411,355.036,747.755,246.270,669.657,451.679,994.250
469.659,790.915,355.190,747.566,246.599,669.785,452.141,994.842
468.367,778.131,355.132,747.032,246.691,669.272,451.407,994.418
464.776,762.026,355.328,746.780,246.363,669.543,451.230,993.948
459.081,745.207,355.515,746.666,246.825,669.266,451.678,994.399
454.392,731.786,355.376,746.503,246.890,669.348,451.572,994.355
449.837,716.663,355.416,746.791,246.792,669.361,451.988,993.952
443.371,696.348,355.493,746.894,246.816,669.312,452.120,994.017
430.278,677.001,355.506,747.102,246.534,669.430,451.876,993.865
417.771,658.458,355.557,746.910,246.824,669.371,451.952,993.769
411.187,642.564,355.346,746.760,246.865,669.188,452.259,993.660
404.361,632.738,355.249,747.284,246.429,669.238,452.421,993.354
396.019,619.076,355.368,747.527,246.848,668.947,453.494,993.071
388.330,607.954,355.215,747.801,246.616,669.237,453.977,992.759
382.100,598.904,355.246,747.454,246.503,669.172,455.369,992.483
375.404,588.452,355.203,747.341,246.683,669.254,457.170,993.348
369.226,582.845,355.200,747.218,246.663,669.401,457.698,993.080
363.832,579.733,355.238,747.617,246.574,669.621,458.124,992.418
361.800,578.909,355.245,747.635,246.600,669.630,458.204,992.346
361.511,579.031,355.147,747.507,246.817,669.424,458.313,992.178
361.994,579.122,355.166,747.551,246.763,668.967,458.151,991.987
361.994,579.021,355.166,747.676,246.830,669.172,457.667,991.858
360.275,578.661,355.303,747.871,246.822,669.200,457.615,991.722
358.772,577.854,355.201,747.509,246.859,669.286,456.824,991.279
357.172,577.479,355.212,748.092,246.675,669.320,456.153,991.088
355.292,578.851,355.342,747.892,246.817,669.189,456.653,990.718
353.234,580.484,355.189,747.822,247.003,669.138,455.765,990.755
350.242,580.754,355.353,747.962,246.950,669.123,456.024,990.985
347.535,580.266,355.179,747.466,246.721,669.251,455.542,990.884
345.359,579.409,355.155,747.781,246.662,669.306,455.826,990.583
342.652,578.358,355.207,747.656,246.678,669.245,455.393,991.093
339.565,578.179,355.130,747.540,246.732,669.192,455.743,990.894
339.031,579.051,355.309,747.655,246.711,669.229,455.696,990.647
339.330,579.353,355.302,747.216,246.602,669.258,454.845,990.856
339.951,581.014,355.146,747.447,246.618,669.286,455.524,990.994
339.580,580.224,355.167,747.360,246.662,669.264,455.023,990.729
340.419,581.342,355.063,747.283,246.387,669.178,455.352,991.118
340.188,584.520,355.220,747.189,246.716,668.944,454.870,991.100
339.977,585.946,355.011,747.415,246.493,669.133,455.302,991.220
338.868,586.399,355.021,747.217,246.675,669.280,455.367,990.962
335.628,587.230,355.142,747.180,246.585,669.291,455.348,990.807
333.088,588.745,355.251,746.958,246.521,669.134,454.711,991.026
333.080,589.007,355.176,746.990,246.710,668.973,455.453,990.907
332.904,589.445,355.086,747.042,246.521,669.465,455.602,990.802
332.291,590.974,355.210,747.089,246.594,669.352,455.090,990.886
334.980,588.743,355.099,747.164,246.403,669.794,455.522,990.931
335.578,587.576,355.156,746.755,236.157,678.965,455.689,990.926
333.332,588.813,355.146,747.018,221.704,693.156,455.591,990.753
331.549,589.284,355.163,747.069,220.236,696.376,455.509,990.890
330.938,589.969,355.094,747.411,214.901,697.368,455.626,990.867
328.351,591.183,355.042,747.317,214.115,699.275,456.158,991.029
326.520,592.193,355.139,747.252,214.563,699.522,456.122,991.083
326.451,593.454,355.190,747.001,213.657,700.463,457.053,991.537
325.688,594.050,355.196,747.071,213.862,700.526,457.478,991.622
322.854,595.696,355.188,747.203,213.471,700.413,457.131,991.573
319.128,596.020,355.250,747.238,213.758,700.619,457.076,991.482
315.022,597.107,355.226,747.247,213.818,700.716,457.383,991.333
312.512,597.336,355.271,747.511,213.608,700.698,457.413,991.664
310.070,598.225,355.258,747.265,214.365,700.512,458.073,992.080
309.716,599.439,355.257,747.588,213.868,700.578,457.446,991.936
309.411,601.398,355.102,747.229,213.524,700.876,457.193,991.884
307.144,602.020,355.239,747.172,213.839,700.867,457.442,992.091
303.574,601.578,355.068,746.618,213.781,700.745,457.735,992.158
300.813,601.858,355.017,747.171,213.657,701.045,457.464,992.206
297.856,602.277,355.006,747.255,213.615,701.129,457.658,992.211
296.234,602.806,355.010,747.191,213.931,700.754,457.249,992.663
295.081,602.699,354.963,747.056,213.720,700.791,457.350,992.600
294.762,604.722,355.020,747.140,214.811,700.671,457.018,992.690
293.420,606.388,354.936,746.905,214.792,700.540,457.285,992.801
293.369,608.074,355.040,746.953,215.396,700.472,457.198,992.748
292.772,607.676,355.070,746.914,213.728,701.006,457.502,992.794
292.930,608.901,354.984,747.077,213.562,701.033,457.530,992.830
291.861,608.898,354.928,747.080,213.645,701.124,457.555,992.843
289.307,609.715,354.995,747.349,213.663,701.088,457.399,992.806
288.675,610.178,355.009,747.165,213.727,701.103,457.527,992.886
nan,nan,nan,nan,nan,nan,nan,nan
nan,nan,nan,nan,nan,nan,nan,nan
